0.396 0.4 0.378 0.37 0.396 0.385 0.385 0.364
0.409 0.411 0.404 0.404 0.409 0.38 0.379 0.365
0.41 0.417 0.385 0.391 0.4 0.39 0.39 0.349
0.409 0.419 0.39 0.392 0.408 0.382 0.382 0.341
0.381 0.394 0.36 0.35 0.363 0.345 0.345 0.325
0.397 0.409 0.381 0.38 0.397 0.377 0.377 0.339
0.399 0.402 0.379 0.378 0.389 0.409 0.409 0.345
0.386 0.433 0.376 0.373 0.387 0.357 0.357 0.309
0.376 0.391 0.365 0.371 0.376 0.395 0.395 0.362
0.439 0.434 0.415 0.417 0.431 0.395 0.395 0.353
0.379 0.401 0.364 0.364 0.382 0.385 0.386 0.333
0.416 0.397 0.388 0.388 0.412 0.373 0.373 0.346
0.405 0.413 0.391 0.382 0.401 0.361 0.361 0.333
0.427 0.437 0.407 0.406 0.428 0.397 0.397 0.346
0.364 0.343 0.341 0.345 0.347 0.38 0.38 0.331
0.41 0.419 0.391 0.386 0.411 0.378 0.378 0.328
0.406 0.409 0.379 0.381 0.389 0.362 0.362 0.318
0.395 0.41 0.377 0.378 0.395 0.356 0.356 0.337
0.419 0.421 0.409 0.409 0.419 0.379 0.379 0.342
0.372 0.378 0.365 0.361 0.371 0.368 0.368 0.34
0.357 0.402 0.332 0.341 0.358 0.378 0.378 0.327
0.384 0.382 0.365 0.355 0.374 0.379 0.379 0.315
0.42 0.413 0.408 0.399 0.412 0.396 0.391 0.348
0.374 0.386 0.364 0.362 0.374 0.371 0.371 0.313
0.393 0.426 0.386 0.384 0.392 0.348 0.348 0.331
0.396 0.414 0.384 0.39 0.396 0.398 0.398 0.371
0.381 0.399 0.368 0.37 0.38 0.374 0.374 0.326
0.398 0.406 0.388 0.388 0.401 0.384 0.383 0.365
0.429 0.444 0.408 0.41 0.42 0.395 0.395 0.355
0.381 0.404 0.366 0.375 0.382 0.369 0.369 0.322
0.392 0.416 0.36 0.362 0.374 0.351 0.351 0.301
0.415 0.41 0.4 0.394 0.414 0.393 0.393 0.345
0.402 0.402 0.384 0.373 0.391 0.368 0.368 0.328
0.423 0.437 0.417 0.414 0.423 0.389 0.389 0.339
0.382 0.38 0.356 0.359 0.382 0.376 0.376 0.343
0.385 0.411 0.369 0.369 0.385 0.366 0.366 0.315
0.398 0.41 0.385 0.383 0.397 0.356 0.356 0.317
0.404 0.413 0.398 0.397 0.405 0.412 0.412 0.36
0.4 0.402 0.39 0.389 0.399 0.38 0.38 0.339
0.421 0.414 0.412 0.411 0.421 0.372 0.372 0.362
0.409 0.411 0.409 0.402 0.408 0.379 0.379 0.361
0.412 0.415 0.389 0.391 0.409 0.389 0.389 0.346
0.426 0.413 0.416 0.415 0.422 0.378 0.377 0.346
0.354 0.378 0.34 0.333 0.355 0.363 0.363 0.319
0.385 0.379 0.364 0.361 0.378 0.362 0.362 0.333
0.364 0.386 0.358 0.351 0.363 0.337 0.337 0.305
0.438 0.435 0.419 0.417 0.437 0.348 0.348 0.323
0.362 0.401 0.351 0.351 0.361 0.385 0.385 0.343
0.393 0.409 0.382 0.382 0.397 0.373 0.373 0.344
0.414 0.415 0.39 0.395 0.41 0.391 0.391 0.345
0.406 0.402 0.384 0.382 0.391 0.394 0.394 0.348
0.391 0.403 0.39 0.391 0.392 0.38 0.38 0.337
0.413 0.425 0.387 0.384 0.402 0.377 0.377 0.35
0.403 0.408 0.38 0.385 0.394 0.345 0.345 0.321
0.412 0.414 0.402 0.401 0.413 0.39 0.39 0.357
0.399 0.403 0.39 0.393 0.401 0.421 0.421 0.38
0.411 0.442 0.401 0.401 0.41 0.387 0.387 0.365
0.409 0.415 0.394 0.396 0.407 0.381 0.381 0.326
0.401 0.412 0.377 0.378 0.389 0.361 0.361 0.334
0.379 0.404 0.368 0.369 0.378 0.371 0.371 0.328
0.411 0.42 0.393 0.395 0.41 0.368 0.368 0.314
0.367 0.376 0.362 0.362 0.367 0.378 0.375 0.329
0.386 0.4 0.366 0.367 0.383 0.38 0.38 0.319
0.409 0.422 0.394 0.391 0.396 0.342 0.342 0.31
0.42 0.429 0.402 0.402 0.42 0.403 0.403 0.365
0.372 0.406 0.349 0.356 0.374 0.374 0.374 0.327
0.425 0.421 0.42 0.417 0.424 0.387 0.387 0.344
0.39 0.407 0.378 0.375 0.39 0.371 0.371 0.349
0.414 0.441 0.393 0.395 0.406 0.402 0.402 0.378
0.367 0.395 0.35 0.362 0.378 0.386 0.386 0.344
0.409 0.398 0.395 0.39 0.41 0.416 0.416 0.355
0.391 0.401 0.382 0.384 0.39 0.386 0.386 0.346
0.432 0.476 0.423 0.412 0.433 0.388 0.388 0.378
0.395 0.383 0.363 0.371 0.385 0.386 0.386 0.345
0.377 0.396 0.366 0.365 0.381 0.375 0.375 0.337
0.449 0.451 0.429 0.429 0.443 0.361 0.361 0.311
0.374 0.372 0.366 0.365 0.375 0.389 0.389 0.346
0.415 0.429 0.398 0.396 0.413 0.405 0.405 0.373
0.406 0.411 0.371 0.372 0.395 0.343 0.343 0.329
0.373 0.39 0.358 0.363 0.375 0.337 0.335 0.295
0.369 0.393 0.359 0.366 0.371 0.373 0.373 0.336
0.436 0.421 0.421 0.419 0.435 0.382 0.382 0.332
0.406 0.397 0.397 0.401 0.405 0.371 0.372 0.332
0.402 0.386 0.383 0.387 0.395 0.38 0.379 0.341
0.403 0.416 0.395 0.391 0.405 0.379 0.379 0.343
0.36 0.36 0.353 0.342 0.361 0.36 0.36 0.317
0.38 0.397 0.366 0.37 0.38 0.378 0.378 0.334
0.399 0.4 0.387 0.388 0.399 0.358 0.358 0.321
0.394 0.413 0.366 0.371 0.382 0.359 0.359 0.316
0.387 0.377 0.373 0.369 0.387 0.37 0.37 0.317
0.373 0.384 0.363 0.363 0.373 0.383 0.383 0.328
0.386 0.404 0.376 0.371 0.386 0.39 0.39 0.334
0.417 0.418 0.405 0.413 0.421 0.384 0.384 0.353
0.398 0.386 0.371 0.374 0.386 0.403 0.403 0.34
0.401 0.417 0.381 0.381 0.402 0.397 0.397 0.365
0.399 0.411 0.384 0.383 0.399 0.406 0.406 0.349
0.411 0.431 0.391 0.406 0.411 0.373 0.373 0.345
0.408 0.416 0.39 0.385 0.403 0.371 0.371 0.347
0.403 0.431 0.393 0.391 0.4 0.36 0.361 0.346
0.409 0.401 0.39 0.389 0.396 0.383 0.383 0.322
0.401 0.414 0.397 0.389 0.4 0.399 0.399 0.357
0.396 0.408 0.391 0.379 0.396 0.391 0.391 0.326
0.37 0.405 0.357 0.351 0.37 0.393 0.393 0.344
0.366 0.374 0.359 0.354 0.366 0.368 0.367 0.338
0.383 0.407 0.374 0.376 0.383 0.364 0.363 0.337
0.371 0.386 0.352 0.359 0.371 0.368 0.368 0.335
0.381 0.399 0.373 0.371 0.382 0.364 0.364 0.336
0.399 0.418 0.39 0.395 0.396 0.367 0.367 0.324
0.399 0.401 0.386 0.38 0.4 0.39 0.39 0.364
0.407 0.432 0.383 0.393 0.405 0.379 0.379 0.335
0.373 0.391 0.362 0.359 0.374 0.35 0.35 0.3
0.404 0.415 0.386 0.38 0.406 0.383 0.383 0.352
0.378 0.387 0.368 0.373 0.386 0.381 0.381 0.331
0.435 0.453 0.421 0.42 0.435 0.373 0.373 0.311
0.372 0.385 0.354 0.36 0.371 0.382 0.383 0.318
0.398 0.375 0.368 0.369 0.383 0.372 0.372 0.321
0.403 0.428 0.391 0.393 0.4 0.398 0.398 0.367
0.39 0.405 0.375 0.372 0.392 0.374 0.374 0.331
0.4 0.414 0.375 0.373 0.39 0.381 0.381 0.345
0.392 0.369 0.379 0.373 0.382 0.359 0.359 0.327
0.388 0.422 0.387 0.383 0.399 0.422 0.422 0.378
0.385 0.382 0.349 0.356 0.371 0.388 0.388 0.341
0.373 0.41 0.358 0.359 0.373 0.358 0.358 0.32
0.397 0.421 0.38 0.373 0.391 0.395 0.395 0.355
0.368 0.381 0.348 0.346 0.368 0.367 0.367 0.335
0.396 0.426 0.383 0.38 0.396 0.366 0.366 0.322
0.377 0.38 0.364 0.371 0.377 0.376 0.376 0.328
0.418 0.403 0.382 0.385 0.401 0.385 0.385 0.328
0.387 0.414 0.376 0.38 0.386 0.387 0.387 0.367
0.397 0.384 0.387 0.385 0.397 0.347 0.347 0.313
0.373 0.401 0.362 0.363 0.376 0.402 0.402 0.338
0.408 0.419 0.387 0.398 0.41 0.404 0.404 0.356
0.427 0.441 0.411 0.417 0.423 0.398 0.396 0.358
0.385 0.397 0.373 0.37 0.386 0.35 0.35 0.333
0.376 0.392 0.361 0.367 0.378 0.374 0.375 0.338
0.409 0.407 0.391 0.4 0.412 0.37 0.37 0.35
0.419 0.426 0.397 0.4 0.408 0.396 0.396 0.361
0.407 0.426 0.395 0.384 0.408 0.413 0.414 0.357
0.393 0.4 0.387 0.38 0.397 0.37 0.37 0.336
0.375 0.391 0.37 0.362 0.375 0.369 0.369 0.333
0.384 0.397 0.366 0.375 0.378 0.357 0.357 0.337
0.376 0.402 0.367 0.365 0.376 0.341 0.341 0.299
0.376 0.362 0.373 0.359 0.378 0.367 0.367 0.34
0.425 0.432 0.41 0.405 0.427 0.409 0.409 0.364
0.38 0.409 0.353 0.357 0.381 0.384 0.384 0.349
0.386 0.396 0.379 0.378 0.385 0.358 0.358 0.332
0.388 0.41 0.374 0.374 0.389 0.402 0.402 0.336
0.387 0.392 0.381 0.378 0.386 0.387 0.387 0.356
0.394 0.414 0.385 0.378 0.394 0.4 0.4 0.356
0.393 0.379 0.362 0.366 0.377 0.355 0.352 0.314
0.379 0.383 0.36 0.366 0.38 0.367 0.367 0.308
0.421 0.443 0.409 0.406 0.421 0.42 0.42 0.373
0.375 0.383 0.371 0.369 0.375 0.385 0.385 0.352
0.388 0.4 0.373 0.368 0.381 0.384 0.384 0.341
0.374 0.396 0.363 0.372 0.374 0.367 0.367 0.332
0.359 0.366 0.344 0.354 0.353 0.395 0.394 0.349
0.339 0.344 0.323 0.319 0.329 0.35 0.35 0.289
0.406 0.41 0.402 0.399 0.405 0.401 0.401 0.359
0.417 0.395 0.384 0.392 0.405 0.399 0.401 0.354
0.406 0.408 0.388 0.39 0.405 0.366 0.366 0.343
0.401 0.402 0.39 0.401 0.394 0.367 0.367 0.32
0.392 0.402 0.372 0.383 0.392 0.372 0.372 0.327
0.42 0.418 0.407 0.414 0.42 0.393 0.393 0.341
0.381 0.401 0.369 0.373 0.37 0.36 0.36 0.315
0.382 0.409 0.353 0.353 0.373 0.376 0.376 0.331
0.413 0.42 0.405 0.408 0.413 0.402 0.402 0.364
0.38 0.408 0.349 0.361 0.382 0.391 0.391 0.363
0.398 0.421 0.381 0.381 0.398 0.368 0.368 0.314
0.445 0.402 0.43 0.423 0.436 0.375 0.375 0.343
0.388 0.401 0.366 0.38 0.388 0.386 0.389 0.333
0.426 0.443 0.409 0.414 0.427 0.417 0.417 0.368
0.415 0.414 0.395 0.388 0.415 0.393 0.393 0.371
0.389 0.406 0.379 0.369 0.388 0.355 0.355 0.323
0.359 0.368 0.346 0.343 0.36 0.378 0.378 0.334
0.386 0.397 0.376 0.377 0.387 0.392 0.392 0.368
0.396 0.409 0.374 0.381 0.397 0.389 0.389 0.348
0.392 0.404 0.382 0.382 0.392 0.362 0.363 0.329
0.421 0.415 0.397 0.386 0.416 0.394 0.394 0.353
0.411 0.419 0.403 0.397 0.412 0.396 0.396 0.356
0.384 0.394 0.372 0.369 0.383 0.38 0.382 0.343
0.385 0.405 0.366 0.366 0.384 0.386 0.386 0.357
0.388 0.391 0.374 0.378 0.387 0.37 0.37 0.315
0.396 0.39 0.385 0.379 0.396 0.384 0.384 0.332
0.377 0.388 0.365 0.357 0.369 0.371 0.371 0.335
0.407 0.413 0.402 0.396 0.419 0.375 0.375 0.35
0.414 0.421 0.402 0.406 0.414 0.383 0.383 0.33
0.369 0.381 0.357 0.36 0.371 0.396 0.396 0.33
0.41 0.411 0.388 0.392 0.41 0.397 0.397 0.353
0.415 0.427 0.389 0.39 0.405 0.349 0.349 0.323
0.397 0.417 0.382 0.389 0.397 0.408 0.408 0.355
0.396 0.397 0.378 0.378 0.395 0.358 0.358 0.33
0.399 0.381 0.382 0.386 0.392 0.38 0.38 0.326
0.414 0.414 0.409 0.398 0.418 0.399 0.399 0.348
0.394 0.415 0.36 0.368 0.38 0.361 0.361 0.321
0.407 0.404 0.39 0.394 0.406 0.394 0.394 0.351
0.396 0.394 0.376 0.381 0.388 0.377 0.377 0.334
0.392 0.397 0.387 0.381 0.392 0.361 0.359 0.326
0.366 0.363 0.353 0.354 0.365 0.374 0.374 0.335
0.373 0.398 0.354 0.365 0.371 0.361 0.361 0.307
0.405 0.397 0.379 0.382 0.394 0.391 0.391 0.336
0.386 0.392 0.374 0.365 0.386 0.379 0.379 0.323
0.397 0.391 0.382 0.38 0.397 0.382 0.382 0.351
0.418 0.433 0.395 0.402 0.421 0.385 0.385 0.382
0.398 0.408 0.382 0.389 0.397 0.367 0.367 0.321
0.399 0.435 0.379 0.388 0.401 0.395 0.395 0.358
0.372 0.393 0.36 0.352 0.372 0.379 0.379 0.36
0.378 0.375 0.348 0.354 0.373 0.376 0.376 0.341
0.401 0.417 0.398 0.39 0.401 0.371 0.371 0.335
0.376 0.415 0.362 0.365 0.377 0.365 0.366 0.334
0.41 0.427 0.398 0.402 0.41 0.364 0.364 0.332
0.361 0.364 0.353 0.349 0.363 0.369 0.369 0.325
0.395 0.393 0.375 0.377 0.386 0.394 0.394 0.355
0.352 0.39 0.354 0.347 0.352 0.38 0.38 0.321
0.4 0.418 0.385 0.39 0.401 0.351 0.352 0.321
0.364 0.384 0.35 0.35 0.372 0.39 0.39 0.358
0.4 0.39 0.38 0.392 0.4 0.39 0.39 0.324
0.405 0.424 0.387 0.384 0.398 0.391 0.391 0.357
0.396 0.403 0.374 0.368 0.388 0.404 0.404 0.347
0.414 0.437 0.391 0.4 0.414 0.395 0.394 0.364
0.373 0.386 0.362 0.357 0.373 0.353 0.353 0.321
0.387 0.416 0.365 0.37 0.388 0.346 0.346 0.313
0.389 0.39 0.377 0.374 0.389 0.406 0.406 0.36
0.386 0.396 0.376 0.366 0.385 0.382 0.383 0.355
0.416 0.436 0.419 0.416 0.43 0.379 0.379 0.349
0.376 0.403 0.35 0.354 0.367 0.362 0.362 0.346
0.406 0.402 0.38 0.383 0.392 0.371 0.371 0.341
0.412 0.406 0.393 0.393 0.411 0.366 0.366 0.322
0.373 0.389 0.364 0.367 0.374 0.369 0.369 0.316
0.385 0.397 0.376 0.37 0.385 0.368 0.368 0.324
0.382 0.384 0.364 0.366 0.373 0.369 0.369 0.345
0.369 0.4 0.365 0.362 0.374 0.365 0.365 0.316
0.41 0.383 0.387 0.384 0.401 0.36 0.36 0.324
0.384 0.39 0.372 0.371 0.382 0.37 0.368 0.337
0.395 0.414 0.373 0.371 0.385 0.383 0.383 0.344
0.385 0.39 0.369 0.381 0.386 0.387 0.387 0.348
0.372 0.369 0.357 0.359 0.375 0.358 0.358 0.291
0.396 0.416 0.369 0.361 0.387 0.37 0.37 0.336
0.408 0.404 0.396 0.399 0.408 0.365 0.365 0.309
0.403 0.404 0.395 0.389 0.404 0.374 0.374 0.34
0.393 0.412 0.378 0.384 0.393 0.388 0.388 0.359
0.397 0.419 0.359 0.365 0.386 0.374 0.374 0.323
0.409 0.427 0.401 0.401 0.408 0.4 0.4 0.377
0.412 0.4 0.389 0.389 0.411 0.347 0.346 0.322
0.392 0.398 0.37 0.376 0.391 0.354 0.353 0.32
0.383 0.39 0.378 0.376 0.383 0.376 0.376 0.346
0.387 0.406 0.37 0.38 0.386 0.395 0.395 0.341
0.416 0.424 0.404 0.408 0.421 0.381 0.381 0.346
0.44 0.435 0.411 0.406 0.429 0.368 0.368 0.351
0.376 0.364 0.355 0.351 0.371 0.376 0.376 0.338
0.398 0.404 0.383 0.386 0.399 0.38 0.38 0.3
0.412 0.42 0.398 0.391 0.413 0.354 0.354 0.313
0.36 0.384 0.353 0.352 0.361 0.382 0.382 0.325
0.425 0.423 0.42 0.421 0.426 0.397 0.397 0.354
0.407 0.431 0.391 0.405 0.414 0.391 0.391 0.366
0.397 0.405 0.386 0.382 0.395 0.387 0.387 0.337
0.395 0.418 0.38 0.378 0.395 0.392 0.392 0.347
0.38 0.377 0.365 0.37 0.381 0.386 0.386 0.318
0.38 0.386 0.368 0.37 0.369 0.392 0.392 0.369
0.401 0.41 0.384 0.376 0.392 0.38 0.38 0.325
0.41 0.454 0.389 0.393 0.411 0.405 0.405 0.353
0.356 0.382 0.344 0.347 0.355 0.385 0.385 0.333
0.423 0.404 0.398 0.394 0.409 0.389 0.389 0.351
0.404 0.406 0.381 0.389 0.405 0.38 0.38 0.34
0.403 0.406 0.389 0.377 0.398 0.382 0.381 0.335
0.431 0.459 0.419 0.415 0.424 0.372 0.372 0.341
0.4 0.409 0.377 0.38 0.391 0.386 0.386 0.325
0.411 0.409 0.395 0.389 0.404 0.362 0.362 0.335
0.381 0.398 0.372 0.36 0.374 0.374 0.374 0.329
0.394 0.416 0.381 0.375 0.394 0.395 0.395 0.35
0.41 0.413 0.404 0.405 0.41 0.377 0.377 0.353
0.381 0.388 0.366 0.364 0.381 0.35 0.35 0.309
0.412 0.419 0.413 0.399 0.413 0.367 0.367 0.33
0.371 0.399 0.358 0.366 0.37 0.386 0.386 0.357
0.408 0.416 0.383 0.38 0.4 0.358 0.358 0.334
0.393 0.387 0.381 0.373 0.393 0.37 0.37 0.324
0.418 0.443 0.395 0.399 0.409 0.4 0.4 0.332
0.406 0.401 0.381 0.378 0.393 0.376 0.376 0.33
0.387 0.402 0.367 0.364 0.382 0.379 0.379 0.343
0.401 0.404 0.381 0.387 0.393 0.405 0.405 0.363
0.373 0.373 0.363 0.368 0.376 0.349 0.349 0.316
0.421 0.416 0.394 0.393 0.413 0.358 0.358 0.324
0.366 0.363 0.357 0.362 0.366 0.35 0.349 0.303
0.398 0.392 0.374 0.376 0.397 0.393 0.393 0.346
0.387 0.403 0.375 0.377 0.386 0.375 0.375 0.334
0.364 0.376 0.357 0.352 0.364 0.332 0.332 0.31
0.421 0.429 0.405 0.405 0.421 0.39 0.39 0.351
0.371 0.402 0.366 0.362 0.371 0.396 0.396 0.326
0.383 0.407 0.371 0.368 0.384 0.364 0.364 0.338
0.385 0.392 0.367 0.367 0.381 0.4 0.4 0.354
0.379 0.391 0.377 0.375 0.379 0.377 0.377 0.335
0.399 0.419 0.38 0.38 0.397 0.383 0.383 0.358
0.387 0.407 0.37 0.368 0.387 0.371 0.371 0.334
0.387 0.403 0.377 0.381 0.392 0.395 0.395 0.343
0.392 0.403 0.387 0.387 0.398 0.385 0.385 0.343
0.381 0.372 0.373 0.367 0.38 0.385 0.385 0.325
0.39 0.361 0.357 0.364 0.375 0.367 0.367 0.314
0.395 0.394 0.379 0.379 0.396 0.366 0.366 0.322
0.406 0.417 0.389 0.397 0.405 0.392 0.392 0.357
0.392 0.388 0.382 0.384 0.393 0.359 0.359 0.313
0.403 0.41 0.402 0.394 0.405 0.399 0.4 0.349
0.39 0.381 0.384 0.385 0.39 0.352 0.353 0.313
0.397 0.417 0.385 0.383 0.397 0.377 0.377 0.342
0.401 0.408 0.388 0.392 0.402 0.382 0.382 0.359
0.373 0.364 0.362 0.366 0.383 0.342 0.342 0.3
0.385 0.417 0.365 0.363 0.386 0.37 0.37 0.321
0.401 0.402 0.372 0.378 0.395 0.384 0.384 0.357
0.384 0.39 0.372 0.369 0.381 0.386 0.386 0.341
0.398 0.396 0.367 0.372 0.387 0.356 0.356 0.332
0.424 0.433 0.416 0.402 0.424 0.372 0.372 0.329
0.421 0.42 0.404 0.404 0.422 0.391 0.391 0.342
0.377 0.399 0.361 0.366 0.38 0.373 0.373 0.339
0.39 0.414 0.36 0.376 0.381 0.375 0.375 0.323
0.395 0.409 0.378 0.377 0.386 0.398 0.398 0.33
0.377 0.372 0.364 0.362 0.376 0.366 0.366 0.325
0.389 0.408 0.383 0.386 0.389 0.376 0.376 0.337
0.436 0.423 0.428 0.423 0.437 0.357 0.357 0.33
0.379 0.376 0.372 0.376 0.38 0.375 0.375 0.328
0.416 0.43 0.382 0.389 0.409 0.396 0.396 0.341
0.396 0.403 0.381 0.387 0.396 0.402 0.402 0.353
0.402 0.435 0.396 0.389 0.403 0.372 0.372 0.313
0.393 0.399 0.376 0.373 0.393 0.383 0.383 0.334
0.407 0.429 0.396 0.399 0.406 0.398 0.398 0.349
0.389 0.405 0.385 0.379 0.391 0.394 0.394 0.354
0.378 0.395 0.363 0.368 0.378 0.375 0.375 0.32
0.399 0.384 0.371 0.374 0.392 0.4 0.399 0.375
0.4 0.404 0.376 0.371 0.385 0.385 0.385 0.344
0.366 0.381 0.346 0.347 0.367 0.37 0.37 0.335
0.411 0.407 0.395 0.393 0.412 0.395 0.395 0.347
0.389 0.4 0.376 0.379 0.39 0.384 0.384 0.35
0.416 0.41 0.403 0.404 0.418 0.41 0.41 0.375
0.384 0.382 0.379 0.372 0.384 0.397 0.397 0.354
0.385 0.416 0.364 0.37 0.385 0.392 0.392 0.337
0.407 0.438 0.388 0.392 0.406 0.359 0.359 0.332
0.397 0.418 0.382 0.39 0.397 0.385 0.385 0.329
0.371 0.388 0.356 0.357 0.375 0.377 0.377 0.329
0.416 0.392 0.397 0.386 0.41 0.341 0.341 0.324
0.36 0.377 0.347 0.352 0.365 0.361 0.361 0.31
0.376 0.424 0.358 0.368 0.382 0.406 0.406 0.388
0.368 0.376 0.361 0.358 0.368 0.372 0.372 0.319
0.389 0.402 0.382 0.38 0.391 0.346 0.346 0.335
0.363 0.386 0.351 0.351 0.363 0.381 0.381 0.338
0.387 0.408 0.369 0.368 0.387 0.395 0.395 0.355
0.386 0.39 0.38 0.378 0.386 0.357 0.357 0.33
0.354 0.358 0.341 0.349 0.354 0.363 0.363 0.327
0.356 0.407 0.34 0.341 0.356 0.391 0.391 0.338
0.398 0.41 0.378 0.386 0.391 0.363 0.363 0.339
0.406 0.397 0.392 0.394 0.406 0.366 0.366 0.332
0.405 0.419 0.396 0.397 0.405 0.367 0.367 0.324
0.433 0.431 0.417 0.42 0.43 0.373 0.373 0.356
0.384 0.405 0.37 0.37 0.385 0.371 0.371 0.338
0.381 0.416 0.37 0.366 0.382 0.394 0.394 0.349
0.373 0.388 0.364 0.365 0.373 0.393 0.393 0.368
0.405 0.416 0.386 0.396 0.411 0.342 0.342 0.304
0.402 0.406 0.396 0.395 0.403 0.385 0.385 0.358
0.388 0.402 0.37 0.371 0.388 0.366 0.366 0.299
0.404 0.403 0.388 0.385 0.408 0.383 0.384 0.36
0.388 0.416 0.377 0.384 0.388 0.372 0.372 0.327
0.392 0.407 0.369 0.373 0.392 0.373 0.373 0.325
0.418 0.455 0.405 0.406 0.418 0.392 0.392 0.342
0.375 0.398 0.372 0.357 0.383 0.396 0.396 0.34
0.429 0.419 0.405 0.398 0.421 0.369 0.369 0.317
0.402 0.407 0.377 0.377 0.394 0.373 0.373 0.317
0.409 0.417 0.386 0.395 0.409 0.401 0.401 0.342
0.386 0.386 0.366 0.364 0.383 0.375 0.375 0.334
0.386 0.397 0.358 0.37 0.387 0.375 0.375 0.344
0.395 0.401 0.368 0.375 0.382 0.367 0.369 0.344
0.424 0.44 0.413 0.417 0.423 0.374 0.373 0.339
0.361 0.372 0.351 0.35 0.361 0.358 0.356 0.318
0.407 0.409 0.369 0.38 0.399 0.377 0.377 0.331
0.372 0.398 0.363 0.366 0.376 0.374 0.374 0.33
0.43 0.434 0.403 0.405 0.42 0.382 0.382 0.333
0.389 0.395 0.36 0.364 0.374 0.394 0.394 0.334
0.381 0.392 0.364 0.36 0.381 0.365 0.365 0.315
0.389 0.405 0.367 0.373 0.389 0.36 0.36 0.319
0.385 0.399 0.361 0.357 0.369 0.346 0.346 0.316
0.406 0.41 0.383 0.381 0.4 0.375 0.375 0.336
0.379 0.388 0.375 0.359 0.379 0.353 0.353 0.314
0.417 0.396 0.396 0.392 0.406 0.388 0.388 0.35
0.39 0.41 0.381 0.382 0.39 0.374 0.374 0.34
0.417 0.433 0.408 0.404 0.418 0.398 0.398 0.363
0.407 0.432 0.386 0.387 0.407 0.394 0.394 0.326
0.401 0.39 0.382 0.38 0.401 0.407 0.407 0.357
0.398 0.423 0.393 0.39 0.397 0.377 0.377 0.323
0.377 0.394 0.368 0.372 0.378 0.346 0.346 0.307
0.377 0.386 0.365 0.371 0.378 0.368 0.368 0.317
0.423 0.406 0.411 0.41 0.422 0.398 0.398 0.328
0.376 0.394 0.349 0.347 0.364 0.373 0.373 0.307
0.378 0.393 0.366 0.357 0.378 0.395 0.395 0.35
0.406 0.392 0.393 0.389 0.405 0.392 0.392 0.338
0.366 0.371 0.353 0.359 0.366 0.38 0.38 0.333
0.41 0.418 0.39 0.389 0.403 0.369 0.368 0.322
0.392 0.396 0.368 0.373 0.376 0.393 0.393 0.371
0.383 0.382 0.374 0.371 0.385 0.383 0.383 0.342
0.405 0.393 0.393 0.398 0.403 0.361 0.361 0.33
0.388 0.42 0.38 0.377 0.387 0.383 0.383 0.333
0.356 0.385 0.336 0.326 0.344 0.364 0.364 0.319
0.394 0.418 0.379 0.388 0.396 0.358 0.36 0.32
0.38 0.396 0.373 0.375 0.382 0.375 0.375 0.342
0.415 0.43 0.4 0.398 0.416 0.392 0.392 0.346
0.4 0.408 0.386 0.385 0.4 0.386 0.386 0.332
0.41 0.401 0.391 0.397 0.41 0.383 0.383 0.362
0.395 0.398 0.39 0.386 0.394 0.356 0.356 0.334
0.416 0.413 0.394 0.392 0.408 0.369 0.369 0.334
0.388 0.399 0.372 0.376 0.382 0.353 0.353 0.323
0.393 0.4 0.381 0.379 0.394 0.347 0.347 0.326
0.349 0.392 0.338 0.334 0.35 0.382 0.368 0.348
0.395 0.415 0.377 0.381 0.395 0.395 0.395 0.357
0.376 0.377 0.364 0.351 0.359 0.358 0.358 0.329
0.354 0.37 0.351 0.353 0.361 0.338 0.338 0.298
0.4 0.384 0.379 0.379 0.39 0.376 0.376 0.34
0.421 0.433 0.4 0.391 0.412 0.358 0.363 0.345
0.386 0.4 0.373 0.378 0.385 0.373 0.373 0.34
0.392 0.404 0.369 0.37 0.384 0.406 0.406 0.342
0.395 0.408 0.383 0.387 0.395 0.426 0.426 0.364
0.418 0.431 0.398 0.402 0.418 0.364 0.364 0.327
0.36 0.381 0.351 0.353 0.363 0.393 0.393 0.331
0.429 0.442 0.399 0.396 0.411 0.371 0.371 0.339
0.427 0.435 0.4 0.411 0.422 0.354 0.354 0.34
0.361 0.366 0.356 0.354 0.364 0.372 0.372 0.338
0.424 0.43 0.411 0.409 0.425 0.417 0.417 0.367
0.415 0.402 0.391 0.395 0.409 0.372 0.372 0.351
0.413 0.415 0.397 0.396 0.414 0.392 0.392 0.361
0.377 0.408 0.361 0.368 0.377 0.381 0.381 0.344
0.407 0.402 0.383 0.39 0.395 0.378 0.378 0.356
0.362 0.38 0.356 0.353 0.363 0.346 0.346 0.307
0.425 0.426 0.395 0.399 0.415 0.424 0.424 0.377
0.426 0.443 0.394 0.406 0.413 0.416 0.416 0.38
0.38 0.385 0.366 0.363 0.38 0.385 0.385 0.324
0.379 0.404 0.369 0.377 0.38 0.365 0.365 0.327
0.44 0.451 0.423 0.423 0.439 0.427 0.427 0.386
0.396 0.405 0.367 0.372 0.382 0.358 0.358 0.343
0.406 0.432 0.396 0.392 0.408 0.376 0.376 0.323
0.388 0.397 0.366 0.365 0.388 0.353 0.353 0.318
0.37 0.4 0.355 0.358 0.375 0.369 0.369 0.307
0.39 0.392 0.383 0.377 0.39 0.364 0.363 0.335
0.378 0.395 0.357 0.364 0.377 0.389 0.389 0.355
0.389 0.4 0.358 0.354 0.375 0.379 0.38 0.35
0.397 0.398 0.387 0.377 0.389 0.398 0.398 0.342
0.363 0.374 0.361 0.361 0.364 0.388 0.388 0.335
0.409 0.403 0.392 0.392 0.399 0.392 0.392 0.368
0.402 0.405 0.377 0.378 0.399 0.37 0.369 0.331
0.414 0.418 0.403 0.393 0.405 0.389 0.389 0.352
0.376 0.391 0.361 0.367 0.376 0.362 0.358 0.312
0.401 0.422 0.374 0.38 0.402 0.396 0.396 0.364
0.377 0.406 0.364 0.363 0.374 0.371 0.371 0.341
0.415 0.413 0.392 0.391 0.406 0.384 0.383 0.349
0.402 0.376 0.395 0.383 0.42 0.385 0.385 0.347
0.41 0.419 0.389 0.399 0.411 0.364 0.364 0.332
0.426 0.441 0.421 0.412 0.428 0.4 0.4 0.362
0.403 0.401 0.387 0.396 0.405 0.37 0.37 0.333
0.388 0.406 0.373 0.379 0.384 0.394 0.394 0.333
0.423 0.448 0.423 0.414 0.423 0.383 0.383 0.36
0.376 0.387 0.361 0.366 0.376 0.364 0.364 0.325
0.374 0.397 0.363 0.362 0.378 0.369 0.369 0.333
0.402 0.422 0.391 0.395 0.403 0.368 0.368 0.326
0.378 0.381 0.38 0.375 0.379 0.405 0.405 0.364
0.386 0.379 0.386 0.374 0.387 0.4 0.4 0.347
0.415 0.408 0.385 0.39 0.409 0.375 0.375 0.34
0.389 0.403 0.376 0.381 0.389 0.359 0.359 0.334
0.362 0.393 0.365 0.357 0.365 0.37 0.37 0.345
0.399 0.419 0.386 0.383 0.399 0.373 0.373 0.349
0.403 0.409 0.382 0.386 0.391 0.398 0.398 0.347
0.397 0.427 0.379 0.383 0.397 0.367 0.367 0.353
0.386 0.404 0.368 0.366 0.374 0.391 0.391 0.345
0.418 0.419 0.428 0.418 0.424 0.376 0.376 0.327
0.371 0.4 0.363 0.357 0.378 0.384 0.384 0.327
0.385 0.391 0.37 0.373 0.386 0.375 0.375 0.348
0.401 0.394 0.387 0.384 0.401 0.388 0.388 0.34
0.416 0.435 0.397 0.398 0.414 0.392 0.392 0.35
0.374 0.389 0.366 0.373 0.373 0.373 0.373 0.351
0.407 0.464 0.397 0.393 0.407 0.429 0.429 0.39
0.379 0.391 0.368 0.366 0.379 0.384 0.384 0.326
0.375 0.394 0.368 0.371 0.376 0.353 0.353 0.305
0.411 0.424 0.393 0.391 0.411 0.407 0.407 0.355
0.399 0.395 0.381 0.386 0.399 0.381 0.381 0.303
0.386 0.39 0.38 0.383 0.386 0.378 0.379 0.344
0.4 0.407 0.374 0.376 0.393 0.359 0.359 0.336
0.41 0.423 0.391 0.391 0.412 0.404 0.404 0.371
0.368 0.382 0.356 0.355 0.371 0.35 0.35 0.3
0.393 0.409 0.359 0.364 0.382 0.382 0.382 0.322
0.408 0.421 0.404 0.407 0.408 0.392 0.392 0.353
0.4 0.423 0.383 0.386 0.403 0.356 0.355 0.309
0.386 0.399 0.372 0.373 0.384 0.383 0.383 0.349
0.425 0.448 0.41 0.411 0.425 0.382 0.382 0.36
0.413 0.432 0.388 0.392 0.404 0.379 0.379 0.339
0.396 0.387 0.368 0.363 0.382 0.383 0.383 0.311
0.392 0.404 0.38 0.372 0.389 0.402 0.402 0.354
0.395 0.404 0.383 0.382 0.395 0.376 0.376 0.344
0.395 0.399 0.363 0.371 0.385 0.36 0.36 0.356
0.386 0.414 0.372 0.369 0.386 0.368 0.368 0.313
0.37 0.37 0.372 0.364 0.371 0.332 0.332 0.29
0.394 0.389 0.356 0.362 0.382 0.366 0.366 0.331
0.377 0.393 0.366 0.365 0.376 0.369 0.369 0.317
0.42 0.429 0.394 0.398 0.421 0.35 0.35 0.322
0.395 0.408 0.387 0.38 0.396 0.378 0.378 0.347
0.384 0.412 0.37 0.374 0.388 0.382 0.382 0.335
0.4 0.385 0.368 0.37 0.39 0.397 0.397 0.341
0.397 0.417 0.385 0.385 0.397 0.369 0.369 0.335
0.407 0.413 0.394 0.392 0.407 0.366 0.366 0.315
0.372 0.393 0.361 0.357 0.367 0.37 0.369 0.327
0.407 0.422 0.395 0.394 0.41 0.361 0.361 0.324
0.373 0.383 0.364 0.359 0.371 0.368 0.368 0.315
0.4 0.423 0.388 0.38 0.4 0.394 0.394 0.364
0.402 0.404 0.4 0.401 0.403 0.413 0.413 0.38
0.407 0.421 0.395 0.396 0.408 0.377 0.377 0.343
0.394 0.427 0.38 0.386 0.394 0.341 0.34 0.313
0.398 0.403 0.39 0.389 0.404 0.359 0.359 0.329
0.385 0.386 0.362 0.366 0.375 0.372 0.372 0.337
0.375 0.379 0.374 0.377 0.374 0.386 0.386 0.34
0.361 0.365 0.358 0.36 0.361 0.354 0.354 0.313
0.386 0.421 0.37 0.38 0.386 0.365 0.365 0.321
0.383 0.41 0.37 0.37 0.382 0.355 0.355 0.341
0.404 0.433 0.39 0.4 0.404 0.402 0.402 0.367
0.386 0.399 0.369 0.371 0.386 0.356 0.356 0.298
0.419 0.434 0.411 0.407 0.422 0.349 0.349 0.324
0.408 0.414 0.38 0.392 0.4 0.406 0.406 0.35
0.415 0.432 0.398 0.397 0.415 0.381 0.381 0.349
0.395 0.411 0.37 0.37 0.385 0.365 0.365 0.329
0.364 0.37 0.355 0.358 0.364 0.381 0.381 0.341
0.415 0.405 0.406 0.4 0.418 0.379 0.379 0.34
0.364 0.394 0.361 0.366 0.37 0.38 0.38 0.348
0.395 0.413 0.381 0.373 0.395 0.367 0.367 0.329
0.409 0.404 0.397 0.398 0.408 0.354 0.354 0.311
0.395 0.414 0.381 0.383 0.395 0.402 0.402 0.36
0.398 0.407 0.373 0.377 0.382 0.395 0.395 0.351
0.392 0.393 0.383 0.382 0.387 0.369 0.369 0.344
0.41 0.397 0.385 0.383 0.392 0.385 0.385 0.347
0.396 0.398 0.375 0.365 0.385 0.367 0.367 0.316
0.383 0.392 0.356 0.358 0.378 0.369 0.369 0.331
0.374 0.397 0.362 0.359 0.366 0.392 0.392 0.342
0.432 0.42 0.412 0.404 0.43 0.398 0.398 0.356
0.396 0.414 0.372 0.373 0.396 0.363 0.363 0.325
0.393 0.403 0.369 0.374 0.391 0.382 0.382 0.329
0.374 0.399 0.358 0.365 0.377 0.341 0.341 0.299
0.383 0.38 0.375 0.376 0.383 0.395 0.395 0.364
0.385 0.404 0.376 0.374 0.388 0.387 0.387 0.332
0.39 0.436 0.372 0.378 0.39 0.402 0.402 0.362
0.387 0.415 0.384 0.379 0.387 0.382 0.382 0.345
0.394 0.402 0.389 0.387 0.394 0.369 0.369 0.339
0.396 0.407 0.401 0.391 0.397 0.384 0.384 0.34
0.4 0.419 0.385 0.385 0.396 0.381 0.381 0.362
0.445 0.444 0.427 0.422 0.434 0.37 0.37 0.359
0.395 0.396 0.376 0.379 0.388 0.37 0.37 0.348
0.36 0.372 0.35 0.347 0.36 0.384 0.384 0.333
0.411 0.415 0.393 0.391 0.4 0.362 0.362 0.31
0.395 0.411 0.376 0.38 0.395 0.386 0.386 0.331
0.393 0.405 0.373 0.382 0.393 0.384 0.384 0.348
0.413 0.422 0.404 0.398 0.409 0.38 0.38 0.342
0.386 0.393 0.374 0.379 0.382 0.38 0.38 0.327
0.414 0.431 0.394 0.392 0.404 0.382 0.382 0.347
0.386 0.394 0.371 0.371 0.386 0.357 0.358 0.325
0.402 0.411 0.382 0.375 0.392 0.394 0.394 0.332
0.415 0.42 0.414 0.414 0.415 0.395 0.395 0.36
0.408 0.414 0.385 0.381 0.396 0.416 0.416 0.375
0.428 0.432 0.416 0.415 0.422 0.386 0.386 0.353
0.403 0.424 0.394 0.386 0.405 0.39 0.39 0.37
0.372 0.382 0.351 0.357 0.365 0.372 0.373 0.315
0.374 0.399 0.361 0.36 0.38 0.366 0.365 0.307
0.412 0.419 0.388 0.391 0.402 0.383 0.384 0.345
0.376 0.381 0.356 0.354 0.367 0.364 0.364 0.337
0.436 0.443 0.401 0.393 0.411 0.381 0.381 0.331
0.4 0.388 0.384 0.386 0.393 0.364 0.363 0.315
0.373 0.395 0.353 0.352 0.373 0.378 0.378 0.346
0.386 0.409 0.366 0.367 0.387 0.383 0.383 0.341
0.39 0.411 0.377 0.379 0.39 0.388 0.388 0.326
0.38 0.387 0.346 0.353 0.364 0.382 0.382 0.344
0.39 0.408 0.365 0.36 0.378 0.365 0.364 0.316
0.362 0.372 0.346 0.349 0.362 0.34 0.34 0.333
0.397 0.394 0.385 0.383 0.398 0.389 0.389 0.348
0.407 0.407 0.393 0.4 0.402 0.401 0.401 0.362
0.405 0.424 0.383 0.383 0.396 0.381 0.383 0.348
0.39 0.405 0.378 0.384 0.39 0.384 0.384 0.35
0.395 0.409 0.379 0.384 0.394 0.36 0.36 0.327
0.377 0.392 0.362 0.361 0.379 0.391 0.391 0.338
0.417 0.407 0.409 0.392 0.411 0.378 0.378 0.34
0.425 0.439 0.407 0.407 0.426 0.362 0.362 0.331
0.39 0.403 0.379 0.38 0.39 0.372 0.372 0.326
0.396 0.413 0.378 0.37 0.395 0.371 0.371 0.313
0.412 0.423 0.381 0.382 0.4 0.393 0.393 0.325
0.388 0.406 0.368 0.373 0.388 0.377 0.377 0.326
0.397 0.383 0.397 0.394 0.398 0.396 0.396 0.359
0.421 0.44 0.406 0.413 0.418 0.381 0.381 0.363
0.393 0.412 0.369 0.353 0.383 0.386 0.386 0.325
0.404 0.402 0.377 0.371 0.396 0.354 0.354 0.306
0.401 0.431 0.381 0.398 0.402 0.406 0.406 0.363
0.378 0.388 0.365 0.361 0.378 0.381 0.381 0.337
0.415 0.426 0.394 0.39 0.401 0.399 0.399 0.372
0.405 0.413 0.379 0.379 0.395 0.365 0.364 0.337
0.411 0.424 0.39 0.398 0.414 0.402 0.402 0.363
0.388 0.391 0.38 0.369 0.383 0.4 0.399 0.368
0.403 0.403 0.379 0.378 0.397 0.388 0.385 0.345
0.393 0.405 0.386 0.378 0.393 0.393 0.393 0.356
0.405 0.41 0.395 0.391 0.402 0.364 0.364 0.339
0.395 0.432 0.38 0.381 0.395 0.352 0.351 0.305
0.39 0.41 0.376 0.373 0.391 0.377 0.377 0.333
0.354 0.375 0.342 0.343 0.353 0.346 0.346 0.306
0.41 0.397 0.363 0.367 0.388 0.403 0.403 0.362
0.392 0.403 0.383 0.379 0.391 0.361 0.36 0.326
0.418 0.425 0.407 0.406 0.418 0.369 0.368 0.334
0.364 0.378 0.352 0.356 0.365 0.352 0.352 0.306
0.393 0.384 0.369 0.366 0.381 0.397 0.397 0.34
0.372 0.4 0.355 0.356 0.372 0.401 0.4 0.359
0.376 0.398 0.369 0.376 0.378 0.361 0.361 0.325
0.41 0.402 0.39 0.402 0.414 0.392 0.392 0.357
0.391 0.413 0.379 0.374 0.391 0.38 0.38 0.321
0.384 0.408 0.364 0.369 0.388 0.357 0.357 0.321
0.398 0.414 0.389 0.388 0.398 0.385 0.385 0.339
0.39 0.396 0.393 0.387 0.394 0.388 0.388 0.342
0.394 0.398 0.376 0.378 0.392 0.367 0.366 0.344
0.433 0.444 0.402 0.398 0.423 0.369 0.369 0.327
0.405 0.426 0.383 0.386 0.405 0.4 0.4 0.343
0.404 0.406 0.396 0.394 0.403 0.383 0.383 0.349
0.4 0.425 0.387 0.395 0.4 0.383 0.383 0.338
0.381 0.383 0.374 0.366 0.381 0.36 0.36 0.329
0.398 0.392 0.372 0.387 0.399 0.394 0.394 0.345
0.415 0.418 0.391 0.396 0.417 0.375 0.375 0.345
0.403 0.418 0.393 0.386 0.403 0.381 0.38 0.348
0.395 0.385 0.369 0.362 0.384 0.379 0.379 0.33
0.395 0.384 0.383 0.387 0.397 0.4 0.4 0.351
0.362 0.353 0.356 0.344 0.357 0.366 0.366 0.326
0.427 0.436 0.417 0.419 0.427 0.373 0.373 0.34
0.4 0.411 0.374 0.38 0.388 0.377 0.37 0.319
0.425 0.434 0.406 0.408 0.425 0.389 0.389 0.35
0.377 0.385 0.358 0.363 0.378 0.407 0.407 0.358
0.437 0.42 0.412 0.409 0.425 0.391 0.391 0.354
0.397 0.393 0.369 0.381 0.389 0.376 0.346 0.337
0.416 0.435 0.4 0.408 0.416 0.412 0.409 0.369
0.389 0.407 0.379 0.368 0.39 0.362 0.362 0.328
0.4 0.389 0.401 0.392 0.4 0.377 0.376 0.336
0.352 0.365 0.362 0.349 0.363 0.339 0.339 0.302
0.392 0.407 0.38 0.375 0.391 0.36 0.36 0.332
0.408 0.412 0.381 0.373 0.396 0.391 0.391 0.366
0.379 0.391 0.353 0.352 0.378 0.361 0.361 0.318
0.409 0.413 0.402 0.393 0.412 0.392 0.392 0.359
0.387 0.39 0.377 0.374 0.388 0.402 0.402 0.367
0.387 0.418 0.381 0.378 0.386 0.368 0.368 0.339
0.375 0.399 0.362 0.359 0.375 0.377 0.377 0.32
0.413 0.405 0.389 0.395 0.402 0.391 0.391 0.353
0.402 0.432 0.396 0.39 0.402 0.361 0.361 0.337
0.401 0.4 0.389 0.387 0.401 0.373 0.371 0.331
0.425 0.45 0.407 0.405 0.425 0.381 0.381 0.344
0.389 0.383 0.38 0.388 0.389 0.36 0.36 0.337
0.378 0.386 0.369 0.364 0.379 0.38 0.38 0.339
0.409 0.414 0.398 0.396 0.409 0.366 0.366 0.353
0.382 0.394 0.37 0.372 0.384 0.384 0.384 0.328
0.434 0.445 0.408 0.42 0.429 0.431 0.431 0.391
0.424 0.417 0.403 0.407 0.423 0.365 0.365 0.344
0.389 0.411 0.385 0.382 0.388 0.391 0.391 0.359
0.421 0.433 0.399 0.4 0.419 0.378 0.378 0.348
0.404 0.45 0.396 0.4 0.405 0.38 0.38 0.327
0.407 0.43 0.392 0.395 0.403 0.366 0.366 0.325
0.36 0.402 0.355 0.346 0.36 0.36 0.36 0.327
0.427 0.431 0.424 0.425 0.427 0.41 0.41 0.39
0.379 0.383 0.364 0.359 0.381 0.37 0.37 0.336
0.426 0.419 0.413 0.414 0.434 0.417 0.417 0.383
0.42 0.423 0.402 0.395 0.421 0.384 0.384 0.377
0.405 0.377 0.378 0.375 0.388 0.355 0.355 0.333
0.389 0.388 0.366 0.363 0.38 0.356 0.356 0.335
0.392 0.395 0.375 0.374 0.392 0.367 0.367 0.327
0.413 0.413 0.399 0.396 0.406 0.386 0.386 0.361
0.412 0.429 0.396 0.394 0.406 0.363 0.363 0.295
0.373 0.392 0.365 0.359 0.372 0.372 0.372 0.359
0.426 0.458 0.412 0.404 0.429 0.4 0.4 0.357
0.421 0.427 0.399 0.4 0.409 0.379 0.379 0.33
0.372 0.366 0.359 0.359 0.373 0.367 0.367 0.336
0.39 0.391 0.363 0.363 0.372 0.381 0.381 0.338
0.383 0.395 0.365 0.37 0.383 0.339 0.339 0.323
0.406 0.401 0.389 0.397 0.405 0.348 0.348 0.324
0.384 0.394 0.374 0.37 0.385 0.36 0.36 0.31
0.394 0.399 0.373 0.379 0.394 0.365 0.365 0.335
0.432 0.427 0.425 0.421 0.43 0.372 0.37 0.344
0.395 0.393 0.369 0.365 0.378 0.375 0.374 0.33
0.378 0.383 0.349 0.349 0.371 0.373 0.373 0.325
0.39 0.388 0.376 0.37 0.39 0.389 0.389 0.331
0.373 0.411 0.364 0.362 0.375 0.39 0.39 0.355
0.401 0.419 0.389 0.39 0.403 0.365 0.365 0.335
0.401 0.398 0.383 0.382 0.4 0.372 0.372 0.334
0.4 0.425 0.392 0.392 0.406 0.361 0.361 0.341
0.397 0.429 0.384 0.377 0.397 0.381 0.381 0.337
0.368 0.366 0.364 0.361 0.368 0.361 0.361 0.335
0.374 0.391 0.364 0.361 0.376 0.391 0.391 0.354
0.42 0.42 0.398 0.403 0.419 0.397 0.397 0.356
0.387 0.409 0.383 0.371 0.388 0.367 0.367 0.327
0.404 0.402 0.391 0.39 0.405 0.383 0.383 0.347
0.395 0.402 0.388 0.38 0.395 0.376 0.376 0.341
0.414 0.416 0.397 0.402 0.414 0.406 0.406 0.356
0.41 0.438 0.407 0.396 0.411 0.384 0.384 0.333
0.393 0.416 0.379 0.384 0.395 0.341 0.34 0.325
0.362 0.366 0.348 0.35 0.361 0.371 0.371 0.326
0.392 0.38 0.378 0.378 0.393 0.381 0.381 0.351
0.41 0.409 0.4 0.396 0.411 0.381 0.381 0.33
0.392 0.404 0.378 0.382 0.39 0.382 0.383 0.349
0.396 0.403 0.377 0.377 0.385 0.382 0.381 0.345
0.377 0.384 0.377 0.375 0.377 0.391 0.391 0.339
0.409 0.409 0.393 0.4 0.411 0.337 0.337 0.306
0.384 0.404 0.364 0.382 0.393 0.383 0.383 0.333
0.39 0.398 0.373 0.386 0.395 0.365 0.365 0.339
0.38 0.411 0.373 0.362 0.379 0.355 0.355 0.326
0.384 0.391 0.365 0.369 0.378 0.363 0.363 0.311
0.405 0.422 0.399 0.398 0.405 0.385 0.385 0.329
0.381 0.382 0.374 0.374 0.381 0.381 0.381 0.328
0.391 0.402 0.382 0.377 0.388 0.372 0.372 0.321
0.436 0.431 0.424 0.428 0.436 0.4 0.397 0.348
0.378 0.379 0.359 0.357 0.379 0.381 0.381 0.333
0.408 0.405 0.388 0.393 0.413 0.39 0.39 0.357
0.405 0.406 0.395 0.395 0.405 0.348 0.348 0.305
0.36 0.391 0.346 0.346 0.36 0.379 0.379 0.339
0.406 0.426 0.391 0.382 0.405 0.368 0.368 0.34
0.39 0.437 0.37 0.373 0.39 0.379 0.379 0.327
0.382 0.399 0.369 0.375 0.383 0.352 0.352 0.316
0.379 0.391 0.365 0.358 0.379 0.377 0.377 0.328
0.355 0.356 0.344 0.343 0.355 0.371 0.371 0.329
0.382 0.392 0.38 0.38 0.383 0.357 0.356 0.315
0.373 0.399 0.356 0.358 0.364 0.376 0.376 0.328
0.397 0.402 0.374 0.377 0.388 0.38 0.38 0.34
0.407 0.404 0.377 0.381 0.391 0.368 0.368 0.326
0.414 0.426 0.402 0.401 0.415 0.376 0.376 0.337
0.382 0.397 0.365 0.376 0.383 0.404 0.404 0.378
0.378 0.384 0.366 0.369 0.378 0.359 0.359 0.327
0.394 0.404 0.387 0.393 0.394 0.391 0.39 0.355
0.386 0.408 0.376 0.369 0.387 0.376 0.377 0.321
0.389 0.402 0.379 0.373 0.389 0.385 0.385 0.354
0.376 0.412 0.369 0.367 0.381 0.367 0.367 0.338
0.395 0.388 0.375 0.376 0.388 0.405 0.405 0.376
0.39 0.413 0.373 0.371 0.393 0.382 0.382 0.338
0.401 0.419 0.38 0.38 0.394 0.367 0.367 0.322
0.379 0.406 0.372 0.373 0.382 0.402 0.402 0.351
0.412 0.432 0.398 0.397 0.412 0.419 0.419 0.39
0.418 0.414 0.399 0.396 0.409 0.393 0.393 0.345
0.414 0.413 0.381 0.379 0.401 0.378 0.378 0.344
0.374 0.396 0.361 0.371 0.374 0.377 0.377 0.337
0.399 0.396 0.377 0.365 0.389 0.399 0.399 0.343
0.376 0.393 0.366 0.359 0.379 0.406 0.406 0.37
0.38 0.387 0.37 0.363 0.38 0.328 0.328 0.295
0.38 0.371 0.364 0.364 0.379 0.398 0.398 0.353
0.392 0.402 0.381 0.381 0.387 0.379 0.379 0.341
0.378 0.392 0.36 0.365 0.378 0.355 0.355 0.304
0.365 0.389 0.338 0.336 0.353 0.386 0.386 0.321
0.407 0.434 0.391 0.389 0.407 0.411 0.411 0.36
0.352 0.366 0.337 0.344 0.352 0.365 0.365 0.336
0.394 0.404 0.376 0.376 0.387 0.348 0.347 0.312
0.381 0.397 0.355 0.353 0.371 0.392 0.392 0.336
0.4 0.409 0.382 0.383 0.4 0.377 0.377 0.335
0.36 0.385 0.351 0.346 0.363 0.383 0.383 0.336
0.379 0.391 0.369 0.367 0.38 0.348 0.348 0.318
0.426 0.423 0.413 0.403 0.421 0.389 0.389 0.348
0.401 0.415 0.381 0.383 0.403 0.374 0.374 0.331
0.413 0.401 0.386 0.38 0.399 0.375 0.375 0.327
0.407 0.401 0.385 0.387 0.398 0.342 0.342 0.31
0.389 0.391 0.374 0.379 0.392 0.38 0.38 0.355
0.399 0.394 0.377 0.379 0.4 0.388 0.388 0.34
0.417 0.417 0.41 0.394 0.421 0.374 0.374 0.332
0.397 0.409 0.378 0.373 0.397 0.398 0.398 0.383
0.385 0.378 0.378 0.373 0.386 0.359 0.359 0.319
0.387 0.376 0.363 0.366 0.372 0.376 0.376 0.322
0.4 0.416 0.387 0.381 0.4 0.376 0.376 0.349
0.434 0.424 0.407 0.412 0.434 0.4 0.401 0.343
0.4 0.401 0.394 0.386 0.4 0.403 0.403 0.36
0.403 0.414 0.382 0.39 0.404 0.409 0.409 0.364
0.399 0.401 0.389 0.388 0.399 0.357 0.357 0.327
0.397 0.399 0.379 0.382 0.396 0.378 0.378 0.359
0.403 0.398 0.385 0.378 0.392 0.356 0.356 0.313
0.385 0.412 0.38 0.374 0.39 0.385 0.385 0.333
0.373 0.397 0.369 0.365 0.376 0.375 0.375 0.32
0.388 0.4 0.372 0.373 0.389 0.388 0.388 0.352
0.385 0.4 0.373 0.37 0.384 0.388 0.388 0.352
0.354 0.387 0.336 0.343 0.354 0.373 0.373 0.314
0.404 0.421 0.386 0.38 0.408 0.415 0.415 0.377
0.392 0.408 0.377 0.377 0.391 0.378 0.378 0.346
0.41 0.421 0.397 0.397 0.413 0.378 0.378 0.346
0.411 0.421 0.41 0.4 0.415 0.381 0.381 0.352
0.388 0.407 0.384 0.379 0.391 0.412 0.412 0.386
0.372 0.401 0.355 0.364 0.377 0.375 0.375 0.321
0.384 0.397 0.37 0.367 0.383 0.33 0.33 0.296
0.407 0.432 0.387 0.385 0.407 0.405 0.405 0.358
0.401 0.41 0.398 0.389 0.401 0.375 0.376 0.343
0.37 0.376 0.369 0.36 0.371 0.378 0.378 0.327
0.39 0.401 0.369 0.369 0.382 0.365 0.365 0.338
0.372 0.398 0.364 0.371 0.372 0.409 0.409 0.362
0.393 0.412 0.375 0.375 0.39 0.393 0.393 0.335
0.382 0.386 0.369 0.371 0.383 0.393 0.393 0.358
0.39 0.398 0.385 0.379 0.391 0.384 0.384 0.332
0.365 0.365 0.35 0.35 0.366 0.377 0.377 0.328
0.416 0.429 0.397 0.398 0.418 0.38 0.382 0.345
0.393 0.392 0.379 0.38 0.393 0.4 0.4 0.336
0.436 0.451 0.416 0.413 0.435 0.363 0.363 0.337
0.393 0.394 0.37 0.366 0.383 0.362 0.362 0.342
0.42 0.432 0.397 0.398 0.42 0.394 0.394 0.354
0.376 0.398 0.356 0.358 0.375 0.353 0.353 0.337
0.393 0.42 0.371 0.379 0.398 0.402 0.402 0.361
0.39 0.384 0.376 0.377 0.393 0.408 0.408 0.358
0.388 0.391 0.373 0.361 0.378 0.386 0.386 0.344
0.395 0.399 0.38 0.39 0.395 0.387 0.386 0.354
0.389 0.398 0.378 0.38 0.389 0.386 0.386 0.351
0.45 0.445 0.429 0.423 0.438 0.382 0.382 0.352
0.388 0.391 0.368 0.376 0.387 0.38 0.38 0.333
0.414 0.396 0.389 0.393 0.398 0.39 0.39 0.331
0.399 0.375 0.383 0.38 0.387 0.369 0.369 0.336
0.405 0.411 0.392 0.384 0.41 0.375 0.375 0.325
0.402 0.414 0.399 0.39 0.402 0.356 0.356 0.331
0.389 0.399 0.375 0.389 0.404 0.398 0.398 0.357
0.394 0.405 0.391 0.396 0.404 0.397 0.397 0.36
0.376 0.381 0.361 0.355 0.375 0.354 0.355 0.323
0.386 0.384 0.369 0.378 0.384 0.379 0.379 0.342
0.41 0.426 0.392 0.393 0.403 0.365 0.366 0.325
0.407 0.414 0.385 0.387 0.397 0.382 0.377 0.346
0.402 0.406 0.387 0.393 0.401 0.386 0.387 0.327
0.404 0.437 0.389 0.393 0.406 0.367 0.367 0.337
0.391 0.381 0.37 0.373 0.384 0.392 0.391 0.341
0.366 0.372 0.356 0.354 0.367 0.361 0.361 0.317
0.396 0.408 0.393 0.386 0.396 0.407 0.4 0.386
0.389 0.394 0.366 0.374 0.381 0.371 0.371 0.342
0.357 0.382 0.341 0.344 0.357 0.373 0.372 0.324
0.376 0.396 0.364 0.364 0.376 0.364 0.364 0.337
0.403 0.416 0.369 0.367 0.388 0.386 0.386 0.336
0.383 0.391 0.378 0.378 0.383 0.384 0.384 0.344
0.416 0.418 0.393 0.387 0.405 0.383 0.383 0.358
0.396 0.403 0.381 0.376 0.397 0.345 0.345 0.321
0.392 0.392 0.391 0.377 0.39 0.383 0.383 0.344
0.385 0.402 0.374 0.382 0.384 0.38 0.38 0.328
0.37 0.378 0.352 0.355 0.37 0.372 0.372 0.329
0.401 0.401 0.383 0.389 0.41 0.401 0.401 0.369
0.423 0.419 0.399 0.398 0.413 0.395 0.395 0.365
0.402 0.41 0.384 0.389 0.403 0.337 0.337 0.314
0.409 0.403 0.391 0.391 0.406 0.381 0.381 0.356
0.358 0.382 0.343 0.341 0.358 0.351 0.351 0.314
0.412 0.428 0.4 0.411 0.418 0.388 0.388 0.338
0.384 0.404 0.37 0.372 0.384 0.374 0.374 0.353
0.409 0.422 0.395 0.398 0.409 0.363 0.363 0.343
0.368 0.388 0.36 0.361 0.368 0.352 0.352 0.313
0.416 0.417 0.402 0.409 0.419 0.382 0.382 0.355
0.368 0.389 0.354 0.358 0.368 0.361 0.361 0.328
0.414 0.41 0.386 0.379 0.401 0.413 0.413 0.379
0.382 0.395 0.373 0.368 0.384 0.36 0.36 0.327
0.434 0.415 0.403 0.408 0.417 0.392 0.392 0.333
0.355 0.359 0.341 0.337 0.355 0.375 0.375 0.32
0.383 0.393 0.379 0.384 0.382 0.414 0.414 0.35
0.416 0.422 0.399 0.409 0.413 0.361 0.361 0.321
0.382 0.399 0.366 0.369 0.384 0.354 0.352 0.305
0.386 0.39 0.375 0.38 0.387 0.394 0.394 0.343
0.378 0.372 0.365 0.371 0.377 0.36 0.36 0.319
0.412 0.404 0.393 0.395 0.411 0.368 0.368 0.336
0.38 0.386 0.353 0.348 0.374 0.371 0.372 0.323
0.355 0.384 0.349 0.348 0.354 0.351 0.351 0.327
0.386 0.397 0.379 0.379 0.388 0.372 0.372 0.321
0.401 0.431 0.39 0.387 0.401 0.37 0.37 0.34
0.379 0.401 0.368 0.369 0.379 0.37 0.37 0.336
0.39 0.389 0.38 0.372 0.39 0.399 0.399 0.343
0.409 0.406 0.383 0.39 0.393 0.396 0.396 0.36
0.397 0.371 0.358 0.365 0.381 0.363 0.363 0.331
0.376 0.391 0.364 0.362 0.38 0.385 0.385 0.37
0.387 0.404 0.391 0.372 0.392 0.385 0.385 0.345
0.392 0.395 0.374 0.378 0.385 0.385 0.385 0.329
0.424 0.456 0.407 0.404 0.425 0.411 0.411 0.371
0.415 0.414 0.406 0.406 0.415 0.373 0.371 0.344
0.397 0.402 0.39 0.39 0.396 0.382 0.384 0.348
0.379 0.403 0.368 0.375 0.38 0.388 0.388 0.347
0.392 0.375 0.381 0.389 0.398 0.369 0.369 0.33
0.387 0.387 0.375 0.37 0.386 0.367 0.366 0.335
0.388 0.402 0.384 0.379 0.388 0.366 0.367 0.337
0.375 0.368 0.359 0.357 0.375 0.363 0.363 0.33
0.407 0.426 0.403 0.397 0.407 0.351 0.351 0.312
0.426 0.439 0.413 0.416 0.427 0.388 0.388 0.338
0.41 0.414 0.397 0.391 0.416 0.404 0.404 0.357
0.396 0.395 0.375 0.381 0.396 0.351 0.351 0.324
0.389 0.402 0.37 0.375 0.389 0.383 0.383 0.343
0.408 0.403 0.388 0.388 0.4 0.394 0.394 0.344
0.382 0.382 0.361 0.372 0.37 0.379 0.379 0.352
0.379 0.378 0.363 0.351 0.371 0.368 0.368 0.314
0.422 0.422 0.412 0.412 0.423 0.402 0.402 0.341
0.396 0.401 0.386 0.38 0.407 0.386 0.386 0.342
0.38 0.386 0.363 0.367 0.38 0.365 0.365 0.333
0.401 0.41 0.387 0.393 0.4 0.414 0.415 0.366
0.388 0.405 0.374 0.374 0.389 0.362 0.362 0.321
0.38 0.382 0.37 0.374 0.38 0.35 0.35 0.337
0.381 0.408 0.369 0.373 0.384 0.386 0.386 0.34
0.405 0.403 0.387 0.39 0.407 0.372 0.372 0.324
0.386 0.413 0.381 0.389 0.399 0.367 0.367 0.331
0.376 0.388 0.374 0.373 0.377 0.344 0.345 0.315
0.396 0.432 0.38 0.38 0.396 0.382 0.382 0.347
0.395 0.393 0.389 0.383 0.397 0.371 0.371 0.348
0.391 0.41 0.368 0.375 0.395 0.377 0.377 0.328
0.391 0.42 0.373 0.38 0.391 0.406 0.406 0.366
0.399 0.415 0.39 0.385 0.403 0.382 0.382 0.348
0.405 0.421 0.387 0.394 0.404 0.405 0.405 0.361
0.382 0.397 0.366 0.368 0.381 0.341 0.341 0.294
0.378 0.38 0.365 0.372 0.376 0.354 0.354 0.296
0.397 0.407 0.383 0.38 0.397 0.397 0.397 0.366
0.403 0.422 0.386 0.39 0.403 0.38 0.38 0.348
0.395 0.4 0.381 0.379 0.395 0.368 0.368 0.335
0.405 0.408 0.385 0.39 0.404 0.385 0.385 0.332
0.412 0.397 0.4 0.403 0.416 0.383 0.383 0.327
0.409 0.421 0.39 0.396 0.404 0.409 0.409 0.347
0.379 0.364 0.366 0.368 0.376 0.384 0.378 0.333
0.385 0.404 0.366 0.371 0.384 0.366 0.367 0.324
0.371 0.392 0.365 0.364 0.371 0.361 0.361 0.312
0.404 0.414 0.401 0.402 0.407 0.367 0.367 0.353
0.382 0.416 0.369 0.354 0.381 0.376 0.376 0.323
0.395 0.406 0.384 0.388 0.395 0.349 0.349 0.311
0.386 0.41 0.368 0.368 0.388 0.373 0.373 0.329
0.404 0.422 0.384 0.379 0.402 0.379 0.379 0.348
0.399 0.409 0.383 0.379 0.39 0.401 0.401 0.369
0.414 0.427 0.393 0.397 0.415 0.378 0.378 0.359
0.411 0.433 0.391 0.394 0.411 0.38 0.38 0.344
0.392 0.389 0.369 0.37 0.38 0.344 0.345 0.36
0.427 0.41 0.402 0.404 0.414 0.428 0.428 0.375
0.407 0.425 0.398 0.401 0.409 0.379 0.379 0.342
0.422 0.407 0.384 0.386 0.407 0.393 0.393 0.36
0.37 0.39 0.361 0.356 0.375 0.38 0.38 0.335
0.413 0.414 0.395 0.39 0.417 0.4 0.4 0.339
0.402 0.393 0.384 0.384 0.4 0.348 0.344 0.32
0.43 0.431 0.409 0.411 0.429 0.392 0.392 0.341
0.406 0.422 0.391 0.39 0.406 0.378 0.378 0.357
0.402 0.402 0.385 0.385 0.396 0.391 0.391 0.341
0.38 0.374 0.37 0.368 0.371 0.356 0.356 0.32
0.401 0.407 0.394 0.385 0.4 0.365 0.365 0.328
0.381 0.39 0.368 0.367 0.383 0.38 0.38 0.34
0.38 0.383 0.372 0.364 0.379 0.401 0.401 0.363
0.396 0.414 0.388 0.386 0.396 0.394 0.394 0.354
0.395 0.405 0.389 0.38 0.396 0.371 0.371 0.309
0.388 0.405 0.378 0.375 0.388 0.387 0.387 0.333
0.399 0.395 0.363 0.365 0.384 0.393 0.393 0.352
0.395 0.42 0.379 0.38 0.395 0.373 0.373 0.35
0.384 0.399 0.368 0.368 0.381 0.363 0.363 0.33
0.404 0.414 0.398 0.398 0.402 0.364 0.363 0.342
0.387 0.418 0.374 0.373 0.388 0.391 0.391 0.351
0.38 0.395 0.371 0.364 0.384 0.354 0.354 0.335
0.407 0.447 0.398 0.396 0.417 0.393 0.393 0.358
0.4 0.422 0.378 0.389 0.4 0.383 0.383 0.339
0.367 0.393 0.357 0.358 0.366 0.364 0.364 0.324
0.388 0.419 0.369 0.377 0.388 0.395 0.395 0.318
0.423 0.399 0.4 0.397 0.415 0.384 0.384 0.339
0.408 0.445 0.393 0.401 0.408 0.356 0.356 0.325
0.393 0.414 0.383 0.376 0.395 0.369 0.369 0.323
0.371 0.385 0.356 0.355 0.371 0.376 0.376 0.329
0.398 0.389 0.392 0.39 0.398 0.367 0.367 0.327
0.371 0.391 0.355 0.357 0.372 0.368 0.367 0.329
0.407 0.417 0.398 0.396 0.409 0.374 0.374 0.329
0.391 0.393 0.378 0.369 0.392 0.377 0.377 0.33
0.402 0.4 0.387 0.385 0.403 0.385 0.385 0.33
0.406 0.401 0.394 0.406 0.399 0.384 0.382 0.356
0.382 0.388 0.361 0.373 0.382 0.364 0.364 0.338
0.388 0.406 0.364 0.362 0.388 0.398 0.397 0.364
0.369 0.367 0.354 0.351 0.369 0.343 0.343 0.296
0.397 0.4 0.381 0.376 0.388 0.359 0.359 0.321
0.378 0.42 0.368 0.37 0.377 0.36 0.36 0.338
0.366 0.38 0.358 0.354 0.368 0.381 0.38 0.346
0.371 0.39 0.358 0.36 0.374 0.387 0.387 0.343
0.413 0.43 0.388 0.39 0.414 0.4 0.4 0.369
0.43 0.433 0.415 0.421 0.429 0.361 0.361 0.339
0.418 0.437 0.397 0.396 0.409 0.387 0.388 0.354
0.421 0.406 0.405 0.413 0.421 0.357 0.357 0.355
0.403 0.417 0.4 0.398 0.405 0.38 0.38 0.354
0.377 0.395 0.358 0.365 0.38 0.417 0.417 0.349
0.438 0.42 0.411 0.418 0.436 0.405 0.405 0.363
0.392 0.393 0.384 0.38 0.393 0.368 0.368 0.341
0.44 0.436 0.431 0.428 0.429 0.361 0.361 0.322
0.384 0.378 0.364 0.356 0.369 0.387 0.387 0.331
0.423 0.422 0.418 0.422 0.424 0.387 0.387 0.343
0.406 0.408 0.392 0.392 0.405 0.374 0.374 0.329
0.413 0.425 0.39 0.388 0.402 0.403 0.403 0.369
0.392 0.396 0.387 0.392 0.396 0.39 0.39 0.345
0.396 0.397 0.366 0.367 0.385 0.386 0.386 0.346
0.402 0.425 0.392 0.389 0.407 0.373 0.373 0.344
0.436 0.445 0.412 0.407 0.431 0.399 0.399 0.358
0.404 0.429 0.394 0.392 0.403 0.386 0.386 0.34
0.393 0.407 0.376 0.378 0.392 0.389 0.389 0.32
0.393 0.384 0.373 0.368 0.384 0.382 0.382 0.33
0.418 0.425 0.404 0.409 0.419 0.409 0.409 0.359
0.396 0.413 0.38 0.389 0.397 0.384 0.385 0.345
0.383 0.413 0.367 0.363 0.382 0.367 0.367 0.32
0.34 0.364 0.326 0.318 0.341 0.389 0.389 0.347
0.419 0.405 0.398 0.398 0.408 0.356 0.356 0.317
0.401 0.393 0.377 0.376 0.388 0.389 0.389 0.343
0.388 0.386 0.378 0.378 0.389 0.406 0.406 0.343
0.383 0.392 0.374 0.376 0.383 0.389 0.389 0.343
0.39 0.404 0.379 0.382 0.39 0.414 0.414 0.343
0.431 0.43 0.412 0.413 0.426 0.407 0.407 0.357
0.393 0.388 0.395 0.39 0.394 0.361 0.361 0.315
0.379 0.414 0.368 0.366 0.38 0.354 0.354 0.326
0.427 0.444 0.41 0.406 0.424 0.382 0.382 0.348
0.399 0.434 0.393 0.391 0.399 0.376 0.376 0.357
0.341 0.367 0.335 0.325 0.341 0.363 0.363 0.32
0.403 0.419 0.377 0.385 0.398 0.346 0.346 0.315
0.38 0.38 0.368 0.359 0.37 0.389 0.389 0.331
0.403 0.42 0.389 0.398 0.403 0.361 0.361 0.315
0.373 0.392 0.346 0.342 0.363 0.385 0.385 0.346
0.362 0.381 0.352 0.351 0.362 0.388 0.388 0.344
0.419 0.423 0.404 0.396 0.419 0.378 0.378 0.341
0.402 0.416 0.396 0.392 0.402 0.383 0.383 0.355
0.409 0.421 0.398 0.399 0.409 0.406 0.406 0.356
0.41 0.41 0.394 0.392 0.402 0.385 0.385 0.324
0.356 0.354 0.334 0.334 0.347 0.331 0.33 0.294
0.383 0.404 0.371 0.37 0.384 0.355 0.357 0.32
0.411 0.415 0.388 0.377 0.399 0.391 0.391 0.353
0.41 0.394 0.397 0.389 0.407 0.372 0.372 0.331
0.369 0.396 0.362 0.354 0.369 0.359 0.359 0.319
0.364 0.405 0.353 0.347 0.362 0.373 0.373 0.322
0.42 0.439 0.407 0.402 0.422 0.4 0.4 0.345
0.423 0.405 0.395 0.396 0.416 0.381 0.381 0.337
