0.591 0.591 0.508 0.499 0.591 0.482 0.485 0.558
0.588 0.588 0.485 0.484 0.588 0.47 0.47 0.572
0.589 0.589 0.49 0.512 0.589 0.448 0.45 0.501
0.593 0.593 0.488 0.496 0.593 0.45 0.447 0.512
0.582 0.582 0.512 0.5 0.582 0.476 0.475 0.544
0.586 0.586 0.492 0.504 0.586 0.488 0.482 0.578
0.601 0.601 0.507 0.505 0.601 0.48 0.479 0.546
0.589 0.589 0.469 0.496 0.589 0.453 0.455 0.549
0.61 0.61 0.485 0.471 0.61 0.482 0.482 0.577
0.581 0.581 0.515 0.508 0.581 0.461 0.466 0.52
0.612 0.612 0.523 0.505 0.612 0.472 0.471 0.56
0.594 0.594 0.5 0.48 0.594 0.479 0.479 0.585
0.588 0.588 0.498 0.486 0.588 0.456 0.454 0.499
0.608 0.608 0.533 0.471 0.608 0.458 0.457 0.543
0.632 0.632 0.464 0.504 0.632 0.465 0.464 0.536
0.579 0.579 0.455 0.492 0.579 0.473 0.465 0.531
0.584 0.584 0.491 0.499 0.584 0.47 0.472 0.538
0.573 0.573 0.49 0.483 0.573 0.477 0.467 0.494
0.578 0.578 0.47 0.491 0.578 0.448 0.446 0.47
0.593 0.593 0.501 0.489 0.593 0.458 0.455 0.473
0.611 0.611 0.493 0.492 0.611 0.464 0.455 0.583
0.6 0.6 0.503 0.503 0.6 0.476 0.472 0.535
0.605 0.605 0.496 0.492 0.605 0.44 0.437 0.513
0.578 0.578 0.523 0.483 0.578 0.458 0.457 0.542
0.592 0.592 0.512 0.486 0.592 0.469 0.465 0.519
0.597 0.597 0.498 0.495 0.597 0.446 0.444 0.487
0.618 0.618 0.494 0.479 0.618 0.454 0.447 0.538
0.601 0.601 0.496 0.494 0.601 0.454 0.458 0.512
0.583 0.583 0.507 0.482 0.583 0.455 0.452 0.47
0.603 0.603 0.487 0.526 0.603 0.459 0.46 0.489
0.596 0.597 0.475 0.509 0.596 0.473 0.474 0.566
0.572 0.572 0.52 0.5 0.572 0.481 0.475 0.537
0.577 0.577 0.481 0.495 0.577 0.507 0.505 0.578
0.593 0.593 0.498 0.535 0.593 0.438 0.442 0.497
0.571 0.571 0.507 0.477 0.571 0.434 0.436 0.518
0.617 0.617 0.486 0.502 0.617 0.477 0.477 0.611
0.59 0.59 0.512 0.513 0.59 0.475 0.471 0.564
0.595 0.595 0.483 0.509 0.595 0.503 0.498 0.584
0.577 0.577 0.515 0.49 0.577 0.484 0.484 0.547
0.586 0.586 0.493 0.486 0.586 0.488 0.479 0.555
0.598 0.598 0.484 0.508 0.598 0.456 0.454 0.534
0.619 0.619 0.519 0.476 0.619 0.456 0.456 0.554
0.591 0.591 0.491 0.495 0.591 0.484 0.484 0.574
0.58 0.58 0.504 0.49 0.58 0.476 0.472 0.535
0.597 0.597 0.508 0.514 0.597 0.444 0.446 0.504
0.611 0.611 0.501 0.52 0.611 0.481 0.48 0.55
0.6 0.6 0.528 0.498 0.6 0.485 0.48 0.565
0.613 0.612 0.496 0.533 0.613 0.47 0.472 0.567
0.596 0.595 0.528 0.507 0.596 0.472 0.473 0.57
0.58 0.58 0.514 0.536 0.58 0.465 0.453 0.555
0.616 0.616 0.515 0.52 0.616 0.469 0.47 0.551
0.597 0.597 0.516 0.507 0.597 0.47 0.47 0.556
0.566 0.566 0.486 0.521 0.566 0.457 0.457 0.531
0.604 0.604 0.51 0.493 0.604 0.425 0.421 0.443
0.558 0.558 0.512 0.506 0.558 0.475 0.473 0.541
0.568 0.568 0.505 0.51 0.568 0.485 0.482 0.546
0.597 0.596 0.5 0.473 0.597 0.455 0.454 0.537
0.595 0.595 0.493 0.491 0.595 0.452 0.451 0.538
0.596 0.597 0.501 0.498 0.596 0.49 0.509 0.576
0.606 0.606 0.515 0.522 0.606 0.464 0.466 0.53
0.576 0.576 0.492 0.523 0.576 0.502 0.504 0.576
0.585 0.585 0.49 0.537 0.585 0.492 0.499 0.577
0.577 0.577 0.505 0.489 0.577 0.475 0.473 0.547
0.6 0.6 0.497 0.488 0.6 0.465 0.464 0.521
0.585 0.585 0.492 0.511 0.585 0.459 0.461 0.497
0.565 0.565 0.491 0.511 0.565 0.491 0.498 0.556
0.581 0.581 0.492 0.513 0.581 0.523 0.523 0.578
0.614 0.614 0.507 0.477 0.614 0.46 0.473 0.591
0.588 0.588 0.502 0.515 0.588 0.476 0.479 0.513
0.597 0.597 0.495 0.5 0.598 0.471 0.472 0.586
0.588 0.588 0.499 0.486 0.588 0.47 0.459 0.529
0.602 0.602 0.51 0.513 0.602 0.469 0.468 0.543
0.548 0.548 0.491 0.498 0.548 0.482 0.486 0.533
0.586 0.586 0.482 0.487 0.586 0.47 0.471 0.56
0.608 0.608 0.514 0.492 0.608 0.43 0.432 0.505
0.622 0.622 0.502 0.507 0.622 0.535 0.532 0.615
0.594 0.594 0.512 0.518 0.594 0.519 0.521 0.57
0.627 0.627 0.499 0.484 0.627 0.478 0.483 0.537
0.572 0.572 0.515 0.485 0.572 0.552 0.552 0.574
0.598 0.598 0.444 0.449 0.598 0.47 0.458 0.592
0.622 0.622 0.473 0.456 0.621 0.48 0.485 0.551
0.59 0.59 0.527 0.5 0.59 0.479 0.479 0.562
0.586 0.586 0.51 0.489 0.586 0.462 0.463 0.513
0.593 0.593 0.524 0.514 0.593 0.491 0.499 0.584
0.556 0.556 0.503 0.511 0.556 0.491 0.497 0.543
0.583 0.582 0.482 0.478 0.583 0.462 0.455 0.54
0.611 0.611 0.504 0.508 0.611 0.482 0.488 0.564
0.591 0.591 0.489 0.525 0.591 0.438 0.44 0.541
0.629 0.629 0.515 0.489 0.629 0.435 0.429 0.514
0.579 0.579 0.497 0.52 0.579 0.467 0.467 0.548
0.582 0.583 0.514 0.502 0.582 0.463 0.464 0.527
0.593 0.593 0.509 0.493 0.593 0.484 0.482 0.556
0.592 0.592 0.512 0.495 0.592 0.445 0.443 0.507
0.588 0.588 0.504 0.522 0.588 0.489 0.49 0.584
0.602 0.602 0.48 0.465 0.602 0.484 0.484 0.581
0.589 0.588 0.494 0.491 0.589 0.464 0.459 0.52
0.577 0.577 0.505 0.493 0.577 0.47 0.471 0.523
0.588 0.588 0.505 0.524 0.588 0.478 0.483 0.529
0.618 0.618 0.506 0.519 0.618 0.449 0.447 0.512
0.611 0.61 0.508 0.482 0.611 0.492 0.473 0.524
0.585 0.585 0.492 0.519 0.585 0.497 0.496 0.59
0.581 0.581 0.459 0.516 0.581 0.473 0.477 0.559
0.597 0.597 0.526 0.526 0.597 0.444 0.439 0.516
0.589 0.589 0.485 0.477 0.589 0.439 0.423 0.488
0.588 0.588 0.528 0.495 0.588 0.479 0.477 0.554
0.582 0.582 0.499 0.508 0.582 0.495 0.497 0.561
0.59 0.59 0.481 0.492 0.59 0.446 0.447 0.563
0.593 0.593 0.51 0.486 0.593 0.458 0.456 0.491
0.603 0.602 0.497 0.499 0.603 0.469 0.47 0.526
0.601 0.601 0.485 0.512 0.601 0.464 0.456 0.506
0.604 0.604 0.495 0.483 0.604 0.478 0.474 0.527
0.591 0.591 0.479 0.509 0.591 0.482 0.486 0.546
0.586 0.586 0.512 0.478 0.586 0.506 0.507 0.587
0.603 0.603 0.488 0.492 0.603 0.486 0.486 0.587
0.606 0.605 0.504 0.498 0.606 0.459 0.461 0.508
0.593 0.593 0.508 0.473 0.593 0.466 0.465 0.562
0.611 0.611 0.513 0.484 0.612 0.434 0.426 0.518
0.601 0.601 0.51 0.491 0.601 0.491 0.488 0.577
0.603 0.603 0.498 0.481 0.603 0.477 0.475 0.549
0.597 0.597 0.5 0.502 0.597 0.535 0.531 0.578
0.623 0.623 0.48 0.51 0.623 0.439 0.433 0.548
0.604 0.604 0.496 0.515 0.604 0.452 0.446 0.541
0.6 0.6 0.473 0.471 0.6 0.49 0.49 0.582
0.583 0.583 0.489 0.489 0.583 0.51 0.507 0.572
0.585 0.585 0.478 0.521 0.585 0.447 0.45 0.499
0.63 0.63 0.539 0.5 0.63 0.435 0.429 0.528
0.613 0.613 0.493 0.519 0.613 0.483 0.482 0.579
0.59 0.59 0.525 0.502 0.59 0.502 0.505 0.598
0.619 0.619 0.492 0.504 0.619 0.475 0.475 0.564
0.627 0.627 0.491 0.508 0.627 0.451 0.445 0.521
0.608 0.608 0.506 0.51 0.608 0.405 0.401 0.452
0.591 0.591 0.489 0.495 0.591 0.526 0.525 0.59
0.601 0.601 0.482 0.494 0.601 0.491 0.491 0.592
0.597 0.597 0.505 0.508 0.597 0.464 0.455 0.522
0.594 0.594 0.496 0.516 0.594 0.48 0.477 0.559
0.607 0.607 0.5 0.494 0.607 0.493 0.497 0.577
0.6 0.6 0.502 0.492 0.6 0.445 0.44 0.545
0.601 0.601 0.48 0.5 0.601 0.474 0.469 0.576
0.581 0.581 0.474 0.476 0.581 0.458 0.462 0.548
0.614 0.614 0.484 0.513 0.614 0.466 0.47 0.586
0.602 0.602 0.519 0.512 0.602 0.464 0.453 0.551
0.578 0.578 0.482 0.498 0.578 0.472 0.476 0.528
0.578 0.578 0.491 0.514 0.578 0.481 0.478 0.578
0.59 0.59 0.495 0.513 0.59 0.474 0.475 0.577
0.607 0.607 0.502 0.477 0.607 0.458 0.458 0.559
0.608 0.608 0.513 0.489 0.608 0.44 0.434 0.48
0.593 0.593 0.493 0.512 0.593 0.47 0.459 0.54
0.576 0.576 0.488 0.49 0.576 0.424 0.428 0.511
0.607 0.607 0.501 0.479 0.607 0.467 0.465 0.507
0.576 0.576 0.472 0.495 0.576 0.504 0.501 0.549
0.613 0.612 0.508 0.521 0.613 0.463 0.461 0.529
0.618 0.617 0.5 0.497 0.618 0.453 0.453 0.552
0.585 0.585 0.483 0.537 0.585 0.472 0.466 0.545
0.587 0.586 0.512 0.503 0.587 0.478 0.474 0.505
0.582 0.582 0.524 0.502 0.582 0.475 0.476 0.543
0.594 0.594 0.513 0.485 0.594 0.513 0.514 0.588
0.592 0.591 0.505 0.489 0.592 0.406 0.41 0.472
0.593 0.593 0.491 0.485 0.593 0.466 0.463 0.545
0.625 0.625 0.496 0.501 0.625 0.432 0.432 0.506
0.586 0.586 0.514 0.514 0.586 0.472 0.473 0.543
0.586 0.586 0.481 0.475 0.586 0.472 0.466 0.508
0.597 0.597 0.487 0.479 0.597 0.452 0.462 0.537
0.615 0.615 0.492 0.488 0.615 0.471 0.468 0.495
0.607 0.607 0.518 0.502 0.607 0.47 0.474 0.606
0.592 0.592 0.504 0.496 0.592 0.468 0.471 0.564
0.614 0.614 0.494 0.492 0.613 0.46 0.461 0.564
0.599 0.599 0.503 0.507 0.599 0.521 0.522 0.604
0.581 0.581 0.499 0.492 0.581 0.459 0.459 0.522
0.608 0.608 0.498 0.523 0.608 0.447 0.442 0.494
0.61 0.61 0.47 0.483 0.61 0.452 0.449 0.56
0.62 0.62 0.497 0.504 0.62 0.485 0.497 0.606
0.628 0.628 0.509 0.479 0.628 0.468 0.468 0.619
0.598 0.598 0.506 0.503 0.599 0.463 0.474 0.558
0.589 0.589 0.499 0.482 0.589 0.476 0.47 0.576
0.578 0.578 0.501 0.495 0.578 0.486 0.479 0.501
0.583 0.582 0.495 0.505 0.583 0.474 0.478 0.582
0.625 0.624 0.483 0.5 0.624 0.517 0.517 0.626
0.593 0.593 0.491 0.491 0.593 0.487 0.473 0.585
0.621 0.621 0.498 0.501 0.621 0.506 0.505 0.61
0.572 0.572 0.473 0.505 0.572 0.482 0.483 0.574
0.593 0.593 0.521 0.494 0.593 0.442 0.432 0.481
0.59 0.59 0.497 0.486 0.59 0.488 0.488 0.543
0.595 0.595 0.496 0.485 0.595 0.489 0.487 0.559
0.594 0.594 0.475 0.52 0.594 0.458 0.461 0.545
0.602 0.602 0.51 0.518 0.602 0.492 0.492 0.615
0.611 0.611 0.488 0.496 0.611 0.471 0.471 0.574
0.566 0.566 0.509 0.519 0.566 0.475 0.476 0.544
0.606 0.606 0.481 0.503 0.606 0.446 0.446 0.546
0.586 0.586 0.478 0.509 0.586 0.497 0.492 0.521
0.626 0.626 0.502 0.502 0.626 0.492 0.494 0.558
0.604 0.604 0.527 0.471 0.604 0.488 0.487 0.555
0.597 0.597 0.5 0.49 0.597 0.452 0.435 0.536
0.586 0.586 0.5 0.497 0.586 0.48 0.48 0.547
0.582 0.582 0.476 0.51 0.582 0.501 0.509 0.564
0.619 0.619 0.498 0.49 0.619 0.438 0.435 0.545
0.603 0.603 0.496 0.503 0.603 0.456 0.454 0.483
0.608 0.608 0.534 0.526 0.608 0.476 0.478 0.564
0.609 0.609 0.501 0.515 0.609 0.461 0.456 0.483
0.611 0.611 0.505 0.504 0.611 0.516 0.51 0.581
0.602 0.602 0.537 0.483 0.602 0.493 0.487 0.525
0.611 0.611 0.514 0.512 0.611 0.496 0.494 0.565
0.62 0.62 0.497 0.508 0.62 0.445 0.437 0.503
0.601 0.601 0.485 0.455 0.601 0.466 0.47 0.537
0.594 0.594 0.475 0.509 0.594 0.471 0.469 0.551
0.614 0.614 0.505 0.511 0.614 0.494 0.492 0.601
0.606 0.606 0.486 0.467 0.606 0.478 0.477 0.543
0.619 0.619 0.492 0.516 0.619 0.462 0.461 0.578
0.605 0.605 0.492 0.499 0.605 0.458 0.459 0.566
0.592 0.592 0.512 0.489 0.592 0.495 0.487 0.542
0.588 0.589 0.49 0.5 0.588 0.458 0.451 0.498
0.587 0.587 0.496 0.492 0.587 0.492 0.488 0.581
0.615 0.615 0.496 0.487 0.615 0.475 0.472 0.541
0.592 0.592 0.509 0.48 0.592 0.515 0.503 0.588
0.624 0.624 0.521 0.493 0.624 0.496 0.494 0.608
0.61 0.61 0.499 0.502 0.61 0.477 0.466 0.55
0.621 0.621 0.516 0.499 0.621 0.487 0.484 0.579
0.587 0.586 0.471 0.505 0.587 0.442 0.437 0.535
0.601 0.601 0.487 0.469 0.601 0.477 0.477 0.561
0.604 0.604 0.483 0.501 0.604 0.48 0.475 0.555
0.607 0.607 0.502 0.531 0.607 0.473 0.466 0.542
0.583 0.583 0.508 0.487 0.583 0.472 0.473 0.522
0.599 0.599 0.481 0.504 0.599 0.467 0.46 0.561
0.635 0.635 0.481 0.502 0.635 0.523 0.519 0.632
0.581 0.581 0.504 0.458 0.58 0.458 0.462 0.528
0.613 0.613 0.517 0.518 0.613 0.453 0.453 0.576
0.593 0.593 0.51 0.513 0.593 0.469 0.469 0.548
0.597 0.597 0.495 0.494 0.597 0.462 0.459 0.545
0.577 0.577 0.507 0.517 0.577 0.472 0.472 0.545
0.599 0.599 0.484 0.514 0.599 0.451 0.436 0.509
0.599 0.599 0.483 0.504 0.599 0.478 0.478 0.602
0.599 0.599 0.526 0.506 0.599 0.464 0.461 0.559
0.59 0.59 0.5 0.5 0.59 0.478 0.479 0.583
0.598 0.598 0.51 0.505 0.598 0.458 0.458 0.581
0.594 0.595 0.508 0.507 0.595 0.454 0.442 0.477
0.596 0.596 0.497 0.488 0.596 0.47 0.465 0.533
0.615 0.613 0.493 0.485 0.615 0.461 0.461 0.577
0.65 0.65 0.505 0.518 0.65 0.514 0.514 0.629
0.603 0.603 0.501 0.526 0.603 0.477 0.48 0.534
0.603 0.603 0.482 0.491 0.603 0.488 0.486 0.548
0.588 0.588 0.498 0.514 0.588 0.473 0.472 0.565
0.598 0.598 0.475 0.499 0.598 0.497 0.492 0.568
0.601 0.601 0.496 0.524 0.601 0.46 0.463 0.586
0.611 0.611 0.488 0.512 0.611 0.446 0.443 0.498
0.615 0.615 0.493 0.528 0.615 0.424 0.417 0.479
0.604 0.604 0.472 0.493 0.604 0.444 0.447 0.538
0.577 0.577 0.532 0.492 0.577 0.491 0.495 0.558
0.59 0.59 0.471 0.493 0.59 0.463 0.464 0.564
0.593 0.593 0.509 0.492 0.593 0.456 0.454 0.569
0.618 0.618 0.49 0.485 0.618 0.483 0.485 0.571
0.616 0.616 0.508 0.505 0.616 0.507 0.514 0.613
0.601 0.601 0.507 0.53 0.601 0.466 0.463 0.553
0.604 0.604 0.53 0.5 0.604 0.501 0.502 0.58
0.595 0.595 0.477 0.51 0.595 0.519 0.521 0.598
0.572 0.572 0.522 0.507 0.572 0.494 0.487 0.55
0.598 0.598 0.517 0.515 0.598 0.469 0.468 0.537
0.58 0.58 0.49 0.493 0.58 0.517 0.514 0.54
0.61 0.61 0.491 0.495 0.61 0.499 0.501 0.559
0.589 0.589 0.482 0.511 0.589 0.526 0.526 0.607
0.596 0.596 0.522 0.514 0.596 0.478 0.477 0.538
0.594 0.594 0.507 0.502 0.594 0.45 0.454 0.494
0.601 0.601 0.488 0.518 0.601 0.478 0.473 0.561
0.605 0.605 0.484 0.523 0.605 0.51 0.51 0.592
0.589 0.589 0.498 0.49 0.589 0.481 0.481 0.585
0.622 0.622 0.488 0.495 0.622 0.517 0.513 0.595
0.611 0.61 0.533 0.504 0.611 0.494 0.484 0.56
0.598 0.598 0.503 0.501 0.598 0.455 0.454 0.549
0.609 0.609 0.517 0.475 0.609 0.467 0.466 0.586
0.585 0.585 0.521 0.496 0.585 0.473 0.474 0.553
0.588 0.588 0.494 0.495 0.588 0.52 0.518 0.585
0.569 0.569 0.5 0.501 0.569 0.488 0.478 0.516
0.59 0.59 0.494 0.511 0.59 0.499 0.492 0.568
0.613 0.613 0.5 0.493 0.613 0.496 0.496 0.618
0.576 0.576 0.509 0.489 0.576 0.478 0.484 0.537
0.596 0.596 0.52 0.506 0.596 0.505 0.5 0.594
0.597 0.597 0.454 0.478 0.597 0.511 0.511 0.566
0.619 0.619 0.49 0.496 0.619 0.418 0.422 0.473
0.613 0.613 0.506 0.497 0.613 0.44 0.437 0.553
0.582 0.582 0.499 0.489 0.582 0.478 0.478 0.568
0.58 0.58 0.499 0.507 0.58 0.446 0.447 0.504
0.616 0.616 0.504 0.494 0.616 0.484 0.484 0.589
0.614 0.614 0.494 0.494 0.614 0.474 0.472 0.529
0.59 0.59 0.496 0.521 0.59 0.461 0.46 0.511
0.591 0.591 0.503 0.478 0.591 0.533 0.533 0.575
0.607 0.607 0.488 0.499 0.607 0.489 0.485 0.56
0.585 0.585 0.494 0.494 0.585 0.46 0.46 0.566
0.585 0.585 0.518 0.491 0.585 0.453 0.455 0.549
0.597 0.597 0.493 0.492 0.597 0.513 0.506 0.587
0.608 0.608 0.486 0.496 0.608 0.442 0.443 0.485
0.6 0.6 0.491 0.527 0.6 0.466 0.465 0.543
0.588 0.588 0.504 0.515 0.588 0.489 0.489 0.587
0.582 0.581 0.51 0.506 0.582 0.457 0.454 0.581
0.609 0.609 0.522 0.493 0.609 0.456 0.46 0.591
0.596 0.596 0.513 0.545 0.596 0.474 0.473 0.55
0.593 0.593 0.494 0.486 0.593 0.453 0.453 0.528
0.597 0.597 0.495 0.518 0.597 0.504 0.504 0.59
0.575 0.575 0.504 0.498 0.575 0.482 0.481 0.54
0.588 0.588 0.498 0.5 0.59 0.452 0.456 0.555
0.602 0.602 0.473 0.503 0.602 0.48 0.477 0.567
0.595 0.595 0.482 0.512 0.595 0.464 0.456 0.523
0.612 0.612 0.516 0.494 0.612 0.441 0.437 0.522
0.587 0.587 0.507 0.496 0.587 0.505 0.497 0.575
0.612 0.612 0.481 0.484 0.612 0.488 0.485 0.581
0.61 0.61 0.484 0.501 0.611 0.454 0.459 0.557
0.573 0.573 0.518 0.507 0.573 0.459 0.46 0.512
0.603 0.603 0.488 0.496 0.603 0.439 0.438 0.518
0.591 0.59 0.484 0.493 0.591 0.453 0.453 0.525
0.575 0.575 0.504 0.509 0.575 0.481 0.476 0.54
0.592 0.592 0.474 0.482 0.592 0.497 0.498 0.586
0.585 0.585 0.497 0.507 0.585 0.483 0.491 0.534
0.599 0.599 0.508 0.523 0.599 0.481 0.487 0.553
0.587 0.587 0.485 0.486 0.587 0.483 0.489 0.563
0.577 0.577 0.484 0.475 0.577 0.455 0.452 0.517
0.616 0.616 0.488 0.509 0.617 0.515 0.511 0.607
0.589 0.589 0.46 0.515 0.589 0.472 0.464 0.552
0.569 0.569 0.479 0.493 0.569 0.476 0.48 0.549
0.595 0.595 0.508 0.515 0.595 0.439 0.429 0.484
0.608 0.607 0.5 0.502 0.608 0.442 0.437 0.552
0.593 0.593 0.52 0.518 0.593 0.461 0.458 0.558
0.602 0.602 0.517 0.51 0.602 0.424 0.422 0.539
0.6 0.6 0.527 0.508 0.6 0.495 0.489 0.603
0.605 0.605 0.503 0.491 0.605 0.47 0.466 0.525
0.589 0.589 0.537 0.492 0.589 0.457 0.455 0.528
0.624 0.624 0.509 0.496 0.624 0.504 0.5 0.61
0.61 0.61 0.54 0.468 0.61 0.457 0.452 0.502
0.608 0.608 0.495 0.506 0.607 0.507 0.499 0.613
0.566 0.566 0.499 0.499 0.566 0.477 0.477 0.554
0.608 0.608 0.503 0.486 0.608 0.478 0.477 0.58
0.615 0.615 0.507 0.499 0.615 0.493 0.493 0.611
0.593 0.593 0.518 0.478 0.593 0.48 0.479 0.575
0.594 0.594 0.52 0.477 0.594 0.479 0.48 0.565
0.568 0.568 0.503 0.494 0.568 0.502 0.502 0.571
0.578 0.578 0.494 0.49 0.578 0.467 0.476 0.536
0.605 0.605 0.458 0.495 0.605 0.492 0.492 0.603
0.606 0.606 0.48 0.515 0.606 0.436 0.443 0.566
0.581 0.581 0.518 0.497 0.581 0.463 0.463 0.565
0.612 0.612 0.507 0.498 0.612 0.445 0.447 0.555
0.61 0.61 0.53 0.498 0.61 0.478 0.481 0.597
0.585 0.585 0.504 0.486 0.585 0.462 0.461 0.548
0.611 0.612 0.488 0.518 0.611 0.448 0.449 0.467
0.622 0.622 0.506 0.49 0.622 0.465 0.464 0.519
0.622 0.621 0.502 0.472 0.622 0.414 0.417 0.512
0.59 0.59 0.504 0.506 0.59 0.471 0.479 0.544
0.591 0.591 0.515 0.513 0.591 0.449 0.458 0.547
0.596 0.596 0.506 0.497 0.596 0.485 0.485 0.596
0.591 0.591 0.526 0.507 0.591 0.478 0.474 0.587
0.591 0.591 0.505 0.535 0.591 0.462 0.47 0.537
0.595 0.595 0.511 0.518 0.595 0.489 0.49 0.579
0.618 0.618 0.489 0.484 0.618 0.451 0.45 0.491
0.599 0.599 0.508 0.495 0.599 0.482 0.479 0.573
0.602 0.602 0.5 0.498 0.602 0.432 0.423 0.463
0.598 0.598 0.507 0.526 0.598 0.453 0.44 0.536
0.589 0.589 0.524 0.481 0.589 0.476 0.47 0.548
0.581 0.581 0.508 0.511 0.581 0.489 0.491 0.526
0.613 0.612 0.486 0.512 0.613 0.469 0.465 0.547
0.61 0.61 0.485 0.48 0.61 0.452 0.446 0.534
0.629 0.629 0.535 0.495 0.629 0.442 0.433 0.48
0.591 0.591 0.502 0.489 0.591 0.469 0.47 0.572
0.596 0.596 0.499 0.49 0.596 0.446 0.455 0.539
0.616 0.616 0.52 0.508 0.616 0.453 0.447 0.534
0.605 0.605 0.524 0.502 0.605 0.481 0.479 0.521
0.598 0.598 0.48 0.492 0.598 0.473 0.478 0.548
0.602 0.602 0.472 0.5 0.602 0.46 0.471 0.572
0.599 0.599 0.5 0.5 0.599 0.481 0.474 0.558
0.594 0.595 0.496 0.504 0.594 0.484 0.475 0.562
0.587 0.587 0.501 0.528 0.587 0.456 0.458 0.542
0.622 0.622 0.483 0.505 0.622 0.468 0.461 0.529
0.591 0.592 0.536 0.47 0.591 0.465 0.454 0.516
0.598 0.598 0.513 0.514 0.598 0.485 0.48 0.543
0.614 0.614 0.49 0.487 0.614 0.467 0.459 0.586
0.597 0.596 0.492 0.481 0.597 0.451 0.449 0.505
0.594 0.594 0.495 0.5 0.594 0.465 0.464 0.546
0.62 0.62 0.528 0.52 0.62 0.493 0.497 0.581
0.605 0.605 0.525 0.472 0.605 0.464 0.456 0.527
0.604 0.604 0.493 0.486 0.604 0.441 0.439 0.471
0.593 0.593 0.498 0.503 0.593 0.453 0.458 0.541
0.557 0.557 0.514 0.486 0.557 0.47 0.465 0.503
0.603 0.603 0.521 0.481 0.603 0.498 0.502 0.567
0.616 0.616 0.512 0.516 0.616 0.437 0.438 0.584
0.605 0.605 0.512 0.499 0.605 0.428 0.441 0.474
0.625 0.625 0.512 0.513 0.625 0.422 0.413 0.499
0.616 0.616 0.506 0.489 0.616 0.441 0.439 0.54
0.608 0.608 0.472 0.508 0.608 0.492 0.485 0.562
0.617 0.617 0.494 0.493 0.617 0.418 0.42 0.462
0.618 0.618 0.502 0.526 0.618 0.448 0.44 0.504
0.625 0.625 0.532 0.497 0.625 0.45 0.446 0.529
0.589 0.589 0.528 0.474 0.589 0.48 0.473 0.563
0.609 0.611 0.461 0.511 0.611 0.44 0.438 0.501
0.583 0.583 0.496 0.497 0.583 0.496 0.495 0.571
0.585 0.585 0.521 0.514 0.585 0.476 0.469 0.561
0.586 0.586 0.502 0.524 0.586 0.447 0.455 0.502
0.596 0.596 0.518 0.516 0.596 0.485 0.472 0.567
0.585 0.585 0.474 0.49 0.585 0.454 0.456 0.533
0.611 0.611 0.494 0.491 0.611 0.441 0.445 0.545
0.594 0.594 0.49 0.514 0.594 0.514 0.514 0.607
0.585 0.585 0.487 0.523 0.585 0.489 0.488 0.581
0.594 0.594 0.492 0.498 0.594 0.507 0.507 0.588
0.63 0.63 0.513 0.478 0.63 0.467 0.468 0.567
0.612 0.612 0.497 0.512 0.612 0.481 0.481 0.528
0.582 0.582 0.503 0.505 0.582 0.481 0.485 0.57
0.612 0.612 0.484 0.512 0.612 0.496 0.493 0.607
0.582 0.582 0.476 0.496 0.582 0.53 0.529 0.578
0.606 0.606 0.533 0.472 0.606 0.466 0.455 0.543
0.577 0.577 0.503 0.496 0.577 0.433 0.429 0.552
0.597 0.597 0.499 0.492 0.597 0.478 0.485 0.558
0.609 0.61 0.5 0.496 0.61 0.496 0.491 0.598
0.571 0.571 0.523 0.497 0.571 0.506 0.499 0.569
0.584 0.584 0.496 0.487 0.584 0.485 0.477 0.538
0.598 0.598 0.5 0.523 0.599 0.449 0.448 0.489
0.602 0.602 0.515 0.505 0.602 0.499 0.496 0.596
0.571 0.571 0.488 0.476 0.571 0.494 0.491 0.574
0.588 0.588 0.495 0.484 0.588 0.48 0.482 0.564
0.598 0.598 0.502 0.455 0.598 0.433 0.427 0.486
0.585 0.585 0.5 0.51 0.585 0.509 0.509 0.588
0.613 0.613 0.501 0.479 0.613 0.508 0.51 0.589
0.595 0.595 0.512 0.528 0.595 0.451 0.446 0.529
0.59 0.589 0.51 0.501 0.59 0.526 0.526 0.589
0.613 0.612 0.499 0.528 0.613 0.46 0.459 0.554
0.603 0.603 0.504 0.506 0.603 0.454 0.454 0.567
0.611 0.611 0.487 0.498 0.611 0.49 0.493 0.58
0.584 0.584 0.473 0.502 0.584 0.491 0.487 0.556
0.613 0.613 0.524 0.529 0.613 0.501 0.501 0.586
0.6 0.6 0.482 0.509 0.6 0.481 0.475 0.545
0.604 0.603 0.477 0.506 0.604 0.474 0.474 0.507
0.621 0.621 0.505 0.511 0.621 0.472 0.472 0.602
0.602 0.602 0.478 0.53 0.602 0.476 0.474 0.578
0.604 0.604 0.505 0.501 0.606 0.46 0.461 0.533
0.616 0.616 0.47 0.481 0.616 0.45 0.458 0.523
0.6 0.6 0.528 0.514 0.6 0.489 0.489 0.589
0.605 0.605 0.499 0.487 0.605 0.453 0.451 0.564
0.606 0.606 0.518 0.526 0.606 0.45 0.45 0.576
0.597 0.597 0.502 0.502 0.597 0.481 0.478 0.539
0.579 0.579 0.477 0.531 0.579 0.437 0.437 0.548
0.599 0.599 0.498 0.495 0.599 0.504 0.502 0.559
0.58 0.58 0.475 0.531 0.58 0.46 0.468 0.51
0.605 0.605 0.502 0.504 0.605 0.481 0.483 0.559
0.598 0.598 0.494 0.473 0.598 0.472 0.473 0.56
0.595 0.595 0.485 0.506 0.595 0.427 0.434 0.544
0.585 0.585 0.502 0.516 0.585 0.508 0.506 0.583
0.594 0.593 0.512 0.509 0.594 0.482 0.485 0.58
0.609 0.609 0.505 0.483 0.609 0.441 0.445 0.532
0.575 0.575 0.511 0.518 0.575 0.465 0.472 0.513
0.607 0.607 0.519 0.52 0.607 0.459 0.459 0.514
0.588 0.588 0.479 0.502 0.588 0.47 0.47 0.489
0.581 0.581 0.485 0.525 0.581 0.471 0.47 0.54
0.588 0.588 0.504 0.512 0.588 0.474 0.472 0.521
0.588 0.588 0.486 0.46 0.588 0.47 0.472 0.546
0.602 0.602 0.483 0.479 0.602 0.445 0.443 0.544
0.604 0.604 0.486 0.49 0.604 0.474 0.473 0.597
0.581 0.582 0.493 0.515 0.581 0.466 0.464 0.531
0.616 0.616 0.511 0.505 0.616 0.42 0.419 0.437
0.603 0.603 0.501 0.506 0.603 0.489 0.486 0.6
0.604 0.604 0.472 0.471 0.604 0.48 0.465 0.519
0.571 0.571 0.512 0.508 0.571 0.499 0.491 0.559
0.625 0.625 0.477 0.497 0.625 0.468 0.471 0.602
0.604 0.604 0.507 0.505 0.604 0.473 0.479 0.567
0.609 0.609 0.536 0.499 0.609 0.485 0.484 0.575
0.582 0.582 0.509 0.492 0.582 0.463 0.465 0.545
0.586 0.585 0.5 0.512 0.586 0.501 0.508 0.558
0.604 0.604 0.479 0.517 0.604 0.428 0.429 0.556
0.605 0.605 0.49 0.533 0.605 0.472 0.466 0.527
0.591 0.59 0.515 0.505 0.591 0.467 0.467 0.505
0.547 0.547 0.492 0.503 0.547 0.493 0.492 0.524
0.586 0.586 0.487 0.508 0.587 0.473 0.479 0.566
0.579 0.579 0.498 0.481 0.579 0.478 0.473 0.573
0.613 0.613 0.497 0.506 0.613 0.481 0.477 0.55
0.589 0.588 0.501 0.5 0.589 0.468 0.47 0.547
0.612 0.612 0.496 0.478 0.612 0.462 0.455 0.505
0.615 0.615 0.52 0.501 0.615 0.467 0.459 0.557
0.58 0.58 0.483 0.504 0.58 0.484 0.48 0.579
0.627 0.627 0.53 0.487 0.627 0.462 0.456 0.563
0.619 0.619 0.52 0.507 0.619 0.482 0.479 0.568
0.607 0.607 0.505 0.493 0.607 0.462 0.466 0.559
0.563 0.563 0.516 0.49 0.563 0.476 0.482 0.541
0.61 0.61 0.504 0.479 0.61 0.452 0.452 0.506
0.601 0.601 0.52 0.52 0.601 0.501 0.5 0.564
0.594 0.594 0.506 0.485 0.594 0.438 0.438 0.532
0.61 0.61 0.499 0.496 0.61 0.482 0.479 0.559
0.58 0.58 0.501 0.5 0.581 0.496 0.495 0.537
0.599 0.599 0.486 0.502 0.599 0.467 0.455 0.557
0.583 0.583 0.474 0.506 0.583 0.466 0.47 0.529
0.609 0.609 0.484 0.474 0.609 0.517 0.518 0.598
0.597 0.598 0.501 0.52 0.597 0.447 0.451 0.517
0.623 0.623 0.488 0.51 0.623 0.476 0.472 0.601
0.58 0.58 0.497 0.511 0.58 0.496 0.496 0.587
0.624 0.624 0.493 0.503 0.624 0.412 0.404 0.498
0.592 0.592 0.507 0.476 0.592 0.454 0.452 0.497
0.6 0.6 0.486 0.51 0.6 0.472 0.471 0.53
0.598 0.598 0.495 0.496 0.598 0.483 0.472 0.515
0.617 0.617 0.497 0.524 0.617 0.445 0.445 0.593
0.607 0.607 0.491 0.512 0.607 0.498 0.494 0.567
0.571 0.571 0.48 0.506 0.571 0.525 0.518 0.569
0.59 0.59 0.499 0.531 0.59 0.476 0.477 0.569
0.588 0.588 0.517 0.506 0.588 0.437 0.438 0.514
0.591 0.591 0.494 0.506 0.591 0.484 0.48 0.565
0.612 0.612 0.509 0.492 0.612 0.464 0.465 0.586
0.59 0.59 0.482 0.505 0.59 0.465 0.469 0.506
0.592 0.592 0.504 0.526 0.592 0.433 0.43 0.523
0.595 0.595 0.516 0.482 0.595 0.459 0.458 0.541
0.601 0.601 0.509 0.491 0.601 0.481 0.481 0.559
0.59 0.59 0.518 0.526 0.59 0.501 0.501 0.586
0.6 0.6 0.482 0.495 0.6 0.462 0.463 0.554
0.596 0.596 0.504 0.516 0.596 0.476 0.478 0.577
0.613 0.613 0.492 0.505 0.613 0.448 0.441 0.575
0.604 0.604 0.483 0.517 0.604 0.474 0.473 0.576
0.599 0.599 0.503 0.528 0.599 0.474 0.474 0.586
0.64 0.64 0.526 0.519 0.64 0.406 0.399 0.468
0.572 0.572 0.512 0.483 0.572 0.485 0.487 0.564
0.59 0.59 0.495 0.511 0.59 0.461 0.461 0.57
0.604 0.603 0.503 0.532 0.604 0.469 0.456 0.525
0.57 0.57 0.501 0.493 0.57 0.489 0.498 0.574
0.586 0.586 0.541 0.485 0.586 0.454 0.453 0.47
0.62 0.62 0.52 0.519 0.62 0.463 0.461 0.551
0.592 0.592 0.507 0.495 0.592 0.489 0.49 0.577
0.609 0.609 0.488 0.488 0.609 0.463 0.46 0.534
0.601 0.601 0.498 0.515 0.601 0.504 0.502 0.561
0.596 0.596 0.472 0.543 0.596 0.48 0.476 0.588
0.615 0.615 0.515 0.512 0.615 0.433 0.429 0.495
0.63 0.63 0.498 0.504 0.63 0.489 0.489 0.623
0.587 0.587 0.479 0.492 0.587 0.495 0.496 0.561
0.605 0.605 0.486 0.475 0.605 0.458 0.459 0.528
0.577 0.577 0.483 0.51 0.577 0.457 0.457 0.544
0.576 0.576 0.518 0.493 0.576 0.473 0.479 0.526
0.584 0.585 0.511 0.483 0.584 0.474 0.473 0.526
0.602 0.602 0.477 0.501 0.602 0.48 0.484 0.575
0.572 0.572 0.523 0.521 0.572 0.471 0.459 0.529
0.595 0.595 0.485 0.553 0.595 0.476 0.474 0.542
0.601 0.601 0.509 0.496 0.601 0.451 0.451 0.46
0.587 0.587 0.518 0.493 0.587 0.485 0.482 0.584
0.602 0.602 0.513 0.497 0.602 0.483 0.484 0.578
0.622 0.622 0.477 0.481 0.622 0.453 0.454 0.539
0.592 0.592 0.499 0.505 0.592 0.498 0.499 0.584
0.59 0.59 0.523 0.491 0.59 0.469 0.468 0.593
0.579 0.579 0.506 0.516 0.579 0.454 0.451 0.511
0.568 0.568 0.514 0.515 0.568 0.448 0.458 0.533
0.616 0.616 0.477 0.506 0.616 0.442 0.443 0.55
0.578 0.578 0.498 0.514 0.577 0.464 0.464 0.576
0.591 0.591 0.504 0.507 0.591 0.5 0.512 0.572
0.591 0.591 0.514 0.527 0.591 0.478 0.479 0.55
0.607 0.607 0.523 0.49 0.607 0.426 0.419 0.454
0.588 0.588 0.511 0.519 0.588 0.437 0.436 0.552
0.601 0.601 0.506 0.473 0.601 0.427 0.424 0.482
0.613 0.613 0.474 0.493 0.613 0.422 0.422 0.493
0.596 0.596 0.492 0.508 0.596 0.474 0.476 0.569
0.605 0.605 0.489 0.502 0.605 0.451 0.452 0.557
0.596 0.596 0.484 0.507 0.596 0.475 0.46 0.522
0.624 0.624 0.475 0.526 0.624 0.421 0.417 0.493
0.606 0.606 0.497 0.508 0.606 0.495 0.502 0.578
0.607 0.607 0.528 0.494 0.607 0.503 0.506 0.602
0.615 0.615 0.518 0.52 0.615 0.469 0.466 0.598
0.608 0.608 0.459 0.492 0.608 0.502 0.499 0.604
0.603 0.603 0.505 0.492 0.603 0.473 0.473 0.53
0.59 0.59 0.482 0.481 0.59 0.468 0.472 0.525
0.613 0.614 0.494 0.523 0.613 0.473 0.473 0.493
0.584 0.583 0.497 0.478 0.584 0.501 0.514 0.561
0.584 0.584 0.506 0.507 0.584 0.497 0.497 0.584
0.594 0.594 0.486 0.518 0.594 0.502 0.499 0.594
0.584 0.584 0.481 0.532 0.584 0.446 0.443 0.528
0.606 0.606 0.486 0.505 0.606 0.478 0.478 0.533
0.615 0.615 0.503 0.527 0.615 0.435 0.435 0.545
0.585 0.585 0.479 0.507 0.585 0.459 0.458 0.569
0.603 0.603 0.495 0.489 0.603 0.49 0.492 0.532
0.591 0.591 0.524 0.492 0.591 0.489 0.495 0.56
0.61 0.611 0.502 0.5 0.61 0.435 0.427 0.492
0.613 0.613 0.49 0.499 0.613 0.484 0.484 0.579
0.595 0.595 0.517 0.5 0.595 0.439 0.449 0.542
0.59 0.59 0.494 0.515 0.59 0.497 0.494 0.601
0.579 0.579 0.488 0.494 0.579 0.49 0.49 0.564
0.563 0.563 0.496 0.538 0.563 0.501 0.5 0.549
0.591 0.591 0.477 0.487 0.591 0.509 0.508 0.583
0.611 0.611 0.481 0.515 0.611 0.457 0.455 0.57
0.588 0.588 0.503 0.518 0.588 0.466 0.459 0.535
0.595 0.595 0.511 0.492 0.595 0.485 0.484 0.575
0.589 0.589 0.48 0.507 0.589 0.459 0.457 0.584
0.616 0.616 0.508 0.472 0.616 0.486 0.48 0.564
0.593 0.592 0.486 0.506 0.593 0.47 0.477 0.514
0.608 0.608 0.495 0.493 0.608 0.453 0.453 0.582
0.593 0.593 0.485 0.488 0.593 0.472 0.472 0.525
0.579 0.579 0.489 0.49 0.579 0.453 0.451 0.445
0.593 0.593 0.518 0.479 0.593 0.463 0.464 0.533
0.596 0.596 0.533 0.463 0.596 0.464 0.448 0.522
0.606 0.607 0.502 0.503 0.606 0.452 0.459 0.588
0.643 0.643 0.481 0.481 0.643 0.452 0.447 0.515
0.601 0.601 0.489 0.509 0.601 0.449 0.437 0.551
0.627 0.627 0.495 0.503 0.627 0.473 0.473 0.582
0.617 0.616 0.494 0.533 0.617 0.465 0.464 0.542
0.591 0.591 0.515 0.513 0.591 0.494 0.498 0.556
0.598 0.598 0.507 0.496 0.598 0.471 0.462 0.532
0.612 0.612 0.545 0.508 0.612 0.502 0.512 0.617
0.601 0.601 0.5 0.491 0.601 0.458 0.461 0.507
0.583 0.583 0.498 0.513 0.583 0.546 0.547 0.586
0.577 0.577 0.513 0.511 0.577 0.45 0.446 0.541
0.602 0.603 0.514 0.528 0.602 0.468 0.47 0.543
0.593 0.593 0.517 0.49 0.593 0.451 0.45 0.528
0.582 0.582 0.502 0.531 0.582 0.473 0.473 0.562
0.568 0.568 0.503 0.486 0.568 0.475 0.474 0.576
0.593 0.593 0.514 0.512 0.593 0.531 0.532 0.588
0.586 0.586 0.488 0.528 0.586 0.49 0.493 0.584
0.588 0.588 0.485 0.512 0.588 0.461 0.457 0.525
0.601 0.601 0.485 0.492 0.601 0.446 0.444 0.528
0.59 0.59 0.5 0.504 0.59 0.457 0.457 0.506
0.58 0.58 0.506 0.478 0.58 0.497 0.509 0.575
0.606 0.606 0.517 0.496 0.606 0.458 0.451 0.539
0.573 0.573 0.529 0.528 0.573 0.476 0.482 0.536
0.585 0.585 0.5 0.511 0.585 0.489 0.497 0.559
0.581 0.581 0.505 0.498 0.581 0.472 0.475 0.563
0.599 0.599 0.509 0.515 0.599 0.472 0.47 0.539
0.593 0.593 0.505 0.47 0.593 0.459 0.459 0.527
0.579 0.579 0.518 0.475 0.579 0.488 0.487 0.561
0.595 0.595 0.474 0.511 0.595 0.479 0.482 0.582
0.616 0.616 0.505 0.491 0.616 0.451 0.455 0.538
0.581 0.581 0.5 0.518 0.581 0.465 0.466 0.537
0.583 0.583 0.494 0.51 0.583 0.487 0.493 0.556
0.596 0.596 0.501 0.523 0.596 0.488 0.487 0.594
0.586 0.586 0.494 0.499 0.586 0.456 0.465 0.516
0.594 0.594 0.503 0.491 0.594 0.481 0.475 0.562
0.58 0.58 0.517 0.446 0.58 0.487 0.485 0.535
0.634 0.634 0.488 0.493 0.634 0.489 0.488 0.612
0.595 0.595 0.495 0.488 0.595 0.469 0.475 0.547
0.597 0.597 0.5 0.498 0.597 0.449 0.453 0.517
0.59 0.59 0.495 0.495 0.59 0.473 0.471 0.547
0.592 0.592 0.49 0.53 0.592 0.494 0.49 0.532
0.588 0.588 0.51 0.508 0.588 0.458 0.475 0.542
0.595 0.595 0.495 0.504 0.595 0.465 0.465 0.578
0.599 0.599 0.507 0.514 0.599 0.47 0.477 0.535
0.604 0.604 0.491 0.504 0.604 0.472 0.465 0.566
0.616 0.616 0.505 0.498 0.616 0.499 0.499 0.601
0.583 0.583 0.519 0.52 0.583 0.465 0.465 0.581
0.612 0.612 0.482 0.514 0.612 0.443 0.444 0.528
0.617 0.617 0.525 0.502 0.617 0.444 0.44 0.508
0.596 0.596 0.493 0.478 0.596 0.498 0.501 0.57
0.618 0.617 0.529 0.498 0.618 0.475 0.474 0.58
0.62 0.62 0.519 0.496 0.62 0.43 0.43 0.481
0.607 0.607 0.498 0.468 0.607 0.486 0.49 0.602
0.6 0.6 0.477 0.487 0.6 0.485 0.482 0.574
0.604 0.604 0.503 0.511 0.604 0.491 0.486 0.55
0.594 0.594 0.476 0.494 0.594 0.439 0.44 0.545
0.608 0.608 0.494 0.504 0.608 0.516 0.507 0.578
0.59 0.59 0.509 0.491 0.59 0.449 0.459 0.5
0.596 0.596 0.506 0.483 0.595 0.481 0.472 0.54
0.609 0.609 0.495 0.505 0.609 0.473 0.475 0.543
0.604 0.604 0.511 0.481 0.604 0.462 0.469 0.56
0.592 0.592 0.528 0.494 0.592 0.478 0.476 0.561
0.62 0.62 0.525 0.512 0.62 0.471 0.46 0.59
0.573 0.572 0.484 0.487 0.572 0.475 0.474 0.55
0.607 0.607 0.489 0.489 0.607 0.477 0.477 0.554
0.602 0.602 0.51 0.478 0.602 0.462 0.458 0.553
0.611 0.611 0.49 0.506 0.611 0.485 0.487 0.572
0.62 0.62 0.521 0.497 0.62 0.475 0.483 0.604
0.605 0.605 0.504 0.486 0.605 0.47 0.469 0.577
0.574 0.574 0.497 0.526 0.574 0.459 0.457 0.535
0.584 0.584 0.476 0.485 0.584 0.481 0.481 0.58
0.581 0.581 0.506 0.496 0.581 0.467 0.468 0.524
0.594 0.594 0.486 0.467 0.594 0.489 0.491 0.521
0.586 0.586 0.494 0.518 0.586 0.445 0.442 0.514
0.599 0.599 0.491 0.502 0.599 0.47 0.457 0.548
0.61 0.61 0.492 0.503 0.61 0.484 0.48 0.599
0.6 0.6 0.471 0.474 0.6 0.45 0.442 0.497
0.62 0.62 0.501 0.494 0.62 0.447 0.439 0.512
0.61 0.61 0.483 0.475 0.61 0.473 0.476 0.559
0.612 0.612 0.503 0.493 0.612 0.475 0.475 0.61
0.584 0.584 0.503 0.528 0.584 0.481 0.482 0.575
0.582 0.582 0.502 0.497 0.583 0.453 0.457 0.49
0.61 0.61 0.476 0.514 0.61 0.499 0.494 0.549
0.573 0.573 0.483 0.505 0.572 0.455 0.449 0.495
0.579 0.579 0.498 0.489 0.579 0.476 0.474 0.578
0.609 0.609 0.496 0.475 0.609 0.49 0.491 0.556
0.585 0.585 0.525 0.532 0.585 0.482 0.485 0.537
0.605 0.605 0.5 0.496 0.605 0.439 0.432 0.527
0.599 0.598 0.471 0.525 0.598 0.459 0.459 0.529
0.597 0.597 0.511 0.49 0.597 0.488 0.492 0.57
0.587 0.587 0.5 0.494 0.587 0.451 0.458 0.541
0.631 0.631 0.512 0.507 0.631 0.438 0.438 0.497
0.601 0.601 0.498 0.529 0.601 0.474 0.468 0.557
0.592 0.592 0.501 0.473 0.592 0.423 0.418 0.478
0.626 0.626 0.508 0.482 0.626 0.449 0.447 0.568
0.597 0.597 0.477 0.496 0.597 0.494 0.491 0.507
0.575 0.575 0.507 0.484 0.575 0.449 0.45 0.543
0.615 0.615 0.514 0.484 0.615 0.486 0.486 0.596
0.606 0.606 0.497 0.491 0.606 0.467 0.465 0.56
0.594 0.594 0.492 0.523 0.594 0.499 0.497 0.557
0.563 0.563 0.515 0.503 0.563 0.509 0.51 0.567
0.581 0.581 0.502 0.517 0.581 0.473 0.469 0.54
0.585 0.585 0.511 0.493 0.585 0.483 0.483 0.568
0.601 0.601 0.497 0.486 0.601 0.459 0.453 0.557
0.599 0.599 0.511 0.513 0.599 0.475 0.473 0.577
0.596 0.596 0.51 0.499 0.596 0.468 0.475 0.552
0.615 0.615 0.477 0.531 0.615 0.475 0.467 0.547
0.6 0.6 0.52 0.515 0.6 0.45 0.449 0.537
0.583 0.583 0.485 0.494 0.583 0.482 0.482 0.567
0.592 0.592 0.517 0.507 0.592 0.488 0.487 0.584
0.594 0.594 0.487 0.469 0.594 0.474 0.471 0.575
0.581 0.581 0.489 0.493 0.581 0.479 0.484 0.502
0.578 0.578 0.507 0.493 0.578 0.456 0.459 0.531
0.62 0.62 0.495 0.507 0.62 0.477 0.479 0.555
0.592 0.592 0.524 0.488 0.592 0.459 0.449 0.539
0.599 0.599 0.501 0.519 0.599 0.472 0.467 0.562
0.592 0.594 0.504 0.484 0.592 0.481 0.483 0.566
0.606 0.606 0.495 0.47 0.606 0.471 0.473 0.546
0.613 0.613 0.507 0.51 0.613 0.468 0.465 0.533
0.613 0.613 0.517 0.499 0.613 0.491 0.492 0.596
0.584 0.584 0.53 0.494 0.584 0.465 0.448 0.542
0.593 0.593 0.511 0.495 0.593 0.43 0.431 0.502
0.606 0.607 0.521 0.514 0.606 0.436 0.439 0.542
0.614 0.614 0.485 0.515 0.614 0.483 0.485 0.568
0.604 0.604 0.518 0.498 0.604 0.434 0.426 0.499
0.618 0.618 0.5 0.5 0.618 0.504 0.504 0.62
0.622 0.622 0.54 0.508 0.622 0.457 0.448 0.539
0.608 0.608 0.52 0.519 0.608 0.448 0.444 0.527
0.612 0.612 0.532 0.487 0.612 0.45 0.454 0.537
0.624 0.624 0.494 0.483 0.624 0.5 0.5 0.607
0.598 0.598 0.497 0.498 0.598 0.465 0.458 0.509
0.576 0.576 0.534 0.504 0.576 0.47 0.475 0.568
0.598 0.598 0.494 0.491 0.598 0.469 0.46 0.516
0.597 0.597 0.531 0.504 0.597 0.475 0.478 0.566
0.61 0.61 0.483 0.491 0.61 0.454 0.451 0.487
0.621 0.621 0.477 0.516 0.621 0.459 0.457 0.514
0.583 0.583 0.494 0.494 0.583 0.461 0.455 0.547
0.6 0.6 0.508 0.503 0.6 0.488 0.488 0.563
0.597 0.597 0.495 0.499 0.597 0.439 0.441 0.527
0.581 0.581 0.495 0.505 0.581 0.488 0.497 0.581
0.589 0.589 0.486 0.514 0.589 0.474 0.473 0.524
0.623 0.623 0.506 0.491 0.623 0.459 0.461 0.549
0.593 0.593 0.517 0.491 0.593 0.463 0.462 0.562
0.587 0.587 0.513 0.525 0.587 0.496 0.495 0.582
0.62 0.62 0.527 0.488 0.62 0.468 0.464 0.569
0.623 0.623 0.488 0.508 0.623 0.472 0.475 0.572
0.592 0.593 0.476 0.492 0.592 0.425 0.429 0.494
0.612 0.612 0.5 0.502 0.612 0.455 0.451 0.544
0.6 0.6 0.507 0.492 0.6 0.46 0.454 0.541
0.602 0.602 0.499 0.477 0.602 0.448 0.456 0.508
0.586 0.586 0.466 0.486 0.586 0.481 0.482 0.584
0.595 0.595 0.522 0.481 0.595 0.477 0.476 0.595
0.604 0.604 0.485 0.518 0.604 0.503 0.505 0.61
0.608 0.608 0.517 0.472 0.608 0.448 0.449 0.523
0.579 0.579 0.501 0.518 0.579 0.457 0.454 0.537
0.576 0.576 0.496 0.476 0.576 0.477 0.477 0.575
0.616 0.616 0.522 0.516 0.616 0.485 0.48 0.584
0.624 0.624 0.518 0.468 0.624 0.472 0.468 0.534
0.599 0.599 0.531 0.496 0.599 0.482 0.48 0.578
0.577 0.577 0.488 0.52 0.577 0.486 0.483 0.568
0.604 0.604 0.529 0.486 0.604 0.482 0.475 0.573
0.6 0.602 0.496 0.517 0.602 0.476 0.476 0.58
0.622 0.622 0.499 0.474 0.622 0.442 0.442 0.529
0.619 0.619 0.515 0.503 0.619 0.479 0.479 0.579
0.568 0.568 0.5 0.492 0.568 0.49 0.505 0.576
0.614 0.613 0.516 0.52 0.614 0.438 0.437 0.528
0.608 0.608 0.502 0.516 0.608 0.468 0.471 0.563
0.593 0.593 0.503 0.515 0.593 0.447 0.447 0.577
0.596 0.596 0.492 0.496 0.596 0.48 0.479 0.56
0.602 0.602 0.507 0.498 0.602 0.481 0.474 0.584
0.595 0.595 0.517 0.506 0.595 0.456 0.46 0.589
0.573 0.573 0.5 0.478 0.573 0.482 0.486 0.57
0.625 0.625 0.481 0.502 0.625 0.433 0.431 0.465
0.601 0.601 0.526 0.502 0.601 0.463 0.455 0.529
0.608 0.608 0.491 0.487 0.608 0.493 0.484 0.579
0.578 0.578 0.485 0.518 0.578 0.503 0.499 0.554
0.594 0.594 0.532 0.505 0.594 0.464 0.466 0.577
0.588 0.588 0.491 0.495 0.588 0.469 0.461 0.537
0.597 0.597 0.477 0.503 0.597 0.468 0.465 0.515
0.592 0.592 0.479 0.505 0.592 0.474 0.464 0.54
0.592 0.592 0.474 0.496 0.592 0.488 0.488 0.565
0.586 0.586 0.523 0.491 0.586 0.464 0.456 0.524
0.597 0.597 0.522 0.489 0.597 0.479 0.466 0.565
0.6 0.6 0.508 0.527 0.6 0.484 0.482 0.553
0.567 0.567 0.478 0.52 0.567 0.486 0.486 0.554
0.606 0.606 0.479 0.51 0.606 0.511 0.51 0.583
0.586 0.586 0.503 0.526 0.586 0.488 0.493 0.521
0.605 0.605 0.532 0.49 0.605 0.477 0.477 0.619
0.611 0.611 0.485 0.467 0.611 0.472 0.471 0.578
0.6 0.6 0.532 0.484 0.6 0.468 0.468 0.552
0.592 0.592 0.496 0.498 0.592 0.497 0.501 0.563
0.604 0.604 0.473 0.485 0.604 0.465 0.461 0.523
0.592 0.592 0.52 0.496 0.592 0.48 0.478 0.54
0.593 0.593 0.479 0.502 0.593 0.465 0.46 0.538
0.611 0.611 0.503 0.503 0.611 0.464 0.455 0.542
0.586 0.586 0.522 0.502 0.586 0.484 0.484 0.582
0.601 0.601 0.461 0.49 0.601 0.487 0.486 0.615
0.603 0.603 0.497 0.535 0.603 0.486 0.486 0.582
0.575 0.575 0.479 0.49 0.575 0.457 0.463 0.52
0.58 0.58 0.509 0.498 0.58 0.478 0.462 0.55
0.629 0.629 0.521 0.505 0.629 0.48 0.473 0.54
0.587 0.587 0.468 0.497 0.587 0.482 0.485 0.564
0.595 0.595 0.5 0.511 0.595 0.49 0.498 0.596
0.583 0.583 0.475 0.511 0.583 0.482 0.475 0.56
0.575 0.575 0.491 0.521 0.575 0.466 0.47 0.522
0.593 0.593 0.496 0.509 0.593 0.472 0.473 0.516
0.587 0.587 0.524 0.488 0.587 0.485 0.481 0.523
0.59 0.59 0.506 0.503 0.59 0.43 0.423 0.477
0.575 0.575 0.484 0.498 0.575 0.477 0.475 0.552
0.609 0.609 0.497 0.48 0.609 0.452 0.446 0.562
0.616 0.616 0.493 0.528 0.616 0.475 0.475 0.578
0.599 0.598 0.517 0.465 0.599 0.45 0.45 0.508
0.591 0.591 0.478 0.515 0.591 0.482 0.473 0.552
0.592 0.591 0.499 0.526 0.592 0.484 0.488 0.573
0.6 0.6 0.475 0.509 0.6 0.464 0.454 0.564
0.588 0.587 0.509 0.49 0.588 0.48 0.472 0.552
0.6 0.6 0.494 0.494 0.6 0.49 0.491 0.566
0.605 0.605 0.505 0.509 0.605 0.499 0.499 0.591
0.587 0.587 0.472 0.506 0.587 0.422 0.422 0.514
0.629 0.629 0.51 0.505 0.629 0.489 0.489 0.619
0.609 0.609 0.483 0.518 0.609 0.42 0.42 0.509
0.592 0.592 0.498 0.538 0.592 0.466 0.456 0.539
0.602 0.603 0.504 0.486 0.602 0.469 0.467 0.552
0.612 0.611 0.509 0.482 0.612 0.442 0.442 0.487
0.588 0.588 0.497 0.494 0.588 0.46 0.462 0.587
0.573 0.574 0.493 0.505 0.573 0.511 0.517 0.568
0.571 0.571 0.502 0.482 0.571 0.467 0.464 0.541
0.612 0.612 0.492 0.496 0.612 0.484 0.485 0.606
0.603 0.603 0.492 0.491 0.603 0.463 0.448 0.562
0.614 0.614 0.525 0.488 0.615 0.439 0.436 0.496
0.576 0.576 0.5 0.496 0.576 0.465 0.469 0.515
0.573 0.573 0.528 0.494 0.573 0.49 0.482 0.591
0.579 0.579 0.491 0.497 0.579 0.466 0.474 0.571
0.593 0.593 0.491 0.516 0.593 0.455 0.45 0.532
0.609 0.609 0.493 0.475 0.609 0.446 0.445 0.508
0.586 0.586 0.508 0.491 0.586 0.456 0.458 0.525
0.592 0.592 0.505 0.511 0.592 0.455 0.456 0.582
0.595 0.595 0.493 0.493 0.595 0.514 0.512 0.577
0.619 0.619 0.491 0.499 0.619 0.47 0.474 0.578
0.585 0.586 0.519 0.502 0.586 0.463 0.464 0.555
0.591 0.591 0.496 0.512 0.591 0.481 0.478 0.523
0.622 0.622 0.529 0.491 0.622 0.484 0.49 0.588
0.59 0.59 0.495 0.486 0.59 0.468 0.461 0.571
0.595 0.596 0.496 0.503 0.596 0.454 0.468 0.546
0.609 0.609 0.495 0.509 0.609 0.466 0.463 0.594
0.605 0.605 0.52 0.497 0.605 0.481 0.478 0.547
0.569 0.569 0.536 0.482 0.569 0.494 0.494 0.551
0.585 0.585 0.498 0.48 0.585 0.449 0.442 0.541
0.595 0.595 0.482 0.479 0.595 0.496 0.493 0.603
0.576 0.576 0.498 0.494 0.576 0.508 0.507 0.581
0.599 0.599 0.505 0.503 0.599 0.484 0.492 0.577
0.621 0.621 0.504 0.498 0.621 0.547 0.545 0.615
0.605 0.605 0.517 0.505 0.605 0.483 0.486 0.566
0.594 0.594 0.491 0.51 0.594 0.447 0.444 0.52
0.591 0.591 0.482 0.531 0.591 0.49 0.483 0.566
0.601 0.603 0.504 0.5 0.602 0.487 0.487 0.553
0.626 0.626 0.515 0.508 0.626 0.487 0.482 0.592
0.625 0.625 0.48 0.498 0.625 0.468 0.468 0.536
0.592 0.592 0.517 0.479 0.592 0.491 0.486 0.592
0.598 0.598 0.534 0.508 0.598 0.488 0.488 0.557
0.569 0.569 0.477 0.514 0.569 0.51 0.515 0.548
0.585 0.585 0.501 0.511 0.585 0.472 0.467 0.597
0.584 0.584 0.504 0.488 0.584 0.476 0.477 0.528
0.565 0.565 0.477 0.486 0.565 0.484 0.475 0.558
0.594 0.594 0.504 0.493 0.594 0.495 0.495 0.596
0.59 0.59 0.509 0.496 0.59 0.459 0.468 0.513
0.623 0.623 0.496 0.509 0.623 0.478 0.474 0.572
0.602 0.602 0.493 0.496 0.602 0.48 0.47 0.538
0.61 0.61 0.495 0.477 0.61 0.459 0.464 0.524
0.595 0.595 0.502 0.483 0.595 0.441 0.451 0.519
0.577 0.577 0.503 0.514 0.577 0.492 0.492 0.575
0.595 0.595 0.501 0.49 0.595 0.46 0.461 0.499
0.572 0.573 0.521 0.506 0.572 0.478 0.483 0.547
0.59 0.59 0.48 0.521 0.59 0.479 0.485 0.569
0.594 0.594 0.497 0.501 0.594 0.498 0.498 0.56
0.616 0.616 0.486 0.5 0.616 0.484 0.495 0.602
0.587 0.587 0.502 0.512 0.587 0.484 0.475 0.565
0.587 0.587 0.49 0.479 0.587 0.481 0.472 0.556
0.609 0.609 0.498 0.489 0.609 0.449 0.446 0.527
0.602 0.602 0.51 0.513 0.602 0.489 0.489 0.566
0.605 0.605 0.514 0.494 0.605 0.5 0.499 0.57
0.561 0.561 0.502 0.514 0.561 0.467 0.47 0.574
0.594 0.594 0.487 0.49 0.594 0.522 0.522 0.591
0.607 0.608 0.5 0.492 0.607 0.513 0.5 0.525
0.615 0.615 0.508 0.503 0.615 0.44 0.439 0.511
0.594 0.593 0.511 0.49 0.594 0.452 0.451 0.547
0.599 0.599 0.526 0.495 0.599 0.476 0.476 0.584
0.614 0.614 0.531 0.526 0.614 0.474 0.473 0.554
0.618 0.618 0.501 0.499 0.618 0.465 0.465 0.576
0.594 0.594 0.471 0.454 0.594 0.467 0.464 0.54
0.6 0.6 0.511 0.479 0.6 0.466 0.462 0.538
0.601 0.601 0.491 0.462 0.601 0.539 0.539 0.605
0.636 0.636 0.493 0.518 0.636 0.491 0.491 0.577
0.589 0.589 0.496 0.526 0.589 0.46 0.453 0.524
0.586 0.586 0.498 0.466 0.586 0.457 0.448 0.552
0.59 0.59 0.494 0.513 0.59 0.511 0.513 0.57
0.628 0.628 0.53 0.49 0.628 0.487 0.487 0.583
0.603 0.603 0.492 0.508 0.603 0.457 0.45 0.539
0.619 0.619 0.496 0.516 0.619 0.472 0.482 0.532
0.602 0.602 0.487 0.515 0.602 0.485 0.483 0.565
0.594 0.594 0.474 0.521 0.594 0.441 0.445 0.563
0.581 0.581 0.491 0.491 0.581 0.454 0.452 0.514
0.583 0.583 0.449 0.515 0.582 0.463 0.464 0.559
0.573 0.573 0.503 0.476 0.573 0.501 0.498 0.576
0.595 0.595 0.509 0.504 0.595 0.485 0.485 0.564
0.606 0.605 0.518 0.528 0.606 0.456 0.456 0.57
0.602 0.602 0.533 0.479 0.602 0.454 0.458 0.576
0.579 0.579 0.515 0.508 0.579 0.503 0.495 0.585
0.604 0.604 0.49 0.503 0.604 0.416 0.424 0.541
0.615 0.615 0.486 0.511 0.615 0.446 0.445 0.556
0.611 0.611 0.481 0.509 0.611 0.447 0.452 0.518
0.592 0.592 0.513 0.492 0.592 0.483 0.481 0.59
0.603 0.603 0.522 0.529 0.603 0.469 0.463 0.591
0.612 0.612 0.512 0.501 0.612 0.429 0.42 0.472
0.602 0.602 0.442 0.486 0.602 0.456 0.452 0.516
0.604 0.604 0.469 0.497 0.604 0.443 0.453 0.554
0.597 0.597 0.518 0.509 0.597 0.495 0.496 0.599
0.619 0.619 0.486 0.489 0.619 0.458 0.455 0.601
0.605 0.606 0.49 0.483 0.605 0.45 0.457 0.54
0.582 0.582 0.515 0.491 0.582 0.472 0.462 0.587
0.603 0.603 0.503 0.492 0.603 0.453 0.455 0.539
0.601 0.601 0.516 0.49 0.601 0.435 0.437 0.486
0.591 0.591 0.497 0.49 0.591 0.439 0.44 0.55
0.596 0.596 0.471 0.5 0.596 0.483 0.482 0.594
0.627 0.627 0.48 0.494 0.627 0.437 0.434 0.491
0.572 0.572 0.514 0.5 0.572 0.46 0.46 0.535
0.601 0.601 0.499 0.465 0.601 0.485 0.494 0.59
0.586 0.586 0.49 0.5 0.586 0.457 0.451 0.569
0.606 0.606 0.48 0.502 0.606 0.444 0.458 0.56
0.611 0.611 0.499 0.535 0.611 0.45 0.44 0.518
0.618 0.618 0.528 0.464 0.618 0.489 0.49 0.581
0.604 0.604 0.487 0.526 0.604 0.455 0.454 0.53
0.626 0.626 0.503 0.498 0.626 0.482 0.47 0.59
0.591 0.591 0.494 0.511 0.591 0.456 0.461 0.549
0.572 0.571 0.512 0.495 0.572 0.474 0.469 0.552
0.613 0.613 0.505 0.521 0.613 0.443 0.445 0.521
0.602 0.602 0.507 0.481 0.602 0.478 0.48 0.54
0.59 0.59 0.518 0.529 0.59 0.501 0.496 0.572
0.557 0.556 0.511 0.503 0.557 0.473 0.47 0.511
0.587 0.587 0.493 0.503 0.587 0.437 0.436 0.503
0.602 0.602 0.508 0.508 0.601 0.467 0.46 0.526
0.595 0.595 0.504 0.511 0.595 0.505 0.501 0.574
0.607 0.607 0.501 0.498 0.607 0.429 0.431 0.524
0.585 0.585 0.493 0.508 0.585 0.481 0.485 0.511
0.607 0.607 0.511 0.476 0.607 0.438 0.439 0.506
0.596 0.596 0.526 0.494 0.596 0.477 0.476 0.551
0.594 0.595 0.517 0.528 0.594 0.456 0.455 0.527
0.601 0.601 0.511 0.481 0.601 0.464 0.471 0.546
0.622 0.622 0.47 0.487 0.622 0.45 0.431 0.518
0.592 0.592 0.501 0.51 0.592 0.479 0.479 0.577
0.624 0.624 0.511 0.483 0.624 0.426 0.426 0.511
0.577 0.577 0.504 0.506 0.577 0.431 0.435 0.552
0.602 0.602 0.503 0.521 0.602 0.486 0.486 0.572
0.575 0.575 0.506 0.508 0.575 0.475 0.473 0.572
0.611 0.611 0.506 0.524 0.611 0.474 0.473 0.57
0.582 0.582 0.503 0.5 0.582 0.479 0.48 0.527
0.596 0.596 0.462 0.504 0.596 0.479 0.475 0.563
0.598 0.598 0.492 0.525 0.598 0.465 0.468 0.581
0.614 0.614 0.497 0.51 0.614 0.45 0.46 0.508
0.592 0.592 0.514 0.498 0.592 0.453 0.446 0.519
0.589 0.589 0.476 0.499 0.589 0.457 0.454 0.579
0.596 0.596 0.52 0.482 0.596 0.451 0.449 0.569
0.58 0.58 0.513 0.511 0.581 0.475 0.474 0.568
0.602 0.602 0.5 0.469 0.602 0.455 0.446 0.492
0.569 0.569 0.493 0.515 0.569 0.436 0.44 0.477
0.595 0.595 0.501 0.473 0.595 0.444 0.443 0.506
0.588 0.588 0.489 0.493 0.588 0.514 0.501 0.584
0.571 0.571 0.503 0.499 0.571 0.469 0.468 0.541
0.581 0.581 0.5 0.524 0.581 0.504 0.495 0.588
0.613 0.613 0.518 0.51 0.613 0.49 0.492 0.576
0.6 0.6 0.481 0.499 0.6 0.493 0.484 0.594
0.594 0.594 0.479 0.524 0.594 0.487 0.491 0.597
0.6 0.6 0.5 0.516 0.6 0.484 0.471 0.555
0.601 0.601 0.505 0.463 0.601 0.477 0.472 0.571
0.621 0.621 0.498 0.509 0.621 0.438 0.433 0.533
0.611 0.611 0.495 0.483 0.611 0.44 0.432 0.484
0.582 0.582 0.51 0.498 0.582 0.441 0.437 0.519
0.575 0.575 0.494 0.511 0.575 0.448 0.449 0.532
0.614 0.613 0.5 0.534 0.614 0.481 0.473 0.553
0.596 0.596 0.507 0.507 0.596 0.442 0.441 0.497
0.576 0.576 0.493 0.501 0.576 0.469 0.472 0.512
0.58 0.58 0.502 0.513 0.58 0.5 0.498 0.572
0.613 0.613 0.52 0.502 0.613 0.472 0.471 0.561
0.604 0.604 0.526 0.478 0.604 0.455 0.453 0.525
0.577 0.577 0.528 0.496 0.577 0.456 0.456 0.528
0.587 0.587 0.517 0.516 0.587 0.46 0.46 0.581
0.58 0.58 0.489 0.474 0.58 0.523 0.523 0.576
0.595 0.595 0.476 0.532 0.595 0.46 0.457 0.508
0.597 0.597 0.491 0.484 0.597 0.474 0.471 0.571
0.595 0.595 0.498 0.503 0.595 0.456 0.456 0.58
0.603 0.603 0.523 0.512 0.603 0.462 0.465 0.565
0.592 0.592 0.518 0.53 0.592 0.462 0.455 0.501
0.601 0.601 0.507 0.512 0.601 0.499 0.501 0.551
0.581 0.581 0.511 0.485 0.581 0.468 0.463 0.54
0.592 0.592 0.524 0.498 0.593 0.502 0.503 0.607
0.61 0.61 0.476 0.502 0.61 0.461 0.453 0.527
0.601 0.601 0.485 0.495 0.601 0.444 0.447 0.547
0.587 0.587 0.502 0.512 0.587 0.483 0.48 0.583
0.624 0.624 0.473 0.515 0.624 0.484 0.483 0.625
0.598 0.598 0.477 0.502 0.598 0.439 0.437 0.499
0.599 0.599 0.496 0.505 0.599 0.47 0.468 0.533
0.587 0.587 0.506 0.529 0.587 0.457 0.459 0.537
0.593 0.593 0.496 0.511 0.593 0.488 0.488 0.547
0.572 0.572 0.499 0.494 0.572 0.49 0.49 0.558
0.614 0.614 0.489 0.496 0.614 0.478 0.463 0.585
0.601 0.601 0.532 0.499 0.601 0.474 0.474 0.552
0.605 0.605 0.514 0.505 0.605 0.439 0.435 0.492
0.578 0.578 0.5 0.487 0.578 0.507 0.501 0.595
0.631 0.631 0.521 0.526 0.631 0.459 0.462 0.599
0.61 0.61 0.509 0.489 0.61 0.466 0.463 0.52
0.594 0.594 0.491 0.494 0.594 0.475 0.473 0.537
0.592 0.592 0.463 0.503 0.592 0.492 0.493 0.549
0.601 0.601 0.491 0.49 0.602 0.442 0.441 0.503
0.625 0.625 0.497 0.52 0.625 0.48 0.478 0.571
0.6 0.6 0.491 0.5 0.6 0.465 0.461 0.512
0.599 0.599 0.479 0.504 0.599 0.467 0.464 0.503
0.588 0.588 0.512 0.499 0.588 0.471 0.474 0.558
0.597 0.598 0.507 0.489 0.597 0.441 0.45 0.546
0.617 0.617 0.472 0.506 0.617 0.455 0.456 0.544
0.591 0.591 0.492 0.495 0.591 0.477 0.478 0.566
