0.467 0.477 0.429 0.425 0.469 0.403 0.401 0.406
0.422 0.44 0.406 0.409 0.422 0.424 0.414 0.406
0.464 0.488 0.416 0.43 0.471 0.415 0.415 0.45
0.476 0.502 0.424 0.449 0.475 0.4 0.398 0.434
0.43 0.445 0.413 0.417 0.43 0.453 0.439 0.393
0.448 0.453 0.42 0.415 0.454 0.428 0.43 0.413
0.477 0.491 0.446 0.451 0.486 0.392 0.395 0.426
0.456 0.456 0.424 0.421 0.455 0.424 0.423 0.39
0.443 0.431 0.458 0.448 0.438 0.41 0.412 0.386
0.492 0.459 0.455 0.429 0.484 0.456 0.457 0.457
0.459 0.459 0.419 0.42 0.459 0.427 0.42 0.431
0.454 0.435 0.445 0.449 0.454 0.39 0.39 0.38
0.453 0.456 0.439 0.42 0.454 0.436 0.436 0.449
0.438 0.445 0.4 0.375 0.437 0.438 0.434 0.408
0.488 0.496 0.475 0.457 0.496 0.443 0.441 0.458
0.462 0.473 0.418 0.396 0.462 0.443 0.434 0.409
0.5 0.485 0.469 0.486 0.496 0.455 0.455 0.439
0.46 0.456 0.428 0.417 0.46 0.421 0.421 0.443
0.439 0.45 0.405 0.392 0.445 0.414 0.414 0.397
0.456 0.45 0.456 0.443 0.457 0.451 0.443 0.41
0.446 0.441 0.417 0.431 0.45 0.415 0.415 0.407
0.475 0.514 0.44 0.453 0.478 0.424 0.423 0.403
0.412 0.411 0.405 0.41 0.413 0.403 0.403 0.393
0.455 0.475 0.397 0.408 0.449 0.451 0.448 0.444
0.44 0.462 0.444 0.44 0.451 0.443 0.433 0.423
0.488 0.489 0.458 0.455 0.477 0.485 0.483 0.465
0.421 0.421 0.401 0.424 0.418 0.431 0.431 0.355
0.422 0.439 0.4 0.401 0.424 0.431 0.428 0.381
0.443 0.452 0.42 0.413 0.438 0.451 0.451 0.432
0.455 0.459 0.416 0.405 0.46 0.411 0.411 0.391
0.433 0.445 0.391 0.388 0.435 0.404 0.387 0.399
0.525 0.517 0.473 0.47 0.515 0.438 0.434 0.465
0.477 0.501 0.444 0.436 0.475 0.45 0.45 0.443
0.438 0.441 0.426 0.428 0.434 0.412 0.398 0.387
0.425 0.435 0.423 0.415 0.425 0.417 0.417 0.432
0.439 0.438 0.421 0.411 0.442 0.402 0.402 0.404
0.436 0.465 0.433 0.414 0.45 0.436 0.436 0.411
0.436 0.434 0.408 0.4 0.438 0.414 0.409 0.409
0.497 0.517 0.491 0.492 0.498 0.46 0.459 0.461
0.444 0.435 0.459 0.46 0.448 0.454 0.454 0.44
0.439 0.455 0.399 0.412 0.435 0.456 0.465 0.443
0.452 0.443 0.419 0.414 0.449 0.422 0.422 0.415
0.445 0.443 0.427 0.421 0.445 0.441 0.43 0.413
0.457 0.472 0.43 0.444 0.456 0.445 0.447 0.419
0.46 0.479 0.424 0.432 0.46 0.458 0.453 0.395
0.497 0.536 0.457 0.452 0.486 0.452 0.455 0.397
0.489 0.507 0.46 0.468 0.486 0.383 0.383 0.416
0.442 0.444 0.429 0.431 0.446 0.409 0.409 0.396
0.441 0.459 0.413 0.425 0.443 0.443 0.443 0.395
0.463 0.457 0.433 0.441 0.462 0.426 0.426 0.409
0.432 0.447 0.437 0.429 0.434 0.414 0.414 0.4
0.486 0.48 0.438 0.437 0.481 0.405 0.405 0.427
0.49 0.487 0.457 0.469 0.489 0.471 0.469 0.469
0.432 0.435 0.433 0.441 0.434 0.431 0.427 0.398
0.466 0.484 0.448 0.469 0.466 0.45 0.45 0.416
0.47 0.49 0.421 0.436 0.467 0.435 0.435 0.409
0.463 0.474 0.446 0.447 0.47 0.442 0.444 0.412
0.446 0.432 0.42 0.434 0.446 0.451 0.451 0.396
0.439 0.451 0.43 0.428 0.438 0.393 0.393 0.391
0.454 0.472 0.427 0.413 0.454 0.417 0.415 0.409
0.474 0.472 0.432 0.435 0.474 0.456 0.456 0.456
0.44 0.447 0.435 0.429 0.445 0.397 0.396 0.407
0.479 0.485 0.443 0.451 0.481 0.465 0.462 0.46
0.442 0.464 0.415 0.421 0.451 0.429 0.429 0.424
0.484 0.483 0.448 0.454 0.483 0.441 0.441 0.451
0.502 0.508 0.479 0.472 0.497 0.471 0.474 0.466
0.424 0.429 0.4 0.415 0.424 0.43 0.431 0.396
0.461 0.484 0.415 0.427 0.462 0.406 0.401 0.364
0.505 0.503 0.474 0.483 0.504 0.459 0.459 0.457
0.421 0.432 0.422 0.41 0.423 0.408 0.408 0.396
0.437 0.455 0.393 0.422 0.445 0.398 0.397 0.405
0.487 0.473 0.457 0.482 0.486 0.451 0.451 0.44
0.444 0.443 0.404 0.404 0.437 0.446 0.437 0.402
0.481 0.476 0.446 0.431 0.479 0.45 0.445 0.457
0.438 0.458 0.409 0.401 0.439 0.433 0.43 0.395
0.448 0.446 0.399 0.401 0.445 0.415 0.415 0.403
0.472 0.473 0.44 0.439 0.472 0.46 0.453 0.432
0.459 0.488 0.453 0.447 0.474 0.466 0.47 0.428
0.457 0.475 0.435 0.42 0.457 0.453 0.452 0.429
0.424 0.415 0.383 0.398 0.427 0.407 0.397 0.379
0.432 0.423 0.408 0.431 0.438 0.4 0.4 0.408
0.444 0.473 0.412 0.436 0.451 0.426 0.426 0.41
0.429 0.441 0.411 0.426 0.436 0.453 0.456 0.418
0.448 0.452 0.45 0.428 0.446 0.415 0.416 0.401
0.437 0.45 0.401 0.409 0.423 0.443 0.43 0.4
0.383 0.406 0.359 0.363 0.383 0.38 0.38 0.381
0.475 0.485 0.443 0.44 0.477 0.445 0.445 0.377
0.466 0.474 0.46 0.46 0.467 0.457 0.454 0.429
0.46 0.446 0.435 0.442 0.451 0.459 0.459 0.457
0.447 0.473 0.448 0.42 0.449 0.408 0.408 0.434
0.509 0.5 0.457 0.462 0.5 0.428 0.428 0.4
0.462 0.461 0.434 0.429 0.461 0.422 0.41 0.398
0.507 0.496 0.478 0.476 0.507 0.458 0.457 0.457
0.448 0.454 0.408 0.403 0.448 0.425 0.425 0.4
0.427 0.435 0.415 0.395 0.432 0.415 0.409 0.394
0.471 0.479 0.444 0.451 0.471 0.441 0.43 0.446
0.441 0.448 0.402 0.423 0.434 0.435 0.427 0.422
0.432 0.433 0.412 0.444 0.432 0.423 0.425 0.39
0.464 0.492 0.431 0.43 0.464 0.435 0.435 0.407
0.446 0.456 0.413 0.401 0.446 0.413 0.413 0.426
0.47 0.482 0.448 0.445 0.464 0.404 0.406 0.407
0.43 0.452 0.426 0.431 0.439 0.417 0.417 0.404
0.452 0.45 0.418 0.422 0.454 0.408 0.402 0.423
0.436 0.444 0.402 0.419 0.435 0.414 0.414 0.399
0.475 0.494 0.426 0.432 0.475 0.453 0.453 0.435
0.412 0.426 0.375 0.395 0.415 0.405 0.405 0.403
0.483 0.485 0.451 0.458 0.47 0.421 0.423 0.407
0.472 0.463 0.43 0.448 0.472 0.426 0.424 0.421
0.44 0.446 0.423 0.418 0.441 0.462 0.462 0.417
0.452 0.447 0.428 0.441 0.451 0.442 0.442 0.431
0.438 0.437 0.452 0.426 0.437 0.404 0.406 0.396
0.476 0.48 0.446 0.443 0.471 0.41 0.414 0.41
0.422 0.43 0.401 0.426 0.418 0.452 0.447 0.405
0.458 0.464 0.431 0.408 0.458 0.415 0.415 0.399
0.486 0.495 0.465 0.468 0.49 0.466 0.464 0.476
0.452 0.47 0.424 0.422 0.454 0.441 0.438 0.41
0.438 0.44 0.426 0.416 0.442 0.412 0.408 0.4
0.426 0.445 0.396 0.413 0.429 0.421 0.421 0.418
0.444 0.426 0.403 0.406 0.437 0.403 0.4 0.407
0.459 0.475 0.453 0.447 0.468 0.452 0.456 0.428
0.451 0.468 0.418 0.449 0.46 0.44 0.441 0.435
0.49 0.488 0.431 0.46 0.49 0.438 0.434 0.375
0.446 0.444 0.414 0.401 0.445 0.446 0.446 0.431
0.462 0.463 0.418 0.423 0.462 0.406 0.41 0.427
0.443 0.445 0.44 0.442 0.447 0.426 0.418 0.407
0.431 0.46 0.395 0.395 0.431 0.419 0.419 0.416
0.43 0.446 0.392 0.407 0.43 0.432 0.432 0.399
0.455 0.471 0.439 0.458 0.461 0.426 0.413 0.432
0.442 0.455 0.417 0.419 0.442 0.453 0.453 0.421
0.413 0.453 0.39 0.402 0.422 0.415 0.414 0.392
0.448 0.456 0.437 0.413 0.447 0.445 0.445 0.409
0.491 0.498 0.466 0.444 0.491 0.439 0.439 0.416
0.43 0.439 0.416 0.418 0.434 0.406 0.403 0.38
0.423 0.422 0.399 0.389 0.417 0.383 0.375 0.356
0.439 0.456 0.416 0.418 0.439 0.415 0.415 0.427
0.464 0.47 0.445 0.458 0.467 0.455 0.455 0.437
0.433 0.434 0.382 0.383 0.43 0.424 0.424 0.425
0.454 0.468 0.427 0.437 0.461 0.477 0.466 0.452
0.425 0.449 0.398 0.382 0.426 0.404 0.397 0.376
0.461 0.478 0.422 0.433 0.464 0.433 0.433 0.43
0.475 0.491 0.435 0.431 0.468 0.429 0.422 0.437
0.454 0.438 0.416 0.446 0.454 0.416 0.416 0.409
0.401 0.422 0.4 0.403 0.413 0.403 0.404 0.36
0.486 0.49 0.422 0.434 0.47 0.419 0.419 0.407
0.482 0.482 0.47 0.443 0.478 0.435 0.435 0.447
0.43 0.443 0.403 0.429 0.427 0.448 0.447 0.417
0.449 0.456 0.432 0.413 0.45 0.424 0.424 0.424
0.459 0.464 0.419 0.409 0.456 0.435 0.435 0.414
0.444 0.457 0.428 0.411 0.447 0.442 0.437 0.413
0.462 0.466 0.438 0.43 0.465 0.444 0.434 0.414
0.446 0.468 0.423 0.44 0.444 0.415 0.416 0.406
0.485 0.472 0.449 0.438 0.486 0.463 0.463 0.451
0.441 0.443 0.429 0.444 0.437 0.453 0.451 0.414
0.404 0.419 0.419 0.413 0.418 0.396 0.396 0.384
0.42 0.425 0.427 0.426 0.425 0.419 0.417 0.371
0.429 0.418 0.402 0.405 0.425 0.405 0.405 0.379
0.447 0.431 0.431 0.422 0.436 0.43 0.43 0.422
0.451 0.463 0.435 0.422 0.453 0.41 0.411 0.371
0.442 0.444 0.438 0.435 0.453 0.454 0.454 0.441
0.467 0.46 0.477 0.453 0.469 0.43 0.43 0.458
0.454 0.457 0.433 0.44 0.453 0.455 0.455 0.418
0.454 0.451 0.416 0.435 0.458 0.427 0.427 0.402
0.46 0.462 0.459 0.439 0.455 0.42 0.42 0.384
0.446 0.453 0.386 0.394 0.449 0.382 0.382 0.406
0.476 0.489 0.439 0.435 0.483 0.438 0.438 0.443
0.482 0.47 0.486 0.475 0.491 0.438 0.438 0.412
0.439 0.439 0.407 0.415 0.441 0.426 0.421 0.414
0.426 0.43 0.422 0.424 0.433 0.402 0.403 0.38
0.464 0.457 0.451 0.418 0.476 0.445 0.445 0.433
0.505 0.513 0.441 0.455 0.501 0.46 0.464 0.462
0.454 0.48 0.429 0.407 0.454 0.444 0.444 0.426
0.453 0.478 0.449 0.44 0.453 0.442 0.442 0.427
0.454 0.461 0.435 0.421 0.462 0.414 0.426 0.422
0.471 0.475 0.431 0.446 0.466 0.433 0.434 0.413
0.416 0.421 0.396 0.4 0.423 0.41 0.41 0.409
0.462 0.47 0.415 0.451 0.462 0.421 0.417 0.421
0.419 0.426 0.4 0.381 0.419 0.419 0.419 0.4
0.455 0.461 0.412 0.414 0.455 0.429 0.423 0.413
0.494 0.468 0.457 0.461 0.49 0.453 0.447 0.402
0.444 0.44 0.423 0.424 0.442 0.471 0.464 0.406
0.438 0.436 0.403 0.41 0.438 0.394 0.39 0.412
0.473 0.492 0.452 0.436 0.472 0.477 0.471 0.46
0.508 0.498 0.472 0.442 0.495 0.442 0.44 0.447
0.473 0.488 0.441 0.443 0.477 0.426 0.424 0.427
0.454 0.47 0.423 0.426 0.448 0.422 0.422 0.409
0.442 0.465 0.406 0.402 0.454 0.427 0.427 0.41
0.481 0.47 0.481 0.462 0.481 0.417 0.417 0.435
0.452 0.434 0.449 0.444 0.452 0.425 0.423 0.401
0.403 0.399 0.385 0.395 0.402 0.411 0.411 0.372
0.459 0.462 0.45 0.441 0.455 0.44 0.44 0.426
0.484 0.473 0.46 0.458 0.484 0.442 0.44 0.42
0.437 0.422 0.418 0.43 0.437 0.407 0.405 0.379
0.471 0.46 0.422 0.437 0.471 0.439 0.438 0.438
0.42 0.442 0.421 0.423 0.428 0.417 0.412 0.391
0.431 0.456 0.398 0.411 0.435 0.402 0.405 0.405
0.444 0.452 0.457 0.44 0.443 0.466 0.466 0.426
0.45 0.452 0.428 0.439 0.451 0.416 0.405 0.388
0.455 0.477 0.43 0.437 0.452 0.418 0.418 0.434
0.44 0.458 0.443 0.445 0.445 0.442 0.442 0.419
0.439 0.449 0.424 0.423 0.457 0.409 0.409 0.384
0.442 0.458 0.408 0.406 0.447 0.396 0.397 0.411
0.508 0.514 0.458 0.465 0.503 0.485 0.485 0.504
0.5 0.496 0.481 0.465 0.505 0.452 0.452 0.447
0.459 0.461 0.415 0.434 0.458 0.439 0.439 0.427
0.471 0.494 0.443 0.441 0.483 0.432 0.43 0.423
0.427 0.455 0.412 0.413 0.437 0.386 0.388 0.366
0.473 0.465 0.43 0.441 0.477 0.464 0.464 0.463
0.423 0.428 0.412 0.42 0.423 0.449 0.447 0.391
0.451 0.458 0.422 0.42 0.454 0.437 0.437 0.387
0.423 0.442 0.398 0.389 0.423 0.409 0.407 0.394
0.415 0.407 0.385 0.396 0.417 0.411 0.407 0.387
0.454 0.493 0.428 0.43 0.459 0.454 0.445 0.443
0.416 0.433 0.426 0.413 0.43 0.407 0.407 0.392
0.465 0.482 0.443 0.421 0.467 0.44 0.44 0.448
0.426 0.443 0.386 0.4 0.431 0.401 0.392 0.341
0.459 0.464 0.404 0.395 0.462 0.407 0.397 0.372
0.528 0.546 0.496 0.495 0.528 0.443 0.443 0.478
0.416 0.423 0.434 0.405 0.416 0.452 0.452 0.393
0.473 0.472 0.438 0.451 0.466 0.414 0.414 0.399
0.434 0.446 0.418 0.418 0.434 0.392 0.39 0.371
0.444 0.455 0.397 0.414 0.455 0.418 0.418 0.4
0.454 0.452 0.405 0.401 0.455 0.415 0.419 0.394
0.463 0.486 0.445 0.455 0.463 0.448 0.45 0.432
0.464 0.459 0.434 0.432 0.466 0.438 0.441 0.429
0.455 0.459 0.432 0.444 0.457 0.4 0.4 0.39
0.445 0.464 0.43 0.425 0.453 0.415 0.414 0.384
0.461 0.476 0.417 0.424 0.461 0.411 0.408 0.373
0.451 0.465 0.428 0.409 0.451 0.414 0.414 0.408
0.438 0.446 0.409 0.41 0.438 0.422 0.422 0.411
0.395 0.417 0.383 0.386 0.395 0.412 0.412 0.394
0.462 0.481 0.46 0.454 0.466 0.432 0.419 0.399
0.415 0.43 0.396 0.41 0.412 0.396 0.396 0.402
0.435 0.435 0.435 0.398 0.442 0.407 0.407 0.416
0.451 0.451 0.425 0.436 0.453 0.434 0.434 0.424
0.464 0.457 0.445 0.442 0.464 0.436 0.436 0.452
0.459 0.469 0.43 0.448 0.459 0.436 0.436 0.41
0.46 0.472 0.421 0.419 0.466 0.424 0.424 0.436
0.476 0.483 0.425 0.448 0.479 0.471 0.468 0.478
0.455 0.475 0.437 0.42 0.455 0.443 0.451 0.432
0.454 0.475 0.409 0.424 0.456 0.424 0.424 0.425
0.433 0.44 0.452 0.432 0.443 0.413 0.416 0.434
0.422 0.43 0.416 0.415 0.428 0.425 0.425 0.413
0.429 0.446 0.417 0.427 0.441 0.417 0.416 0.424
0.476 0.465 0.456 0.461 0.479 0.484 0.476 0.439
0.457 0.454 0.438 0.449 0.456 0.449 0.441 0.454
0.428 0.433 0.401 0.42 0.436 0.444 0.431 0.419
0.454 0.445 0.409 0.408 0.443 0.429 0.431 0.401
0.47 0.477 0.401 0.42 0.461 0.423 0.423 0.405
0.473 0.489 0.434 0.444 0.474 0.449 0.441 0.442
0.473 0.479 0.446 0.443 0.478 0.445 0.445 0.438
0.461 0.456 0.428 0.438 0.458 0.419 0.417 0.41
0.492 0.504 0.448 0.455 0.493 0.431 0.431 0.44
0.507 0.516 0.479 0.479 0.509 0.47 0.47 0.478
0.444 0.483 0.446 0.423 0.463 0.484 0.483 0.478
0.481 0.464 0.438 0.445 0.482 0.44 0.441 0.436
0.422 0.438 0.395 0.41 0.422 0.43 0.43 0.396
0.471 0.474 0.427 0.44 0.476 0.418 0.419 0.415
0.445 0.436 0.424 0.451 0.439 0.415 0.417 0.39
0.446 0.46 0.437 0.431 0.449 0.44 0.439 0.427
0.471 0.465 0.44 0.445 0.473 0.429 0.429 0.426
0.494 0.512 0.473 0.465 0.495 0.457 0.454 0.457
0.461 0.445 0.424 0.441 0.464 0.436 0.433 0.427
0.448 0.467 0.407 0.406 0.445 0.416 0.416 0.427
0.411 0.422 0.406 0.395 0.42 0.415 0.413 0.402
0.457 0.475 0.436 0.439 0.457 0.469 0.467 0.443
0.427 0.436 0.432 0.432 0.437 0.435 0.437 0.426
0.493 0.484 0.462 0.474 0.489 0.516 0.516 0.503
0.441 0.464 0.435 0.436 0.45 0.432 0.431 0.42
0.421 0.436 0.407 0.383 0.421 0.422 0.424 0.397
0.49 0.485 0.483 0.474 0.5 0.499 0.493 0.457
0.482 0.475 0.443 0.459 0.493 0.448 0.434 0.456
0.431 0.424 0.407 0.419 0.427 0.42 0.42 0.359
0.452 0.486 0.417 0.418 0.467 0.433 0.433 0.419
0.417 0.42 0.397 0.389 0.422 0.439 0.438 0.405
0.46 0.469 0.441 0.459 0.466 0.447 0.447 0.436
0.471 0.459 0.448 0.444 0.471 0.427 0.43 0.417
0.428 0.434 0.402 0.425 0.426 0.432 0.432 0.417
0.442 0.424 0.416 0.42 0.437 0.415 0.415 0.391
0.461 0.449 0.429 0.449 0.462 0.425 0.425 0.427
0.434 0.45 0.403 0.404 0.445 0.439 0.439 0.422
0.483 0.51 0.47 0.472 0.491 0.453 0.453 0.421
0.416 0.451 0.41 0.42 0.419 0.404 0.404 0.386
0.47 0.464 0.453 0.441 0.467 0.461 0.452 0.46
0.472 0.479 0.436 0.434 0.478 0.425 0.425 0.424
0.458 0.448 0.461 0.45 0.457 0.441 0.447 0.414
0.458 0.462 0.437 0.446 0.457 0.454 0.454 0.429
0.436 0.445 0.43 0.412 0.436 0.444 0.444 0.43
0.481 0.486 0.472 0.445 0.479 0.463 0.456 0.467
0.476 0.475 0.445 0.439 0.475 0.434 0.434 0.435
0.461 0.464 0.424 0.418 0.464 0.426 0.425 0.402
0.454 0.461 0.453 0.452 0.469 0.411 0.411 0.404
0.461 0.49 0.438 0.456 0.462 0.445 0.445 0.436
0.454 0.48 0.478 0.45 0.457 0.48 0.48 0.492
0.461 0.466 0.443 0.429 0.46 0.436 0.428 0.406
0.439 0.45 0.426 0.421 0.447 0.427 0.427 0.446
0.45 0.46 0.398 0.418 0.448 0.402 0.402 0.414
0.449 0.451 0.449 0.446 0.465 0.439 0.443 0.463
0.446 0.47 0.45 0.445 0.446 0.458 0.456 0.414
0.407 0.411 0.39 0.395 0.403 0.39 0.382 0.379
0.456 0.47 0.414 0.426 0.47 0.44 0.44 0.426
0.409 0.423 0.39 0.372 0.409 0.407 0.407 0.391
0.434 0.428 0.419 0.408 0.435 0.422 0.419 0.402
0.445 0.447 0.426 0.438 0.448 0.42 0.42 0.411
0.441 0.42 0.41 0.383 0.428 0.435 0.432 0.378
0.446 0.46 0.418 0.426 0.451 0.424 0.423 0.408
0.475 0.487 0.436 0.452 0.483 0.432 0.431 0.441
0.468 0.482 0.447 0.416 0.466 0.469 0.466 0.44
0.447 0.456 0.424 0.42 0.447 0.403 0.401 0.364
0.477 0.47 0.451 0.457 0.477 0.419 0.418 0.418
0.479 0.496 0.426 0.434 0.476 0.443 0.434 0.385
0.446 0.442 0.415 0.398 0.447 0.42 0.418 0.412
0.463 0.463 0.443 0.438 0.461 0.418 0.419 0.419
0.449 0.44 0.427 0.411 0.454 0.417 0.413 0.384
0.413 0.44 0.393 0.384 0.422 0.435 0.433 0.373
0.456 0.453 0.44 0.442 0.46 0.445 0.445 0.435
0.421 0.442 0.406 0.404 0.421 0.415 0.419 0.361
0.451 0.46 0.412 0.402 0.451 0.417 0.417 0.427
0.438 0.455 0.415 0.401 0.435 0.44 0.436 0.412
0.454 0.477 0.429 0.43 0.455 0.413 0.413 0.378
0.452 0.461 0.418 0.435 0.455 0.427 0.427 0.438
0.452 0.476 0.394 0.417 0.442 0.438 0.438 0.405
0.484 0.495 0.436 0.45 0.482 0.459 0.461 0.41
0.464 0.477 0.451 0.451 0.463 0.441 0.439 0.427
0.443 0.447 0.429 0.422 0.447 0.392 0.392 0.404
0.437 0.451 0.418 0.422 0.436 0.443 0.434 0.429
0.451 0.408 0.431 0.409 0.435 0.457 0.454 0.427
0.414 0.426 0.405 0.397 0.414 0.409 0.411 0.401
0.428 0.436 0.423 0.411 0.429 0.455 0.439 0.387
0.451 0.475 0.408 0.41 0.459 0.412 0.412 0.413
0.471 0.481 0.447 0.443 0.471 0.415 0.415 0.432
0.45 0.447 0.459 0.448 0.448 0.437 0.443 0.423
0.431 0.438 0.394 0.38 0.438 0.401 0.401 0.396
0.413 0.443 0.394 0.399 0.414 0.421 0.421 0.372
0.429 0.444 0.388 0.398 0.432 0.399 0.399 0.374
0.409 0.404 0.38 0.389 0.409 0.401 0.401 0.359
0.441 0.434 0.428 0.417 0.448 0.429 0.429 0.417
0.458 0.476 0.422 0.417 0.46 0.413 0.412 0.402
0.448 0.441 0.41 0.399 0.45 0.387 0.387 0.387
0.464 0.478 0.446 0.442 0.478 0.441 0.443 0.398
0.411 0.429 0.403 0.418 0.411 0.39 0.386 0.346
0.47 0.476 0.438 0.462 0.462 0.473 0.466 0.434
0.433 0.441 0.433 0.426 0.435 0.405 0.404 0.419
0.449 0.474 0.433 0.428 0.456 0.394 0.394 0.374
0.476 0.452 0.432 0.431 0.469 0.441 0.441 0.428
0.474 0.478 0.456 0.443 0.476 0.442 0.433 0.423
0.45 0.462 0.437 0.414 0.453 0.42 0.419 0.403
0.478 0.454 0.433 0.454 0.475 0.441 0.448 0.433
0.454 0.457 0.422 0.418 0.456 0.452 0.452 0.461
0.443 0.428 0.423 0.408 0.443 0.434 0.434 0.424
0.473 0.493 0.427 0.438 0.473 0.407 0.406 0.417
0.469 0.469 0.462 0.449 0.47 0.42 0.42 0.44
0.445 0.456 0.441 0.447 0.46 0.457 0.457 0.415
0.473 0.494 0.44 0.459 0.48 0.425 0.425 0.437
0.43 0.427 0.433 0.427 0.435 0.399 0.4 0.422
0.444 0.456 0.426 0.428 0.437 0.422 0.411 0.385
0.438 0.451 0.404 0.417 0.44 0.402 0.401 0.374
0.47 0.472 0.426 0.449 0.47 0.427 0.427 0.455
0.464 0.466 0.435 0.427 0.468 0.425 0.426 0.402
0.437 0.439 0.417 0.39 0.431 0.437 0.433 0.421
0.479 0.495 0.453 0.453 0.478 0.459 0.442 0.437
0.439 0.449 0.42 0.396 0.439 0.401 0.404 0.4
0.425 0.44 0.39 0.398 0.427 0.409 0.412 0.396
0.471 0.469 0.442 0.445 0.468 0.434 0.443 0.456
0.454 0.452 0.472 0.439 0.461 0.451 0.451 0.425
0.471 0.46 0.464 0.476 0.474 0.449 0.449 0.411
0.483 0.464 0.475 0.459 0.49 0.456 0.456 0.465
0.51 0.536 0.474 0.485 0.51 0.456 0.451 0.45
0.422 0.437 0.389 0.383 0.426 0.43 0.43 0.407
0.517 0.506 0.456 0.467 0.505 0.459 0.451 0.448
0.437 0.452 0.424 0.413 0.438 0.409 0.41 0.421
0.478 0.484 0.444 0.427 0.478 0.438 0.437 0.429
0.444 0.464 0.385 0.42 0.446 0.418 0.416 0.433
0.496 0.485 0.469 0.467 0.502 0.437 0.43 0.437
0.447 0.463 0.389 0.402 0.447 0.408 0.408 0.434
0.418 0.428 0.408 0.414 0.421 0.414 0.422 0.4
0.479 0.474 0.467 0.465 0.479 0.447 0.453 0.463
0.441 0.453 0.405 0.42 0.441 0.389 0.389 0.383
0.45 0.461 0.426 0.431 0.451 0.443 0.443 0.421
0.46 0.459 0.436 0.442 0.453 0.428 0.428 0.42
0.442 0.465 0.423 0.412 0.456 0.408 0.41 0.413
0.4 0.414 0.363 0.379 0.399 0.397 0.397 0.402
0.485 0.484 0.45 0.447 0.483 0.425 0.419 0.393
0.452 0.472 0.444 0.446 0.451 0.469 0.474 0.408
0.411 0.413 0.41 0.406 0.412 0.411 0.408 0.383
0.46 0.455 0.443 0.426 0.461 0.427 0.417 0.399
0.456 0.451 0.428 0.421 0.447 0.464 0.464 0.426
0.442 0.424 0.416 0.425 0.441 0.453 0.453 0.442
0.493 0.491 0.469 0.487 0.497 0.488 0.488 0.481
0.468 0.464 0.422 0.408 0.459 0.437 0.426 0.437
0.444 0.452 0.424 0.424 0.445 0.431 0.434 0.379
0.441 0.444 0.402 0.405 0.453 0.439 0.439 0.445
0.432 0.434 0.428 0.453 0.439 0.408 0.402 0.38
0.483 0.491 0.444 0.431 0.485 0.44 0.437 0.412
0.443 0.475 0.402 0.414 0.44 0.451 0.448 0.414
0.416 0.417 0.4 0.378 0.414 0.417 0.417 0.425
0.449 0.425 0.423 0.42 0.45 0.419 0.404 0.396
0.484 0.471 0.442 0.454 0.48 0.451 0.452 0.432
0.473 0.49 0.447 0.475 0.473 0.447 0.447 0.402
0.467 0.467 0.419 0.442 0.46 0.418 0.418 0.427
0.468 0.456 0.432 0.432 0.475 0.422 0.422 0.425
0.414 0.403 0.42 0.416 0.413 0.434 0.434 0.413
0.443 0.424 0.413 0.418 0.443 0.423 0.424 0.399
0.463 0.476 0.422 0.436 0.462 0.426 0.426 0.418
0.385 0.402 0.374 0.381 0.387 0.391 0.381 0.371
0.42 0.428 0.417 0.424 0.42 0.396 0.396 0.401
0.417 0.427 0.428 0.425 0.417 0.435 0.421 0.334
0.422 0.438 0.413 0.422 0.424 0.413 0.411 0.367
0.447 0.437 0.415 0.419 0.447 0.434 0.431 0.417
0.421 0.422 0.381 0.39 0.407 0.417 0.417 0.39
0.405 0.409 0.403 0.405 0.409 0.419 0.415 0.39
0.447 0.498 0.444 0.435 0.446 0.437 0.437 0.415
0.417 0.41 0.406 0.404 0.418 0.388 0.386 0.367
0.465 0.476 0.453 0.427 0.464 0.452 0.452 0.438
0.517 0.514 0.476 0.476 0.506 0.493 0.493 0.495
0.464 0.465 0.448 0.447 0.472 0.475 0.462 0.416
0.467 0.473 0.443 0.412 0.468 0.45 0.454 0.476
0.507 0.538 0.484 0.473 0.509 0.493 0.493 0.499
0.429 0.437 0.403 0.402 0.428 0.416 0.421 0.406
0.48 0.483 0.447 0.461 0.478 0.425 0.423 0.416
0.456 0.476 0.427 0.432 0.466 0.466 0.471 0.459
0.465 0.493 0.449 0.432 0.464 0.434 0.434 0.409
0.454 0.461 0.423 0.431 0.457 0.423 0.426 0.42
0.447 0.458 0.427 0.438 0.45 0.394 0.394 0.43
0.476 0.489 0.448 0.462 0.477 0.462 0.457 0.454
0.435 0.471 0.414 0.433 0.448 0.406 0.401 0.383
0.43 0.435 0.417 0.388 0.432 0.401 0.401 0.416
0.458 0.49 0.431 0.437 0.454 0.458 0.459 0.447
0.443 0.437 0.399 0.397 0.436 0.422 0.421 0.416
0.46 0.475 0.452 0.447 0.459 0.431 0.43 0.439
0.443 0.424 0.418 0.415 0.431 0.423 0.423 0.416
0.428 0.431 0.407 0.411 0.42 0.447 0.444 0.386
0.428 0.44 0.423 0.419 0.43 0.411 0.411 0.372
0.509 0.503 0.472 0.478 0.508 0.448 0.448 0.446
0.438 0.458 0.403 0.387 0.439 0.407 0.41 0.394
0.443 0.445 0.398 0.406 0.437 0.406 0.408 0.398
0.472 0.486 0.424 0.445 0.463 0.446 0.439 0.421
0.467 0.481 0.426 0.443 0.467 0.444 0.444 0.42
0.462 0.465 0.464 0.445 0.462 0.452 0.449 0.403
0.474 0.479 0.455 0.445 0.476 0.434 0.422 0.432
0.423 0.432 0.405 0.418 0.429 0.41 0.407 0.397
0.435 0.43 0.414 0.422 0.432 0.405 0.404 0.412
0.48 0.493 0.459 0.449 0.483 0.459 0.459 0.459
0.464 0.466 0.408 0.43 0.463 0.464 0.464 0.467
0.479 0.474 0.432 0.422 0.47 0.432 0.432 0.445
0.436 0.43 0.434 0.412 0.433 0.405 0.408 0.399
0.456 0.463 0.415 0.42 0.454 0.433 0.433 0.441
0.455 0.454 0.409 0.398 0.455 0.426 0.427 0.418
0.421 0.441 0.41 0.394 0.427 0.448 0.444 0.398
0.442 0.442 0.417 0.413 0.448 0.441 0.443 0.429
0.42 0.436 0.386 0.4 0.42 0.395 0.395 0.38
0.454 0.47 0.427 0.427 0.459 0.413 0.413 0.409
0.428 0.451 0.419 0.423 0.441 0.445 0.446 0.381
0.494 0.52 0.475 0.476 0.504 0.458 0.458 0.457
0.48 0.485 0.477 0.473 0.477 0.456 0.456 0.447
0.488 0.475 0.449 0.458 0.487 0.438 0.451 0.454
0.472 0.491 0.459 0.452 0.473 0.421 0.418 0.395
0.449 0.454 0.438 0.447 0.456 0.425 0.426 0.387
0.483 0.466 0.478 0.44 0.479 0.436 0.436 0.411
0.421 0.429 0.402 0.424 0.427 0.432 0.432 0.409
0.436 0.447 0.418 0.43 0.438 0.421 0.422 0.436
0.47 0.478 0.435 0.442 0.473 0.427 0.427 0.447
0.436 0.432 0.383 0.384 0.433 0.42 0.42 0.433
0.501 0.501 0.473 0.474 0.502 0.435 0.435 0.458
0.44 0.434 0.411 0.437 0.436 0.418 0.418 0.42
0.445 0.456 0.433 0.414 0.447 0.424 0.424 0.404
0.419 0.444 0.408 0.388 0.421 0.383 0.383 0.357
0.417 0.437 0.401 0.4 0.417 0.436 0.435 0.398
0.452 0.452 0.446 0.412 0.45 0.453 0.452 0.446
0.476 0.486 0.46 0.46 0.484 0.444 0.434 0.451
0.476 0.501 0.487 0.475 0.476 0.433 0.433 0.436
0.485 0.498 0.43 0.426 0.486 0.455 0.447 0.436
0.448 0.463 0.442 0.423 0.446 0.462 0.456 0.422
0.477 0.506 0.441 0.422 0.474 0.436 0.435 0.419
0.444 0.442 0.404 0.411 0.446 0.393 0.393 0.394
0.483 0.478 0.46 0.454 0.481 0.447 0.451 0.422
0.442 0.463 0.418 0.428 0.442 0.447 0.455 0.421
0.432 0.435 0.424 0.412 0.436 0.375 0.375 0.359
0.432 0.435 0.403 0.402 0.437 0.413 0.413 0.423
0.446 0.453 0.386 0.414 0.446 0.422 0.423 0.39
0.471 0.439 0.431 0.399 0.464 0.43 0.428 0.42
0.444 0.449 0.428 0.427 0.445 0.42 0.42 0.431
0.437 0.444 0.431 0.428 0.427 0.44 0.44 0.436
0.423 0.423 0.399 0.397 0.421 0.421 0.416 0.426
0.443 0.46 0.428 0.437 0.46 0.457 0.456 0.432
0.442 0.443 0.403 0.408 0.442 0.435 0.435 0.431
0.46 0.461 0.407 0.408 0.465 0.449 0.441 0.428
0.454 0.462 0.396 0.428 0.454 0.44 0.44 0.429
0.477 0.483 0.453 0.446 0.482 0.477 0.479 0.463
0.471 0.479 0.421 0.433 0.472 0.432 0.432 0.444
0.409 0.42 0.392 0.415 0.414 0.42 0.42 0.409
0.414 0.416 0.4 0.389 0.419 0.381 0.374 0.385
0.437 0.449 0.406 0.409 0.438 0.422 0.422 0.406
0.435 0.455 0.414 0.425 0.435 0.401 0.401 0.353
0.454 0.466 0.406 0.407 0.464 0.478 0.478 0.449
0.434 0.458 0.418 0.415 0.434 0.442 0.442 0.442
0.447 0.452 0.407 0.408 0.447 0.432 0.43 0.418
0.431 0.437 0.387 0.416 0.433 0.417 0.417 0.41
0.447 0.459 0.439 0.434 0.451 0.438 0.436 0.417
0.438 0.432 0.417 0.433 0.436 0.419 0.412 0.394
0.468 0.479 0.457 0.451 0.472 0.455 0.456 0.423
0.42 0.42 0.407 0.397 0.422 0.426 0.415 0.425
0.443 0.452 0.416 0.435 0.441 0.414 0.414 0.407
0.473 0.453 0.446 0.44 0.473 0.446 0.449 0.458
0.412 0.418 0.39 0.404 0.412 0.429 0.421 0.389
0.435 0.449 0.425 0.412 0.435 0.408 0.408 0.387
0.401 0.411 0.393 0.387 0.403 0.426 0.426 0.397
0.46 0.468 0.433 0.434 0.458 0.438 0.438 0.446
0.493 0.493 0.454 0.452 0.481 0.404 0.404 0.431
0.43 0.449 0.429 0.419 0.437 0.393 0.39 0.398
0.426 0.435 0.405 0.392 0.437 0.426 0.415 0.401
0.443 0.443 0.43 0.418 0.442 0.433 0.433 0.434
0.406 0.4 0.408 0.389 0.406 0.403 0.402 0.372
0.418 0.43 0.423 0.419 0.432 0.416 0.416 0.402
0.48 0.482 0.48 0.465 0.475 0.456 0.456 0.435
0.424 0.428 0.425 0.428 0.433 0.409 0.409 0.405
0.464 0.462 0.442 0.436 0.465 0.436 0.436 0.422
0.431 0.444 0.419 0.419 0.435 0.44 0.44 0.387
0.444 0.474 0.439 0.436 0.439 0.447 0.447 0.435
0.492 0.494 0.459 0.452 0.488 0.437 0.432 0.436
0.425 0.446 0.422 0.415 0.444 0.407 0.407 0.375
0.46 0.483 0.443 0.421 0.457 0.426 0.426 0.4
0.455 0.444 0.416 0.417 0.466 0.413 0.411 0.423
0.429 0.435 0.425 0.432 0.428 0.423 0.423 0.401
0.426 0.429 0.387 0.407 0.425 0.411 0.411 0.429
0.493 0.496 0.469 0.465 0.49 0.472 0.473 0.421
0.49 0.473 0.479 0.483 0.479 0.439 0.436 0.41
0.42 0.432 0.415 0.413 0.417 0.407 0.407 0.382
0.475 0.497 0.432 0.444 0.475 0.41 0.409 0.415
0.402 0.41 0.389 0.384 0.411 0.401 0.401 0.418
0.465 0.477 0.42 0.432 0.461 0.422 0.423 0.43
0.445 0.453 0.421 0.417 0.446 0.436 0.436 0.433
0.468 0.478 0.428 0.437 0.468 0.454 0.442 0.411
0.467 0.477 0.418 0.416 0.458 0.47 0.473 0.455
0.431 0.454 0.399 0.416 0.447 0.417 0.413 0.411
0.443 0.479 0.422 0.43 0.446 0.42 0.42 0.427
0.5 0.5 0.454 0.458 0.5 0.454 0.455 0.449
0.468 0.463 0.44 0.422 0.468 0.42 0.424 0.406
0.482 0.485 0.441 0.436 0.479 0.439 0.439 0.441
0.492 0.484 0.487 0.481 0.493 0.455 0.461 0.469
0.45 0.456 0.431 0.438 0.46 0.42 0.42 0.393
0.428 0.449 0.418 0.414 0.435 0.404 0.404 0.343
0.426 0.446 0.386 0.396 0.425 0.416 0.415 0.378
0.451 0.465 0.438 0.436 0.452 0.408 0.407 0.386
0.461 0.466 0.434 0.429 0.472 0.425 0.425 0.385
0.46 0.456 0.441 0.449 0.461 0.414 0.408 0.39
0.431 0.448 0.435 0.423 0.44 0.458 0.457 0.426
0.43 0.436 0.389 0.424 0.43 0.424 0.424 0.388
0.472 0.464 0.44 0.453 0.47 0.449 0.449 0.451
0.473 0.478 0.475 0.442 0.473 0.469 0.464 0.452
0.446 0.437 0.423 0.399 0.44 0.435 0.437 0.393
0.438 0.445 0.424 0.415 0.435 0.43 0.426 0.395
0.441 0.455 0.399 0.413 0.436 0.424 0.424 0.433
0.483 0.507 0.453 0.448 0.493 0.442 0.442 0.448
0.488 0.491 0.436 0.423 0.491 0.455 0.454 0.416
0.469 0.477 0.423 0.413 0.47 0.437 0.438 0.437
0.467 0.474 0.432 0.443 0.467 0.417 0.415 0.407
0.444 0.458 0.407 0.426 0.442 0.406 0.411 0.401
0.455 0.465 0.439 0.447 0.456 0.457 0.456 0.428
0.438 0.433 0.421 0.422 0.438 0.424 0.424 0.42
0.455 0.48 0.415 0.432 0.456 0.412 0.418 0.405
0.465 0.461 0.421 0.436 0.469 0.432 0.43 0.432
0.4 0.412 0.391 0.383 0.4 0.431 0.431 0.38
0.431 0.43 0.393 0.38 0.431 0.426 0.426 0.436
0.46 0.48 0.459 0.453 0.459 0.438 0.438 0.424
0.454 0.446 0.43 0.423 0.457 0.44 0.44 0.386
0.448 0.463 0.421 0.419 0.45 0.435 0.435 0.436
0.453 0.456 0.401 0.43 0.453 0.44 0.44 0.428
0.452 0.449 0.45 0.429 0.452 0.46 0.46 0.419
0.412 0.411 0.386 0.388 0.414 0.42 0.424 0.391
0.441 0.445 0.427 0.422 0.449 0.42 0.42 0.409
0.442 0.448 0.426 0.419 0.442 0.431 0.431 0.388
0.449 0.461 0.425 0.414 0.445 0.46 0.459 0.415
0.419 0.439 0.4 0.42 0.424 0.426 0.418 0.374
0.465 0.469 0.418 0.424 0.467 0.462 0.463 0.45
0.473 0.489 0.448 0.444 0.48 0.425 0.425 0.424
0.47 0.472 0.444 0.455 0.472 0.44 0.44 0.434
0.433 0.447 0.422 0.424 0.438 0.418 0.418 0.399
0.406 0.414 0.418 0.402 0.405 0.409 0.409 0.388
0.453 0.471 0.427 0.432 0.456 0.46 0.46 0.451
0.483 0.489 0.461 0.462 0.479 0.489 0.486 0.478
0.464 0.467 0.436 0.441 0.465 0.449 0.449 0.427
0.453 0.456 0.433 0.448 0.452 0.444 0.441 0.42
0.436 0.467 0.421 0.412 0.438 0.388 0.394 0.377
0.451 0.459 0.416 0.428 0.453 0.412 0.411 0.418
0.459 0.494 0.435 0.432 0.464 0.437 0.436 0.416
0.433 0.444 0.397 0.415 0.429 0.413 0.406 0.385
0.487 0.503 0.48 0.471 0.495 0.479 0.457 0.45
0.463 0.474 0.42 0.439 0.469 0.427 0.425 0.458
0.481 0.462 0.421 0.414 0.467 0.441 0.433 0.385
0.456 0.448 0.408 0.422 0.452 0.416 0.416 0.414
0.473 0.47 0.438 0.44 0.473 0.466 0.463 0.472
0.453 0.463 0.433 0.452 0.464 0.41 0.41 0.396
0.463 0.485 0.444 0.443 0.461 0.45 0.45 0.423
0.439 0.467 0.453 0.431 0.441 0.446 0.446 0.413
0.44 0.454 0.413 0.401 0.436 0.444 0.444 0.435
0.456 0.428 0.464 0.448 0.458 0.438 0.437 0.41
0.517 0.51 0.466 0.46 0.522 0.464 0.466 0.476
0.448 0.444 0.432 0.441 0.439 0.434 0.435 0.398
0.408 0.418 0.369 0.382 0.406 0.419 0.413 0.391
0.437 0.439 0.41 0.418 0.432 0.431 0.42 0.391
0.457 0.466 0.418 0.408 0.465 0.425 0.429 0.402
0.451 0.481 0.445 0.436 0.474 0.473 0.474 0.442
0.441 0.459 0.419 0.429 0.434 0.441 0.447 0.402
0.453 0.452 0.403 0.406 0.453 0.398 0.398 0.416
0.486 0.507 0.446 0.468 0.49 0.486 0.486 0.437
0.442 0.436 0.449 0.459 0.455 0.435 0.435 0.422
0.399 0.417 0.408 0.398 0.4 0.408 0.409 0.377
0.42 0.415 0.391 0.385 0.421 0.425 0.428 0.409
0.475 0.477 0.453 0.46 0.473 0.451 0.451 0.447
0.485 0.525 0.439 0.452 0.483 0.445 0.445 0.425
0.53 0.535 0.496 0.489 0.527 0.471 0.464 0.479
0.432 0.428 0.45 0.433 0.432 0.442 0.446 0.413
0.411 0.415 0.405 0.4 0.403 0.406 0.407 0.382
0.435 0.459 0.411 0.417 0.444 0.443 0.439 0.404
0.431 0.443 0.404 0.421 0.436 0.45 0.45 0.415
0.452 0.463 0.412 0.436 0.456 0.399 0.395 0.41
0.456 0.446 0.455 0.457 0.456 0.471 0.455 0.4
0.41 0.422 0.405 0.39 0.42 0.409 0.409 0.384
0.485 0.508 0.44 0.449 0.489 0.45 0.437 0.42
0.432 0.43 0.42 0.42 0.439 0.41 0.41 0.378
0.467 0.477 0.446 0.449 0.467 0.441 0.442 0.42
0.454 0.446 0.436 0.452 0.455 0.389 0.389 0.41
0.474 0.473 0.415 0.42 0.474 0.418 0.418 0.443
0.47 0.47 0.415 0.441 0.466 0.459 0.464 0.428
0.447 0.457 0.405 0.413 0.447 0.442 0.431 0.403
0.482 0.501 0.454 0.448 0.482 0.43 0.428 0.44
0.448 0.448 0.447 0.451 0.449 0.441 0.441 0.441
0.462 0.479 0.415 0.437 0.462 0.42 0.421 0.418
0.477 0.475 0.442 0.434 0.481 0.436 0.436 0.404
0.381 0.393 0.388 0.377 0.39 0.389 0.385 0.39
0.467 0.457 0.458 0.47 0.474 0.491 0.487 0.499
0.436 0.442 0.417 0.4 0.431 0.455 0.442 0.412
0.47 0.473 0.417 0.418 0.47 0.439 0.436 0.392
0.451 0.454 0.43 0.429 0.456 0.447 0.438 0.417
0.47 0.491 0.442 0.45 0.475 0.445 0.444 0.39
0.427 0.429 0.41 0.398 0.427 0.405 0.402 0.378
0.533 0.509 0.507 0.526 0.531 0.483 0.48 0.49
0.477 0.472 0.428 0.434 0.483 0.421 0.421 0.454
0.473 0.468 0.434 0.45 0.474 0.454 0.435 0.4
0.459 0.451 0.444 0.44 0.459 0.47 0.469 0.407
0.479 0.482 0.444 0.462 0.478 0.468 0.457 0.471
0.452 0.463 0.434 0.431 0.461 0.41 0.41 0.415
0.472 0.505 0.448 0.439 0.464 0.459 0.457 0.423
0.454 0.445 0.402 0.404 0.443 0.426 0.42 0.408
0.432 0.445 0.408 0.431 0.44 0.451 0.451 0.4
0.488 0.503 0.437 0.427 0.493 0.436 0.433 0.415
0.423 0.425 0.402 0.382 0.418 0.405 0.405 0.402
0.452 0.458 0.454 0.441 0.458 0.45 0.45 0.429
0.451 0.456 0.43 0.444 0.45 0.441 0.441 0.448
0.442 0.451 0.419 0.408 0.444 0.454 0.454 0.436
0.434 0.422 0.437 0.441 0.442 0.414 0.412 0.408
0.446 0.47 0.438 0.439 0.454 0.415 0.415 0.397
0.464 0.473 0.438 0.457 0.463 0.448 0.452 0.456
0.474 0.479 0.435 0.424 0.472 0.425 0.427 0.428
0.479 0.481 0.435 0.428 0.483 0.442 0.442 0.45
0.453 0.47 0.435 0.44 0.446 0.411 0.411 0.377
0.538 0.521 0.517 0.514 0.539 0.465 0.465 0.493
0.457 0.479 0.454 0.448 0.458 0.457 0.457 0.439
0.495 0.49 0.455 0.469 0.499 0.431 0.436 0.443
0.403 0.416 0.4 0.401 0.406 0.403 0.403 0.401
0.452 0.446 0.424 0.41 0.452 0.393 0.395 0.397
0.427 0.421 0.411 0.404 0.419 0.393 0.396 0.369
0.45 0.46 0.427 0.419 0.453 0.431 0.418 0.416
0.407 0.402 0.436 0.438 0.422 0.432 0.432 0.389
0.447 0.454 0.42 0.433 0.445 0.455 0.433 0.411
0.413 0.437 0.377 0.378 0.412 0.405 0.398 0.388
0.461 0.451 0.459 0.466 0.453 0.438 0.437 0.398
0.453 0.476 0.421 0.448 0.456 0.394 0.386 0.393
0.449 0.452 0.427 0.433 0.449 0.477 0.475 0.431
0.498 0.508 0.472 0.491 0.501 0.497 0.496 0.511
0.467 0.462 0.466 0.477 0.466 0.462 0.464 0.449
0.489 0.481 0.44 0.48 0.489 0.423 0.422 0.431
0.446 0.461 0.44 0.442 0.452 0.414 0.414 0.417
0.458 0.457 0.411 0.404 0.455 0.438 0.438 0.441
0.451 0.445 0.446 0.44 0.458 0.418 0.41 0.408
0.424 0.433 0.413 0.412 0.424 0.381 0.381 0.398
0.45 0.448 0.421 0.427 0.445 0.443 0.445 0.401
0.445 0.427 0.455 0.456 0.447 0.41 0.397 0.371
0.484 0.491 0.466 0.476 0.493 0.435 0.435 0.456
0.447 0.459 0.451 0.434 0.451 0.488 0.488 0.471
0.438 0.456 0.405 0.398 0.435 0.43 0.427 0.412
0.434 0.443 0.416 0.439 0.434 0.44 0.44 0.428
0.406 0.415 0.396 0.401 0.408 0.415 0.415 0.379
0.509 0.47 0.483 0.473 0.497 0.422 0.424 0.431
0.396 0.424 0.387 0.407 0.404 0.444 0.442 0.395
0.452 0.47 0.437 0.431 0.452 0.414 0.414 0.393
0.488 0.488 0.454 0.476 0.486 0.455 0.455 0.457
0.477 0.484 0.439 0.441 0.477 0.435 0.435 0.414
0.492 0.494 0.462 0.459 0.489 0.453 0.451 0.443
0.422 0.434 0.413 0.419 0.429 0.453 0.453 0.416
0.473 0.481 0.434 0.459 0.468 0.446 0.433 0.43
0.435 0.44 0.396 0.412 0.434 0.408 0.408 0.424
0.447 0.457 0.428 0.413 0.437 0.403 0.398 0.409
0.464 0.469 0.458 0.476 0.465 0.46 0.452 0.431
0.448 0.468 0.404 0.399 0.449 0.404 0.405 0.422
0.45 0.465 0.433 0.427 0.45 0.45 0.441 0.447
0.457 0.477 0.431 0.433 0.458 0.45 0.437 0.431
0.45 0.449 0.404 0.412 0.449 0.426 0.424 0.37
0.417 0.418 0.401 0.382 0.407 0.44 0.43 0.371
0.494 0.483 0.481 0.474 0.497 0.43 0.43 0.428
0.437 0.437 0.396 0.406 0.435 0.407 0.407 0.388
0.439 0.438 0.414 0.415 0.445 0.438 0.437 0.408
0.452 0.454 0.421 0.439 0.458 0.434 0.434 0.445
0.44 0.451 0.436 0.446 0.441 0.476 0.472 0.445
0.478 0.498 0.456 0.453 0.48 0.406 0.403 0.4
0.425 0.441 0.429 0.427 0.435 0.447 0.456 0.416
0.435 0.462 0.43 0.402 0.457 0.448 0.451 0.435
0.453 0.455 0.398 0.404 0.456 0.42 0.42 0.45
0.46 0.446 0.442 0.447 0.458 0.444 0.439 0.4
0.45 0.473 0.413 0.419 0.453 0.4 0.4 0.391
0.467 0.504 0.448 0.461 0.477 0.423 0.423 0.429
0.429 0.439 0.393 0.41 0.43 0.389 0.389 0.389
0.471 0.487 0.461 0.456 0.471 0.483 0.483 0.435
0.441 0.461 0.414 0.434 0.442 0.393 0.393 0.38
0.462 0.472 0.43 0.422 0.462 0.42 0.422 0.425
0.445 0.443 0.433 0.44 0.454 0.421 0.421 0.422
0.446 0.457 0.425 0.427 0.45 0.414 0.413 0.389
0.469 0.479 0.435 0.421 0.472 0.437 0.435 0.412
0.43 0.445 0.41 0.415 0.418 0.43 0.421 0.373
0.47 0.488 0.441 0.44 0.477 0.435 0.442 0.421
0.406 0.406 0.423 0.4 0.404 0.422 0.416 0.372
0.41 0.433 0.403 0.4 0.413 0.413 0.413 0.395
0.429 0.447 0.41 0.401 0.433 0.378 0.377 0.372
0.427 0.449 0.419 0.418 0.435 0.419 0.422 0.388
0.429 0.458 0.403 0.416 0.438 0.417 0.417 0.39
0.446 0.454 0.45 0.437 0.444 0.411 0.411 0.395
0.45 0.469 0.447 0.447 0.462 0.437 0.443 0.447
0.497 0.497 0.456 0.457 0.49 0.457 0.458 0.458
0.443 0.451 0.437 0.417 0.442 0.444 0.443 0.426
0.447 0.458 0.426 0.412 0.458 0.41 0.404 0.417
0.43 0.435 0.402 0.393 0.434 0.44 0.441 0.395
0.508 0.5 0.457 0.449 0.508 0.43 0.431 0.416
0.445 0.441 0.432 0.415 0.448 0.454 0.452 0.433
0.458 0.463 0.433 0.438 0.458 0.441 0.437 0.382
0.432 0.431 0.406 0.385 0.431 0.395 0.385 0.382
0.447 0.468 0.436 0.434 0.445 0.402 0.402 0.423
0.453 0.458 0.437 0.437 0.455 0.42 0.416 0.405
0.435 0.448 0.411 0.404 0.435 0.401 0.398 0.375
0.43 0.424 0.425 0.427 0.432 0.426 0.426 0.398
0.445 0.464 0.451 0.433 0.448 0.417 0.417 0.39
0.41 0.416 0.386 0.399 0.409 0.437 0.433 0.411
0.446 0.458 0.406 0.396 0.446 0.391 0.391 0.403
0.43 0.436 0.42 0.42 0.44 0.424 0.424 0.402
0.451 0.444 0.427 0.43 0.45 0.385 0.391 0.403
0.46 0.45 0.447 0.417 0.464 0.426 0.412 0.381
0.471 0.471 0.437 0.447 0.474 0.45 0.45 0.414
0.43 0.425 0.394 0.4 0.417 0.437 0.437 0.423
0.425 0.44 0.394 0.394 0.417 0.401 0.407 0.371
0.477 0.484 0.479 0.484 0.479 0.475 0.476 0.502
0.449 0.447 0.431 0.404 0.445 0.431 0.425 0.421
0.419 0.43 0.387 0.411 0.436 0.428 0.428 0.429
0.441 0.448 0.41 0.414 0.441 0.427 0.428 0.452
0.487 0.487 0.477 0.477 0.495 0.474 0.474 0.449
0.439 0.454 0.412 0.416 0.444 0.439 0.439 0.436
0.426 0.431 0.434 0.408 0.43 0.395 0.395 0.38
0.43 0.429 0.399 0.406 0.43 0.409 0.402 0.381
0.452 0.474 0.433 0.436 0.464 0.429 0.429 0.412
0.43 0.436 0.425 0.441 0.43 0.414 0.414 0.406
0.468 0.449 0.445 0.465 0.468 0.458 0.458 0.427
0.478 0.487 0.466 0.466 0.484 0.479 0.479 0.45
0.466 0.467 0.452 0.434 0.466 0.427 0.427 0.4
0.443 0.446 0.414 0.443 0.445 0.448 0.451 0.437
0.476 0.502 0.449 0.46 0.476 0.435 0.435 0.419
0.45 0.452 0.447 0.431 0.463 0.432 0.432 0.436
0.483 0.494 0.465 0.442 0.483 0.445 0.445 0.468
0.421 0.451 0.386 0.386 0.421 0.421 0.421 0.373
0.447 0.448 0.43 0.423 0.443 0.405 0.405 0.416
0.497 0.5 0.454 0.479 0.488 0.446 0.446 0.447
0.45 0.465 0.426 0.438 0.451 0.417 0.417 0.415
0.454 0.453 0.432 0.396 0.447 0.456 0.45 0.433
0.485 0.496 0.45 0.461 0.482 0.447 0.443 0.431
0.432 0.441 0.418 0.435 0.431 0.424 0.42 0.411
0.437 0.458 0.416 0.412 0.444 0.445 0.45 0.399
0.416 0.439 0.404 0.397 0.418 0.405 0.402 0.379
0.458 0.465 0.414 0.405 0.457 0.445 0.441 0.443
0.477 0.474 0.476 0.469 0.477 0.456 0.454 0.443
0.443 0.45 0.396 0.42 0.446 0.444 0.435 0.418
0.481 0.496 0.462 0.441 0.48 0.45 0.446 0.398
0.431 0.443 0.391 0.403 0.439 0.431 0.43 0.421
0.456 0.454 0.445 0.435 0.458 0.429 0.428 0.414
0.454 0.468 0.416 0.429 0.451 0.413 0.413 0.385
0.429 0.438 0.402 0.394 0.43 0.393 0.393 0.386
0.452 0.458 0.44 0.456 0.456 0.463 0.462 0.458
0.456 0.461 0.423 0.407 0.444 0.449 0.449 0.441
0.462 0.475 0.426 0.434 0.473 0.46 0.46 0.459
0.46 0.456 0.441 0.436 0.454 0.439 0.439 0.432
0.446 0.463 0.432 0.416 0.447 0.434 0.429 0.426
0.444 0.45 0.426 0.411 0.444 0.431 0.42 0.393
0.457 0.456 0.431 0.431 0.451 0.429 0.429 0.426
0.466 0.487 0.434 0.415 0.47 0.425 0.425 0.431
0.447 0.452 0.415 0.4 0.447 0.434 0.434 0.401
0.45 0.464 0.42 0.422 0.45 0.381 0.381 0.399
0.445 0.447 0.416 0.417 0.445 0.404 0.397 0.4
0.429 0.446 0.396 0.408 0.43 0.419 0.418 0.417
0.457 0.437 0.425 0.434 0.444 0.45 0.45 0.445
0.44 0.459 0.401 0.404 0.455 0.41 0.41 0.403
0.439 0.448 0.394 0.402 0.448 0.413 0.412 0.421
0.448 0.448 0.421 0.417 0.448 0.422 0.422 0.437
0.451 0.436 0.435 0.435 0.447 0.413 0.408 0.411
0.433 0.431 0.434 0.444 0.441 0.423 0.423 0.394
0.454 0.457 0.422 0.412 0.457 0.422 0.423 0.375
0.426 0.44 0.412 0.402 0.429 0.433 0.433 0.425
0.452 0.431 0.422 0.423 0.453 0.414 0.414 0.426
0.44 0.455 0.423 0.409 0.444 0.406 0.406 0.396
0.468 0.473 0.437 0.435 0.473 0.436 0.436 0.447
0.436 0.448 0.432 0.428 0.437 0.438 0.437 0.4
0.449 0.47 0.416 0.417 0.448 0.427 0.427 0.43
0.435 0.438 0.416 0.41 0.429 0.409 0.409 0.392
0.423 0.43 0.412 0.399 0.417 0.398 0.399 0.361
0.41 0.425 0.374 0.406 0.406 0.412 0.412 0.395
0.448 0.45 0.416 0.434 0.451 0.402 0.402 0.411
0.409 0.441 0.392 0.401 0.409 0.415 0.418 0.375
0.467 0.48 0.432 0.457 0.472 0.459 0.449 0.439
0.455 0.474 0.434 0.458 0.455 0.448 0.446 0.433
0.479 0.471 0.432 0.435 0.477 0.418 0.414 0.435
0.462 0.479 0.432 0.438 0.469 0.45 0.451 0.436
0.464 0.495 0.439 0.441 0.468 0.424 0.423 0.415
0.463 0.448 0.403 0.413 0.462 0.437 0.436 0.412
0.44 0.457 0.417 0.437 0.44 0.427 0.424 0.408
0.432 0.453 0.406 0.421 0.436 0.442 0.442 0.417
0.467 0.471 0.454 0.441 0.468 0.417 0.417 0.398
0.463 0.449 0.429 0.416 0.459 0.424 0.424 0.423
0.417 0.45 0.399 0.392 0.418 0.43 0.423 0.403
0.408 0.412 0.402 0.419 0.408 0.413 0.413 0.387
0.429 0.447 0.406 0.414 0.434 0.407 0.405 0.383
0.435 0.44 0.39 0.399 0.435 0.394 0.392 0.4
0.481 0.477 0.457 0.458 0.481 0.447 0.447 0.43
0.466 0.488 0.44 0.441 0.466 0.413 0.413 0.407
0.459 0.463 0.432 0.437 0.458 0.407 0.407 0.403
0.481 0.503 0.488 0.46 0.479 0.44 0.44 0.422
0.416 0.437 0.402 0.412 0.439 0.42 0.412 0.364
0.427 0.435 0.435 0.439 0.447 0.422 0.422 0.407
0.456 0.461 0.428 0.464 0.46 0.419 0.419 0.424
0.454 0.475 0.441 0.448 0.454 0.403 0.395 0.371
0.456 0.484 0.428 0.426 0.456 0.409 0.409 0.419
0.405 0.43 0.388 0.389 0.422 0.417 0.409 0.387
0.457 0.484 0.43 0.438 0.46 0.445 0.445 0.448
0.436 0.446 0.406 0.411 0.445 0.457 0.459 0.439
0.459 0.469 0.408 0.407 0.454 0.41 0.41 0.409
0.436 0.446 0.409 0.399 0.438 0.409 0.404 0.379
0.447 0.441 0.413 0.412 0.451 0.431 0.431 0.44
0.466 0.48 0.458 0.456 0.467 0.479 0.479 0.452
0.44 0.471 0.431 0.426 0.455 0.437 0.436 0.381
0.45 0.455 0.433 0.404 0.45 0.422 0.422 0.425
0.425 0.434 0.398 0.423 0.449 0.445 0.445 0.41
0.465 0.466 0.429 0.434 0.465 0.467 0.469 0.412
0.409 0.417 0.404 0.377 0.415 0.415 0.415 0.381
0.417 0.436 0.393 0.388 0.426 0.39 0.394 0.383
0.442 0.454 0.427 0.41 0.444 0.446 0.445 0.422
0.469 0.458 0.433 0.444 0.474 0.455 0.455 0.421
0.46 0.481 0.431 0.414 0.468 0.433 0.427 0.419
0.498 0.515 0.475 0.453 0.5 0.483 0.468 0.464
0.443 0.448 0.427 0.446 0.444 0.418 0.418 0.414
0.468 0.489 0.436 0.444 0.468 0.444 0.444 0.442
0.469 0.452 0.458 0.447 0.467 0.432 0.432 0.395
0.473 0.486 0.432 0.444 0.471 0.428 0.429 0.418
0.425 0.428 0.418 0.414 0.428 0.392 0.392 0.387
0.434 0.445 0.432 0.414 0.426 0.424 0.42 0.374
0.432 0.455 0.413 0.397 0.438 0.419 0.415 0.398
0.499 0.51 0.484 0.479 0.499 0.457 0.458 0.431
0.438 0.45 0.412 0.404 0.436 0.414 0.416 0.437
0.426 0.438 0.413 0.42 0.426 0.399 0.399 0.408
0.448 0.451 0.415 0.408 0.451 0.439 0.43 0.432
0.48 0.49 0.451 0.423 0.478 0.445 0.445 0.437
0.471 0.481 0.443 0.422 0.472 0.447 0.447 0.438
0.431 0.44 0.426 0.437 0.432 0.407 0.403 0.383
0.417 0.426 0.383 0.372 0.42 0.422 0.42 0.401
0.442 0.446 0.43 0.419 0.442 0.408 0.408 0.413
0.472 0.486 0.426 0.437 0.471 0.428 0.427 0.397
0.495 0.488 0.462 0.471 0.497 0.487 0.487 0.454
0.431 0.45 0.416 0.403 0.436 0.405 0.405 0.392
0.457 0.448 0.449 0.452 0.457 0.425 0.431 0.382
0.433 0.454 0.419 0.411 0.434 0.455 0.451 0.41
0.495 0.483 0.449 0.465 0.492 0.425 0.427 0.372
0.463 0.463 0.425 0.446 0.455 0.413 0.412 0.384
0.441 0.446 0.405 0.417 0.44 0.428 0.429 0.431
0.432 0.457 0.409 0.39 0.442 0.418 0.418 0.447
0.491 0.495 0.455 0.456 0.494 0.441 0.443 0.482
0.451 0.446 0.432 0.429 0.458 0.492 0.492 0.503
0.468 0.491 0.435 0.417 0.467 0.437 0.437 0.441
0.451 0.464 0.422 0.431 0.445 0.433 0.427 0.415
0.455 0.448 0.433 0.436 0.458 0.429 0.426 0.391
0.442 0.458 0.394 0.418 0.442 0.417 0.418 0.392
0.424 0.439 0.383 0.395 0.431 0.422 0.422 0.431
0.445 0.455 0.414 0.415 0.449 0.447 0.435 0.411
0.456 0.464 0.431 0.456 0.453 0.444 0.433 0.399
0.439 0.431 0.408 0.431 0.442 0.388 0.388 0.389
0.425 0.445 0.421 0.401 0.436 0.429 0.43 0.379
0.477 0.494 0.452 0.454 0.486 0.416 0.417 0.431
0.432 0.424 0.414 0.424 0.429 0.408 0.409 0.42
0.451 0.461 0.435 0.432 0.455 0.41 0.42 0.407
0.454 0.456 0.434 0.439 0.456 0.434 0.433 0.428
0.474 0.484 0.459 0.463 0.477 0.469 0.459 0.448
0.447 0.456 0.446 0.445 0.458 0.457 0.454 0.423
0.392 0.412 0.371 0.387 0.401 0.42 0.422 0.383
0.403 0.41 0.378 0.367 0.408 0.389 0.389 0.38
0.461 0.456 0.462 0.45 0.454 0.453 0.453 0.399
0.456 0.458 0.436 0.428 0.458 0.417 0.417 0.414
0.455 0.466 0.435 0.439 0.466 0.425 0.409 0.406
0.495 0.474 0.456 0.455 0.493 0.463 0.462 0.472
0.457 0.479 0.427 0.418 0.451 0.427 0.427 0.432
0.457 0.443 0.431 0.442 0.457 0.423 0.418 0.372
0.462 0.46 0.431 0.427 0.46 0.44 0.442 0.423
0.478 0.485 0.441 0.448 0.48 0.411 0.407 0.412
0.498 0.527 0.448 0.429 0.498 0.416 0.416 0.417
0.441 0.445 0.438 0.438 0.447 0.434 0.432 0.42
0.405 0.412 0.417 0.419 0.408 0.417 0.416 0.396
0.448 0.451 0.398 0.401 0.448 0.405 0.405 0.442
0.44 0.42 0.424 0.438 0.439 0.422 0.421 0.396
0.446 0.465 0.425 0.427 0.452 0.437 0.433 0.396
0.457 0.464 0.437 0.424 0.462 0.436 0.436 0.401
0.442 0.444 0.426 0.42 0.44 0.428 0.428 0.389
0.518 0.527 0.484 0.474 0.519 0.45 0.452 0.455
0.488 0.519 0.466 0.473 0.495 0.419 0.42 0.412
0.469 0.469 0.457 0.456 0.465 0.429 0.429 0.4
0.434 0.428 0.417 0.398 0.43 0.419 0.417 0.415
0.461 0.452 0.428 0.438 0.46 0.444 0.445 0.429
0.454 0.454 0.424 0.437 0.442 0.484 0.488 0.446
0.457 0.455 0.448 0.441 0.465 0.435 0.435 0.419
0.42 0.421 0.397 0.416 0.419 0.413 0.414 0.379
0.456 0.466 0.408 0.408 0.456 0.448 0.448 0.439
0.461 0.475 0.434 0.447 0.467 0.447 0.449 0.407
0.412 0.413 0.394 0.396 0.421 0.436 0.429 0.392
0.435 0.449 0.423 0.423 0.448 0.428 0.427 0.39
0.45 0.452 0.447 0.431 0.444 0.445 0.445 0.428
0.465 0.474 0.452 0.465 0.47 0.452 0.453 0.419
0.39 0.396 0.392 0.382 0.39 0.395 0.384 0.36
0.446 0.447 0.407 0.444 0.446 0.419 0.419 0.403
0.46 0.465 0.443 0.442 0.46 0.44 0.435 0.436
0.478 0.49 0.424 0.456 0.474 0.463 0.46 0.421
0.468 0.481 0.412 0.44 0.472 0.416 0.415 0.421
0.481 0.475 0.44 0.442 0.481 0.443 0.443 0.441
0.449 0.452 0.433 0.423 0.451 0.417 0.417 0.424
0.456 0.477 0.434 0.44 0.457 0.417 0.408 0.412
0.454 0.458 0.471 0.458 0.459 0.459 0.466 0.441
0.435 0.431 0.413 0.392 0.427 0.421 0.415 0.381
0.482 0.481 0.449 0.472 0.481 0.425 0.42 0.426
0.426 0.437 0.393 0.387 0.426 0.397 0.397 0.387
0.493 0.494 0.442 0.481 0.492 0.419 0.42 0.454
0.474 0.485 0.445 0.428 0.479 0.449 0.449 0.437
0.479 0.47 0.454 0.446 0.478 0.47 0.463 0.447
0.476 0.487 0.416 0.41 0.483 0.439 0.439 0.45
0.424 0.428 0.411 0.427 0.435 0.435 0.435 0.423
0.448 0.452 0.441 0.433 0.448 0.404 0.404 0.374
0.44 0.45 0.444 0.41 0.441 0.466 0.465 0.428
0.437 0.45 0.384 0.401 0.437 0.402 0.402 0.4
0.454 0.441 0.443 0.44 0.454 0.428 0.425 0.424
0.459 0.48 0.418 0.407 0.459 0.401 0.401 0.383
0.435 0.456 0.421 0.414 0.442 0.415 0.412 0.408
0.47 0.489 0.427 0.44 0.47 0.441 0.437 0.436
0.473 0.463 0.453 0.448 0.472 0.434 0.431 0.443
0.485 0.481 0.442 0.445 0.481 0.455 0.454 0.444
0.417 0.428 0.433 0.408 0.437 0.468 0.468 0.461
0.435 0.452 0.425 0.412 0.435 0.421 0.417 0.408
0.477 0.481 0.441 0.455 0.479 0.447 0.445 0.414
0.434 0.443 0.412 0.406 0.433 0.405 0.397 0.402
0.415 0.418 0.419 0.401 0.418 0.445 0.445 0.386
0.446 0.454 0.416 0.41 0.446 0.424 0.427 0.435
0.47 0.486 0.433 0.439 0.47 0.454 0.457 0.416
0.418 0.436 0.428 0.411 0.423 0.446 0.436 0.399
0.478 0.462 0.459 0.438 0.474 0.456 0.456 0.42
0.463 0.484 0.429 0.438 0.465 0.463 0.457 0.413
0.437 0.437 0.428 0.411 0.435 0.452 0.448 0.398
0.515 0.489 0.478 0.474 0.505 0.443 0.438 0.434
0.486 0.492 0.456 0.448 0.488 0.442 0.441 0.419
0.44 0.45 0.409 0.412 0.438 0.417 0.404 0.377
0.422 0.421 0.416 0.426 0.418 0.429 0.425 0.413
0.446 0.481 0.435 0.424 0.46 0.422 0.423 0.406
0.438 0.43 0.387 0.403 0.437 0.42 0.415 0.391
0.445 0.445 0.43 0.388 0.449 0.409 0.404 0.416
0.423 0.431 0.405 0.404 0.432 0.393 0.387 0.392
0.479 0.491 0.449 0.444 0.482 0.463 0.467 0.472
0.434 0.447 0.399 0.402 0.434 0.383 0.381 0.365
0.479 0.483 0.438 0.443 0.48 0.443 0.441 0.43
0.401 0.425 0.381 0.378 0.403 0.397 0.399 0.365
0.433 0.446 0.403 0.409 0.439 0.446 0.446 0.426
0.441 0.455 0.398 0.442 0.44 0.428 0.428 0.431
0.463 0.467 0.434 0.442 0.479 0.427 0.426 0.409
0.435 0.428 0.442 0.413 0.435 0.396 0.396 0.399
0.453 0.475 0.425 0.424 0.453 0.42 0.42 0.365
0.477 0.477 0.439 0.431 0.474 0.433 0.433 0.432
0.501 0.485 0.476 0.463 0.488 0.443 0.444 0.459
0.434 0.455 0.402 0.401 0.435 0.441 0.439 0.407
0.414 0.42 0.409 0.397 0.413 0.401 0.401 0.394
0.418 0.415 0.401 0.391 0.425 0.417 0.418 0.393
0.456 0.458 0.424 0.419 0.453 0.451 0.451 0.45
0.439 0.451 0.402 0.407 0.438 0.424 0.424 0.425
0.458 0.471 0.419 0.408 0.456 0.418 0.416 0.411
0.437 0.454 0.413 0.414 0.439 0.407 0.407 0.392
0.476 0.467 0.433 0.451 0.476 0.432 0.423 0.423
0.479 0.482 0.487 0.47 0.478 0.485 0.485 0.466
0.448 0.455 0.429 0.44 0.446 0.441 0.423 0.394
0.418 0.461 0.418 0.414 0.425 0.401 0.397 0.38
0.47 0.473 0.466 0.459 0.472 0.453 0.456 0.454
0.478 0.495 0.464 0.455 0.483 0.432 0.431 0.424
0.459 0.454 0.441 0.449 0.457 0.459 0.461 0.448
0.427 0.453 0.407 0.426 0.428 0.418 0.419 0.397
0.413 0.42 0.405 0.394 0.419 0.394 0.394 0.403
0.465 0.465 0.407 0.412 0.465 0.443 0.436 0.422
0.451 0.458 0.4 0.396 0.457 0.421 0.421 0.449
