0.481 0.535 0.427 0.435 0.481 0.432 0.433 0.498
0.372 0.416 0.355 0.356 0.373 0.379 0.378 0.353
0.489 0.521 0.428 0.424 0.469 0.46 0.458 0.455
0.448 0.503 0.404 0.408 0.456 0.433 0.433 0.454
0.375 0.387 0.334 0.332 0.38 0.391 0.389 0.367
0.398 0.402 0.371 0.377 0.4 0.421 0.418 0.374
0.418 0.44 0.388 0.386 0.417 0.43 0.43 0.428
0.368 0.416 0.345 0.355 0.386 0.371 0.37 0.348
0.399 0.423 0.364 0.359 0.379 0.374 0.375 0.333
0.496 0.517 0.442 0.441 0.487 0.402 0.404 0.436
0.472 0.486 0.418 0.421 0.45 0.441 0.438 0.426
0.435 0.412 0.395 0.392 0.425 0.421 0.419 0.391
0.416 0.437 0.367 0.366 0.402 0.406 0.41 0.385
0.398 0.435 0.349 0.344 0.398 0.421 0.421 0.398
0.387 0.438 0.361 0.357 0.402 0.401 0.403 0.366
0.465 0.519 0.426 0.42 0.476 0.422 0.422 0.468
0.443 0.463 0.38 0.379 0.442 0.414 0.415 0.393
0.436 0.445 0.401 0.398 0.437 0.399 0.401 0.394
0.423 0.427 0.375 0.384 0.418 0.416 0.421 0.384
0.385 0.408 0.349 0.357 0.387 0.398 0.402 0.358
0.38 0.418 0.353 0.345 0.383 0.382 0.383 0.363
0.427 0.44 0.401 0.391 0.434 0.41 0.41 0.395
0.379 0.412 0.345 0.357 0.379 0.377 0.379 0.361
0.395 0.449 0.346 0.345 0.384 0.402 0.399 0.341
0.454 0.462 0.423 0.424 0.454 0.421 0.414 0.4
0.414 0.437 0.376 0.378 0.4 0.418 0.419 0.398
0.428 0.42 0.378 0.38 0.414 0.413 0.413 0.418
0.418 0.427 0.393 0.39 0.418 0.414 0.415 0.359
0.437 0.448 0.379 0.375 0.426 0.392 0.39 0.358
0.374 0.395 0.349 0.346 0.38 0.406 0.401 0.337
0.44 0.462 0.374 0.367 0.424 0.385 0.383 0.367
0.445 0.452 0.408 0.394 0.444 0.429 0.431 0.457
0.445 0.469 0.39 0.389 0.438 0.409 0.407 0.401
0.412 0.408 0.373 0.371 0.395 0.407 0.407 0.363
0.473 0.53 0.415 0.411 0.472 0.405 0.405 0.444
0.485 0.519 0.428 0.433 0.487 0.427 0.425 0.415
0.439 0.456 0.409 0.397 0.439 0.424 0.419 0.386
0.422 0.437 0.396 0.404 0.423 0.418 0.418 0.376
0.463 0.487 0.433 0.435 0.467 0.434 0.43 0.452
0.434 0.464 0.412 0.407 0.438 0.408 0.407 0.401
0.366 0.411 0.351 0.341 0.367 0.397 0.392 0.356
0.419 0.462 0.363 0.373 0.429 0.406 0.407 0.426
0.406 0.433 0.369 0.377 0.406 0.411 0.402 0.325
0.368 0.379 0.346 0.338 0.381 0.393 0.389 0.357
0.456 0.47 0.425 0.431 0.456 0.462 0.466 0.423
0.471 0.497 0.397 0.406 0.46 0.444 0.442 0.443
0.487 0.493 0.436 0.448 0.489 0.467 0.463 0.45
0.369 0.402 0.339 0.341 0.373 0.376 0.374 0.356
0.445 0.44 0.388 0.397 0.426 0.394 0.395 0.358
0.447 0.474 0.415 0.412 0.447 0.441 0.441 0.426
0.448 0.455 0.404 0.403 0.448 0.393 0.387 0.41
0.458 0.497 0.419 0.415 0.478 0.434 0.428 0.422
0.381 0.388 0.339 0.344 0.383 0.372 0.371 0.375
0.393 0.42 0.365 0.359 0.394 0.392 0.394 0.373
0.387 0.41 0.347 0.344 0.387 0.399 0.399 0.343
0.466 0.476 0.425 0.425 0.467 0.412 0.411 0.451
0.435 0.46 0.385 0.385 0.418 0.396 0.396 0.405
0.398 0.427 0.382 0.374 0.407 0.408 0.404 0.412
0.454 0.437 0.413 0.405 0.456 0.426 0.426 0.442
0.407 0.44 0.377 0.375 0.408 0.408 0.408 0.367
0.422 0.418 0.393 0.39 0.428 0.437 0.437 0.403
0.403 0.41 0.364 0.359 0.396 0.394 0.393 0.37
0.377 0.417 0.355 0.349 0.379 0.394 0.39 0.382
0.404 0.457 0.378 0.369 0.405 0.405 0.406 0.391
0.363 0.36 0.349 0.351 0.363 0.373 0.373 0.383
0.383 0.374 0.341 0.344 0.382 0.387 0.384 0.347
0.379 0.412 0.363 0.364 0.388 0.386 0.387 0.382
0.448 0.472 0.407 0.419 0.452 0.415 0.411 0.42
0.43 0.43 0.39 0.391 0.432 0.411 0.41 0.419
0.394 0.418 0.356 0.375 0.407 0.396 0.392 0.365
0.399 0.428 0.363 0.368 0.414 0.37 0.366 0.354
0.438 0.486 0.405 0.398 0.442 0.443 0.437 0.392
0.393 0.423 0.356 0.356 0.393 0.415 0.412 0.381
0.468 0.487 0.41 0.412 0.457 0.421 0.421 0.452
0.425 0.444 0.373 0.375 0.426 0.394 0.393 0.407
0.429 0.421 0.387 0.385 0.428 0.427 0.426 0.414
0.411 0.42 0.382 0.375 0.411 0.413 0.409 0.368
0.417 0.411 0.378 0.377 0.407 0.398 0.398 0.371
0.404 0.44 0.384 0.388 0.407 0.396 0.396 0.36
0.432 0.442 0.38 0.396 0.439 0.442 0.443 0.434
0.457 0.513 0.397 0.39 0.447 0.413 0.415 0.466
0.41 0.394 0.366 0.376 0.412 0.408 0.407 0.365
0.381 0.384 0.336 0.341 0.38 0.39 0.389 0.347
0.394 0.394 0.344 0.332 0.394 0.372 0.373 0.374
0.368 0.394 0.343 0.337 0.37 0.4 0.401 0.393
0.419 0.437 0.389 0.385 0.417 0.412 0.413 0.424
0.46 0.477 0.423 0.419 0.458 0.476 0.477 0.435
0.438 0.463 0.399 0.399 0.433 0.424 0.416 0.407
0.383 0.436 0.358 0.359 0.387 0.398 0.4 0.355
0.481 0.476 0.427 0.421 0.466 0.439 0.436 0.475
0.418 0.447 0.369 0.384 0.419 0.439 0.446 0.381
0.44 0.478 0.408 0.398 0.452 0.453 0.453 0.444
0.437 0.476 0.399 0.394 0.433 0.394 0.396 0.391
0.398 0.429 0.347 0.358 0.398 0.388 0.389 0.346
0.398 0.433 0.347 0.342 0.385 0.387 0.386 0.352
0.349 0.394 0.318 0.318 0.349 0.41 0.408 0.312
0.422 0.46 0.38 0.37 0.409 0.394 0.394 0.362
0.433 0.442 0.387 0.38 0.422 0.413 0.413 0.412
0.423 0.47 0.384 0.372 0.424 0.419 0.407 0.394
0.417 0.44 0.38 0.385 0.417 0.417 0.416 0.407
0.455 0.469 0.413 0.408 0.454 0.383 0.382 0.388
0.454 0.494 0.404 0.405 0.44 0.432 0.432 0.409
0.428 0.437 0.379 0.376 0.411 0.391 0.391 0.388
0.392 0.421 0.338 0.345 0.392 0.397 0.397 0.376
0.472 0.509 0.425 0.429 0.472 0.414 0.419 0.417
0.461 0.478 0.42 0.41 0.452 0.443 0.441 0.44
0.394 0.403 0.356 0.352 0.394 0.398 0.396 0.339
0.437 0.486 0.397 0.393 0.442 0.422 0.417 0.414
0.373 0.403 0.335 0.333 0.362 0.386 0.386 0.338
0.452 0.478 0.391 0.402 0.453 0.421 0.424 0.414
0.406 0.411 0.364 0.35 0.394 0.407 0.405 0.383
0.409 0.485 0.363 0.368 0.411 0.37 0.372 0.387
0.413 0.426 0.394 0.385 0.414 0.397 0.395 0.378
0.403 0.403 0.359 0.371 0.403 0.418 0.416 0.37
0.429 0.448 0.394 0.379 0.42 0.419 0.421 0.411
0.438 0.441 0.396 0.394 0.423 0.444 0.442 0.419
0.444 0.46 0.416 0.4 0.45 0.426 0.425 0.402
0.361 0.383 0.331 0.329 0.361 0.385 0.383 0.342
0.409 0.431 0.378 0.369 0.415 0.399 0.395 0.364
0.387 0.4 0.365 0.356 0.387 0.415 0.41 0.38
0.423 0.429 0.379 0.383 0.424 0.426 0.429 0.428
0.461 0.463 0.398 0.402 0.436 0.4 0.389 0.384
0.395 0.402 0.354 0.356 0.402 0.4 0.401 0.39
0.393 0.441 0.354 0.345 0.394 0.397 0.397 0.363
0.463 0.454 0.425 0.422 0.456 0.448 0.444 0.437
0.449 0.465 0.384 0.393 0.436 0.416 0.414 0.415
0.438 0.475 0.408 0.409 0.443 0.409 0.409 0.415
0.398 0.441 0.358 0.37 0.411 0.392 0.39 0.364
0.451 0.472 0.416 0.397 0.44 0.432 0.432 0.411
0.411 0.426 0.373 0.372 0.414 0.409 0.409 0.39
0.417 0.447 0.401 0.4 0.428 0.423 0.418 0.4
0.462 0.48 0.393 0.405 0.452 0.431 0.431 0.431
0.409 0.417 0.379 0.379 0.409 0.391 0.393 0.39
0.409 0.416 0.394 0.387 0.409 0.401 0.401 0.394
0.436 0.466 0.394 0.397 0.451 0.442 0.441 0.456
0.427 0.451 0.401 0.405 0.427 0.427 0.428 0.409
0.393 0.407 0.362 0.368 0.393 0.392 0.392 0.36
0.375 0.369 0.348 0.34 0.364 0.369 0.369 0.347
0.407 0.445 0.36 0.359 0.386 0.382 0.38 0.37
0.369 0.398 0.337 0.328 0.377 0.387 0.387 0.347
0.439 0.44 0.399 0.39 0.43 0.402 0.391 0.372
0.428 0.471 0.401 0.389 0.446 0.399 0.398 0.415
0.425 0.448 0.402 0.398 0.429 0.411 0.413 0.391
0.447 0.5 0.418 0.413 0.454 0.416 0.417 0.411
0.422 0.424 0.382 0.371 0.414 0.431 0.43 0.377
0.424 0.442 0.406 0.395 0.424 0.434 0.434 0.409
0.418 0.465 0.381 0.374 0.423 0.404 0.4 0.366
0.381 0.389 0.357 0.354 0.381 0.406 0.408 0.369
0.416 0.454 0.388 0.386 0.416 0.43 0.431 0.382
0.397 0.398 0.366 0.374 0.414 0.38 0.379 0.343
0.492 0.499 0.438 0.437 0.486 0.443 0.445 0.466
0.405 0.451 0.362 0.382 0.405 0.365 0.365 0.354
0.385 0.427 0.354 0.354 0.387 0.372 0.373 0.36
0.445 0.452 0.396 0.388 0.429 0.409 0.408 0.386
0.381 0.383 0.362 0.357 0.382 0.403 0.405 0.346
0.445 0.453 0.393 0.392 0.434 0.401 0.401 0.427
0.43 0.44 0.398 0.394 0.433 0.394 0.395 0.37
0.405 0.414 0.365 0.373 0.405 0.411 0.411 0.36
0.478 0.497 0.434 0.429 0.478 0.444 0.442 0.461
0.398 0.46 0.357 0.365 0.398 0.408 0.403 0.39
0.392 0.427 0.336 0.344 0.375 0.37 0.368 0.327
0.394 0.441 0.358 0.361 0.39 0.389 0.391 0.381
0.388 0.418 0.338 0.337 0.371 0.399 0.393 0.352
0.421 0.482 0.37 0.379 0.443 0.403 0.401 0.386
0.454 0.504 0.414 0.411 0.47 0.392 0.397 0.407
0.409 0.443 0.368 0.368 0.398 0.408 0.41 0.389
0.411 0.403 0.367 0.368 0.39 0.395 0.394 0.367
0.463 0.508 0.417 0.421 0.463 0.414 0.415 0.42
0.37 0.374 0.324 0.322 0.36 0.378 0.379 0.367
0.474 0.507 0.432 0.413 0.474 0.46 0.46 0.459
0.431 0.465 0.38 0.375 0.416 0.403 0.398 0.372
0.477 0.487 0.436 0.434 0.465 0.467 0.47 0.438
0.425 0.436 0.362 0.354 0.412 0.405 0.396 0.386
0.4 0.441 0.367 0.374 0.407 0.386 0.388 0.378
0.433 0.453 0.408 0.414 0.439 0.448 0.446 0.401
0.459 0.473 0.404 0.416 0.443 0.424 0.413 0.409
0.443 0.435 0.399 0.399 0.434 0.439 0.441 0.411
0.43 0.454 0.382 0.387 0.43 0.401 0.398 0.394
0.428 0.45 0.395 0.391 0.437 0.399 0.4 0.405
0.413 0.446 0.376 0.381 0.405 0.425 0.422 0.389
0.447 0.488 0.406 0.405 0.452 0.423 0.426 0.394
0.426 0.424 0.376 0.37 0.427 0.415 0.415 0.398
0.419 0.447 0.358 0.37 0.404 0.376 0.37 0.35
0.466 0.465 0.422 0.414 0.453 0.426 0.426 0.464
0.443 0.471 0.393 0.385 0.446 0.431 0.431 0.42
0.453 0.44 0.416 0.429 0.455 0.416 0.416 0.417
0.428 0.486 0.389 0.387 0.438 0.391 0.391 0.418
0.425 0.48 0.397 0.402 0.429 0.421 0.42 0.429
0.427 0.453 0.365 0.366 0.408 0.366 0.363 0.36
0.428 0.449 0.387 0.381 0.436 0.412 0.412 0.42
0.381 0.406 0.354 0.34 0.401 0.393 0.387 0.345
0.423 0.415 0.39 0.398 0.431 0.403 0.403 0.364
0.423 0.488 0.375 0.385 0.409 0.397 0.397 0.382
0.428 0.465 0.402 0.404 0.43 0.425 0.423 0.412
0.418 0.433 0.391 0.392 0.419 0.406 0.407 0.401
0.413 0.436 0.362 0.367 0.402 0.404 0.403 0.37
0.369 0.394 0.333 0.325 0.352 0.369 0.368 0.323
0.411 0.454 0.366 0.368 0.411 0.412 0.412 0.382
0.444 0.458 0.39 0.396 0.429 0.427 0.427 0.407
0.41 0.425 0.387 0.379 0.421 0.411 0.406 0.388
0.456 0.479 0.394 0.384 0.458 0.419 0.414 0.427
0.425 0.445 0.389 0.392 0.432 0.399 0.399 0.393
0.438 0.434 0.413 0.409 0.44 0.436 0.432 0.379
0.461 0.48 0.417 0.423 0.468 0.444 0.444 0.456
0.476 0.515 0.433 0.436 0.476 0.457 0.459 0.411
0.372 0.403 0.324 0.34 0.366 0.381 0.38 0.348
0.463 0.49 0.422 0.422 0.463 0.455 0.455 0.424
0.433 0.457 0.375 0.382 0.415 0.402 0.402 0.379
0.426 0.468 0.394 0.391 0.426 0.425 0.426 0.455
0.46 0.497 0.408 0.403 0.44 0.413 0.415 0.401
0.394 0.447 0.367 0.353 0.392 0.424 0.419 0.356
0.42 0.412 0.394 0.386 0.431 0.393 0.392 0.386
0.428 0.438 0.401 0.417 0.442 0.414 0.414 0.383
0.377 0.401 0.342 0.345 0.378 0.375 0.372 0.367
0.378 0.42 0.351 0.344 0.382 0.359 0.361 0.324
0.416 0.468 0.382 0.392 0.417 0.407 0.407 0.365
0.392 0.456 0.363 0.361 0.408 0.398 0.395 0.365
0.389 0.429 0.35 0.341 0.382 0.366 0.362 0.324
0.382 0.403 0.351 0.351 0.388 0.366 0.366 0.349
0.347 0.383 0.315 0.316 0.347 0.385 0.385 0.368
0.368 0.387 0.324 0.318 0.368 0.365 0.36 0.341
0.399 0.395 0.367 0.365 0.398 0.417 0.42 0.402
0.432 0.47 0.393 0.39 0.434 0.401 0.401 0.379
0.41 0.448 0.368 0.372 0.41 0.397 0.391 0.381
0.422 0.442 0.365 0.363 0.401 0.409 0.409 0.398
0.413 0.418 0.369 0.382 0.413 0.404 0.399 0.399
0.369 0.395 0.346 0.349 0.37 0.395 0.394 0.378
0.406 0.41 0.355 0.367 0.406 0.422 0.421 0.39
0.406 0.422 0.374 0.377 0.407 0.377 0.376 0.418
0.432 0.429 0.393 0.393 0.433 0.433 0.434 0.432
0.416 0.435 0.383 0.382 0.414 0.43 0.429 0.394
0.431 0.448 0.389 0.395 0.425 0.387 0.386 0.356
0.445 0.479 0.387 0.386 0.434 0.39 0.39 0.375
0.447 0.448 0.406 0.398 0.443 0.378 0.374 0.374
0.403 0.44 0.359 0.368 0.403 0.377 0.376 0.354
0.403 0.413 0.373 0.369 0.403 0.414 0.413 0.374
0.411 0.399 0.34 0.34 0.395 0.429 0.432 0.389
0.399 0.433 0.366 0.367 0.399 0.374 0.373 0.353
0.424 0.422 0.39 0.4 0.425 0.402 0.397 0.378
0.399 0.415 0.366 0.367 0.399 0.388 0.388 0.378
0.492 0.499 0.431 0.434 0.49 0.458 0.458 0.484
0.485 0.498 0.423 0.437 0.471 0.438 0.437 0.441
0.453 0.458 0.399 0.407 0.436 0.393 0.399 0.413
0.463 0.511 0.427 0.427 0.456 0.401 0.4 0.4
0.392 0.432 0.351 0.356 0.371 0.376 0.376 0.359
0.393 0.439 0.341 0.335 0.395 0.371 0.371 0.329
0.418 0.47 0.356 0.369 0.419 0.386 0.385 0.363
0.414 0.435 0.371 0.385 0.424 0.412 0.411 0.351
0.433 0.472 0.382 0.386 0.433 0.418 0.419 0.433
0.403 0.468 0.359 0.346 0.408 0.372 0.377 0.346
0.433 0.426 0.387 0.386 0.431 0.401 0.402 0.369
0.474 0.486 0.426 0.429 0.466 0.441 0.443 0.491
0.47 0.517 0.434 0.437 0.47 0.462 0.464 0.454
0.371 0.39 0.323 0.32 0.371 0.39 0.39 0.361
0.422 0.432 0.392 0.376 0.438 0.422 0.421 0.397
0.447 0.452 0.407 0.4 0.433 0.415 0.415 0.399
0.371 0.414 0.329 0.348 0.374 0.382 0.381 0.34
0.402 0.436 0.352 0.359 0.389 0.397 0.397 0.343
0.446 0.465 0.4 0.414 0.454 0.384 0.384 0.393
0.44 0.459 0.387 0.385 0.436 0.393 0.392 0.4
0.429 0.446 0.375 0.38 0.427 0.392 0.391 0.389
0.451 0.479 0.41 0.4 0.453 0.424 0.422 0.402
0.455 0.452 0.41 0.408 0.454 0.414 0.41 0.42
0.409 0.452 0.375 0.369 0.409 0.401 0.403 0.397
0.398 0.44 0.354 0.354 0.381 0.402 0.403 0.346
0.401 0.445 0.359 0.359 0.4 0.377 0.375 0.361
0.451 0.441 0.414 0.412 0.445 0.428 0.43 0.42
0.467 0.458 0.434 0.433 0.467 0.427 0.43 0.433
0.385 0.409 0.353 0.348 0.39 0.396 0.388 0.357
0.397 0.411 0.345 0.335 0.378 0.366 0.359 0.325
0.41 0.452 0.362 0.375 0.413 0.405 0.408 0.404
0.36 0.368 0.327 0.325 0.361 0.379 0.379 0.345
0.485 0.513 0.416 0.437 0.477 0.423 0.427 0.415
0.43 0.456 0.402 0.388 0.445 0.429 0.429 0.402
0.447 0.481 0.409 0.402 0.454 0.423 0.428 0.424
0.446 0.47 0.401 0.409 0.446 0.446 0.446 0.45
0.378 0.402 0.355 0.354 0.38 0.412 0.411 0.393
0.486 0.503 0.44 0.438 0.472 0.463 0.467 0.439
0.454 0.468 0.404 0.411 0.443 0.411 0.407 0.431
0.418 0.431 0.374 0.374 0.422 0.385 0.385 0.39
0.426 0.464 0.398 0.395 0.426 0.406 0.401 0.364
0.452 0.481 0.398 0.388 0.43 0.41 0.406 0.39
0.449 0.454 0.404 0.409 0.441 0.409 0.413 0.399
0.421 0.467 0.365 0.361 0.398 0.41 0.409 0.363
0.462 0.491 0.427 0.424 0.469 0.431 0.429 0.405
0.354 0.392 0.321 0.32 0.342 0.342 0.342 0.344
0.446 0.461 0.394 0.398 0.447 0.414 0.411 0.383
0.47 0.486 0.425 0.429 0.455 0.407 0.408 0.406
0.39 0.434 0.361 0.363 0.393 0.409 0.403 0.394
0.407 0.436 0.367 0.367 0.408 0.391 0.391 0.365
0.388 0.398 0.357 0.361 0.39 0.42 0.417 0.349
0.391 0.444 0.36 0.359 0.391 0.401 0.405 0.38
0.403 0.428 0.374 0.38 0.403 0.411 0.406 0.37
0.427 0.432 0.368 0.362 0.414 0.397 0.396 0.389
0.42 0.424 0.388 0.382 0.421 0.389 0.389 0.374
0.446 0.487 0.423 0.422 0.467 0.399 0.398 0.415
0.425 0.457 0.391 0.391 0.426 0.432 0.429 0.398
0.384 0.398 0.351 0.348 0.392 0.37 0.374 0.348
0.401 0.437 0.349 0.36 0.401 0.399 0.402 0.374
0.458 0.488 0.411 0.408 0.464 0.42 0.419 0.436
0.42 0.456 0.368 0.373 0.42 0.409 0.406 0.385
0.446 0.465 0.418 0.419 0.457 0.415 0.413 0.426
0.468 0.432 0.456 0.444 0.484 0.461 0.462 0.439
0.381 0.416 0.346 0.353 0.381 0.399 0.398 0.357
0.404 0.433 0.368 0.38 0.408 0.411 0.411 0.356
0.454 0.478 0.409 0.398 0.457 0.406 0.406 0.414
0.435 0.461 0.397 0.386 0.436 0.429 0.427 0.378
0.463 0.485 0.425 0.419 0.454 0.415 0.415 0.398
0.419 0.419 0.373 0.373 0.411 0.432 0.433 0.394
0.435 0.452 0.405 0.402 0.447 0.424 0.424 0.403
0.433 0.462 0.4 0.39 0.453 0.401 0.401 0.444
0.414 0.387 0.367 0.359 0.396 0.415 0.416 0.387
0.39 0.418 0.359 0.358 0.389 0.404 0.403 0.377
0.415 0.449 0.386 0.382 0.422 0.372 0.372 0.374
0.382 0.383 0.337 0.338 0.368 0.375 0.375 0.343
0.412 0.432 0.374 0.371 0.414 0.37 0.372 0.364
0.39 0.411 0.343 0.348 0.39 0.392 0.388 0.348
0.385 0.415 0.36 0.346 0.386 0.372 0.372 0.377
0.413 0.428 0.374 0.399 0.412 0.42 0.419 0.376
0.436 0.446 0.37 0.378 0.42 0.405 0.401 0.379
0.368 0.421 0.333 0.321 0.376 0.353 0.349 0.326
0.41 0.421 0.389 0.382 0.414 0.402 0.402 0.366
0.419 0.439 0.369 0.376 0.407 0.399 0.396 0.366
0.337 0.36 0.315 0.308 0.337 0.38 0.376 0.332
0.398 0.391 0.339 0.345 0.38 0.392 0.379 0.348
0.448 0.51 0.429 0.423 0.45 0.431 0.431 0.443
0.441 0.447 0.385 0.383 0.424 0.424 0.425 0.387
0.428 0.417 0.382 0.388 0.407 0.391 0.392 0.346
0.468 0.487 0.437 0.449 0.468 0.435 0.435 0.428
0.425 0.44 0.37 0.37 0.429 0.44 0.436 0.394
0.404 0.446 0.369 0.371 0.398 0.418 0.416 0.391
0.39 0.41 0.352 0.351 0.388 0.394 0.39 0.351
0.368 0.362 0.323 0.329 0.368 0.392 0.388 0.326
0.401 0.414 0.37 0.358 0.409 0.395 0.392 0.335
0.429 0.43 0.393 0.39 0.428 0.359 0.358 0.341
0.388 0.428 0.353 0.347 0.392 0.401 0.397 0.347
0.448 0.447 0.396 0.4 0.448 0.438 0.44 0.413
0.436 0.464 0.39 0.38 0.453 0.413 0.412 0.414
0.456 0.465 0.426 0.41 0.45 0.438 0.437 0.402
0.382 0.401 0.346 0.335 0.379 0.374 0.373 0.34
0.397 0.399 0.38 0.378 0.402 0.396 0.396 0.376
0.427 0.496 0.365 0.373 0.405 0.394 0.396 0.4
0.419 0.444 0.382 0.372 0.419 0.421 0.42 0.405
0.377 0.426 0.341 0.33 0.377 0.381 0.382 0.349
0.44 0.471 0.406 0.407 0.442 0.432 0.433 0.429
0.466 0.505 0.401 0.401 0.46 0.425 0.424 0.426
0.352 0.383 0.341 0.337 0.375 0.354 0.353 0.351
0.486 0.527 0.445 0.438 0.501 0.442 0.442 0.425
0.413 0.472 0.39 0.392 0.413 0.421 0.423 0.408
0.443 0.435 0.407 0.397 0.445 0.445 0.444 0.438
0.426 0.479 0.392 0.396 0.428 0.386 0.386 0.38
0.409 0.451 0.387 0.39 0.423 0.41 0.407 0.39
0.426 0.429 0.383 0.385 0.425 0.408 0.408 0.384
0.467 0.443 0.426 0.421 0.465 0.403 0.404 0.422
0.436 0.424 0.411 0.395 0.436 0.418 0.418 0.389
0.397 0.431 0.362 0.356 0.403 0.39 0.39 0.373
0.458 0.495 0.42 0.418 0.462 0.428 0.429 0.444
0.418 0.439 0.391 0.384 0.431 0.422 0.419 0.399
0.402 0.444 0.369 0.363 0.402 0.405 0.412 0.394
0.447 0.452 0.411 0.432 0.449 0.455 0.45 0.415
0.405 0.414 0.348 0.343 0.383 0.403 0.404 0.339
0.467 0.491 0.415 0.407 0.446 0.465 0.465 0.45
0.433 0.455 0.378 0.387 0.428 0.428 0.429 0.374
0.398 0.402 0.377 0.369 0.413 0.403 0.404 0.4
0.405 0.429 0.374 0.375 0.413 0.409 0.41 0.39
0.447 0.457 0.386 0.383 0.435 0.4 0.402 0.4
0.447 0.481 0.411 0.413 0.449 0.387 0.386 0.391
0.417 0.455 0.38 0.375 0.421 0.438 0.439 0.4
0.455 0.49 0.388 0.395 0.456 0.444 0.442 0.455
0.488 0.467 0.434 0.435 0.473 0.447 0.448 0.461
0.448 0.439 0.403 0.405 0.452 0.431 0.431 0.452
0.559 0.548 0.493 0.509 0.565 0.474 0.472 0.53
0.439 0.451 0.401 0.4 0.44 0.389 0.385 0.41
0.391 0.439 0.355 0.368 0.404 0.383 0.382 0.375
0.43 0.465 0.378 0.385 0.43 0.425 0.419 0.392
0.415 0.424 0.381 0.379 0.423 0.416 0.415 0.386
0.427 0.461 0.389 0.383 0.43 0.404 0.409 0.421
0.408 0.425 0.367 0.36 0.39 0.405 0.403 0.364
0.383 0.399 0.35 0.354 0.383 0.391 0.391 0.37
0.393 0.425 0.362 0.362 0.392 0.392 0.393 0.359
0.416 0.45 0.375 0.374 0.419 0.404 0.404 0.393
0.409 0.429 0.384 0.378 0.411 0.409 0.399 0.385
0.487 0.517 0.458 0.458 0.49 0.472 0.471 0.468
0.429 0.438 0.377 0.363 0.403 0.367 0.366 0.345
0.445 0.464 0.393 0.393 0.436 0.42 0.42 0.37
0.375 0.383 0.359 0.358 0.384 0.366 0.369 0.352
0.49 0.518 0.447 0.453 0.502 0.469 0.468 0.454
0.44 0.455 0.411 0.42 0.45 0.412 0.41 0.409
0.448 0.474 0.413 0.396 0.449 0.404 0.404 0.388
0.45 0.473 0.395 0.396 0.441 0.426 0.426 0.458
0.408 0.422 0.376 0.372 0.424 0.429 0.43 0.434
0.423 0.436 0.393 0.389 0.422 0.43 0.421 0.384
0.503 0.529 0.46 0.449 0.506 0.461 0.462 0.501
0.435 0.473 0.39 0.374 0.416 0.43 0.432 0.381
0.409 0.429 0.365 0.364 0.42 0.435 0.431 0.406
0.363 0.414 0.341 0.351 0.376 0.41 0.407 0.333
0.488 0.489 0.42 0.432 0.479 0.463 0.462 0.452
0.426 0.408 0.395 0.391 0.425 0.433 0.433 0.4
0.426 0.416 0.389 0.386 0.429 0.425 0.427 0.404
0.458 0.517 0.414 0.412 0.455 0.39 0.391 0.429
0.399 0.434 0.359 0.365 0.401 0.386 0.387 0.356
0.47 0.525 0.413 0.414 0.455 0.433 0.431 0.407
0.422 0.437 0.382 0.379 0.441 0.431 0.429 0.399
0.442 0.426 0.396 0.409 0.446 0.386 0.382 0.397
0.378 0.402 0.352 0.352 0.376 0.381 0.375 0.357
0.391 0.424 0.354 0.361 0.394 0.443 0.442 0.416
0.428 0.444 0.409 0.403 0.428 0.413 0.414 0.409
0.388 0.412 0.328 0.337 0.371 0.411 0.402 0.331
0.435 0.452 0.386 0.382 0.421 0.386 0.383 0.365
0.411 0.426 0.379 0.377 0.415 0.388 0.387 0.352
0.445 0.483 0.415 0.424 0.461 0.435 0.435 0.38
0.399 0.456 0.366 0.368 0.401 0.4 0.394 0.373
0.459 0.497 0.413 0.414 0.464 0.434 0.433 0.418
0.391 0.38 0.36 0.357 0.391 0.386 0.385 0.354
0.473 0.482 0.432 0.432 0.478 0.423 0.424 0.436
0.346 0.371 0.297 0.308 0.347 0.36 0.36 0.355
0.449 0.445 0.421 0.4 0.441 0.421 0.421 0.387
0.378 0.421 0.351 0.353 0.388 0.373 0.365 0.341
0.456 0.468 0.407 0.404 0.456 0.438 0.438 0.478
0.402 0.45 0.358 0.362 0.41 0.4 0.391 0.397
0.417 0.471 0.394 0.382 0.414 0.422 0.422 0.405
0.378 0.413 0.331 0.329 0.377 0.388 0.385 0.334
0.419 0.442 0.375 0.369 0.402 0.402 0.4 0.382
0.423 0.418 0.382 0.384 0.423 0.41 0.409 0.38
0.478 0.493 0.425 0.418 0.478 0.455 0.455 0.455
0.415 0.45 0.387 0.393 0.415 0.399 0.397 0.366
0.397 0.43 0.362 0.369 0.389 0.398 0.397 0.354
0.44 0.46 0.371 0.374 0.418 0.438 0.439 0.453
0.393 0.463 0.374 0.366 0.401 0.399 0.39 0.393
0.461 0.48 0.407 0.41 0.432 0.398 0.398 0.412
0.393 0.403 0.35 0.359 0.395 0.383 0.382 0.379
0.393 0.402 0.366 0.369 0.395 0.403 0.405 0.376
0.433 0.477 0.379 0.378 0.428 0.372 0.374 0.372
0.486 0.463 0.434 0.429 0.471 0.41 0.403 0.401
0.407 0.424 0.365 0.355 0.393 0.374 0.374 0.362
0.364 0.371 0.343 0.327 0.364 0.382 0.375 0.349
0.473 0.51 0.446 0.429 0.473 0.429 0.434 0.453
0.461 0.485 0.421 0.429 0.448 0.396 0.396 0.415
0.409 0.431 0.35 0.337 0.4 0.39 0.391 0.354
0.394 0.398 0.359 0.361 0.392 0.39 0.391 0.375
0.377 0.413 0.338 0.342 0.376 0.371 0.372 0.322
0.367 0.431 0.341 0.341 0.37 0.397 0.397 0.358
0.431 0.457 0.393 0.389 0.432 0.406 0.408 0.419
0.431 0.455 0.378 0.379 0.434 0.38 0.38 0.375
0.367 0.411 0.343 0.339 0.375 0.384 0.385 0.363
0.428 0.464 0.382 0.386 0.428 0.394 0.394 0.387
0.413 0.434 0.369 0.373 0.421 0.392 0.392 0.392
0.403 0.397 0.369 0.367 0.407 0.391 0.39 0.352
0.436 0.461 0.409 0.405 0.442 0.424 0.423 0.394
0.412 0.411 0.376 0.382 0.415 0.416 0.416 0.421
0.384 0.402 0.353 0.346 0.384 0.388 0.385 0.368
0.427 0.445 0.401 0.399 0.432 0.439 0.436 0.419
0.419 0.46 0.388 0.392 0.419 0.393 0.392 0.359
0.442 0.473 0.403 0.405 0.442 0.368 0.368 0.386
0.405 0.447 0.374 0.361 0.411 0.392 0.392 0.372
0.373 0.411 0.355 0.353 0.375 0.377 0.378 0.35
0.491 0.532 0.411 0.411 0.468 0.422 0.42 0.396
0.507 0.521 0.448 0.448 0.487 0.442 0.44 0.434
0.395 0.406 0.374 0.369 0.398 0.401 0.401 0.384
0.434 0.453 0.396 0.389 0.437 0.423 0.412 0.413
0.385 0.421 0.353 0.339 0.389 0.368 0.368 0.382
0.487 0.478 0.428 0.427 0.47 0.422 0.416 0.442
0.437 0.46 0.394 0.395 0.435 0.422 0.424 0.41
0.433 0.45 0.383 0.396 0.434 0.426 0.429 0.424
0.384 0.423 0.347 0.345 0.384 0.399 0.396 0.367
0.406 0.447 0.379 0.382 0.408 0.395 0.395 0.399
0.402 0.414 0.385 0.373 0.404 0.403 0.403 0.372
0.43 0.447 0.368 0.381 0.418 0.409 0.405 0.401
0.41 0.431 0.362 0.37 0.412 0.381 0.381 0.348
0.448 0.437 0.399 0.39 0.433 0.434 0.427 0.397
0.43 0.444 0.378 0.369 0.418 0.386 0.382 0.367
0.404 0.41 0.368 0.368 0.405 0.407 0.407 0.402
0.35 0.382 0.329 0.315 0.35 0.369 0.37 0.299
0.417 0.399 0.371 0.366 0.413 0.39 0.391 0.378
0.471 0.488 0.412 0.414 0.458 0.425 0.423 0.4
0.468 0.485 0.43 0.424 0.46 0.435 0.435 0.425
0.32 0.361 0.297 0.298 0.321 0.342 0.34 0.319
0.476 0.487 0.445 0.442 0.482 0.411 0.415 0.423
0.424 0.435 0.37 0.367 0.414 0.403 0.403 0.38
0.395 0.411 0.354 0.358 0.415 0.387 0.388 0.373
0.444 0.449 0.374 0.381 0.432 0.419 0.411 0.394
0.454 0.482 0.399 0.389 0.44 0.387 0.386 0.372
0.373 0.412 0.334 0.332 0.379 0.363 0.364 0.323
0.507 0.478 0.457 0.446 0.509 0.443 0.438 0.443
0.377 0.4 0.34 0.354 0.402 0.394 0.396 0.387
0.467 0.497 0.41 0.405 0.454 0.421 0.418 0.412
0.374 0.408 0.344 0.344 0.376 0.371 0.371 0.353
0.416 0.459 0.378 0.379 0.406 0.429 0.428 0.391
0.412 0.46 0.379 0.372 0.412 0.402 0.401 0.408
0.368 0.407 0.33 0.335 0.371 0.383 0.382 0.363
0.374 0.407 0.332 0.337 0.375 0.384 0.385 0.34
0.377 0.402 0.337 0.339 0.377 0.359 0.359 0.334
0.374 0.401 0.332 0.341 0.374 0.387 0.388 0.343
0.46 0.447 0.389 0.392 0.442 0.436 0.44 0.434
0.487 0.521 0.439 0.432 0.487 0.428 0.43 0.456
0.478 0.467 0.408 0.415 0.456 0.466 0.466 0.442
0.442 0.466 0.378 0.386 0.45 0.397 0.396 0.416
0.375 0.392 0.346 0.334 0.368 0.368 0.366 0.35
0.384 0.415 0.355 0.354 0.384 0.392 0.385 0.371
0.405 0.447 0.384 0.383 0.405 0.406 0.404 0.403
0.411 0.433 0.36 0.367 0.409 0.399 0.395 0.389
0.407 0.427 0.35 0.352 0.407 0.417 0.416 0.423
0.445 0.456 0.388 0.386 0.425 0.415 0.415 0.387
0.385 0.429 0.354 0.352 0.389 0.41 0.404 0.369
0.429 0.465 0.396 0.396 0.429 0.411 0.406 0.4
0.419 0.441 0.387 0.381 0.419 0.452 0.453 0.414
0.38 0.409 0.353 0.356 0.382 0.397 0.394 0.362
0.463 0.508 0.43 0.425 0.462 0.418 0.418 0.409
0.416 0.409 0.362 0.368 0.411 0.382 0.382 0.381
0.4 0.412 0.361 0.364 0.4 0.424 0.421 0.403
0.456 0.511 0.413 0.421 0.462 0.448 0.447 0.413
0.419 0.419 0.369 0.374 0.42 0.409 0.409 0.399
0.338 0.383 0.317 0.323 0.338 0.379 0.381 0.319
0.398 0.39 0.367 0.376 0.409 0.372 0.375 0.355
0.414 0.442 0.362 0.362 0.4 0.431 0.428 0.39
0.41 0.46 0.377 0.369 0.419 0.379 0.379 0.378
0.366 0.4 0.333 0.343 0.365 0.373 0.372 0.34
0.392 0.404 0.348 0.344 0.37 0.387 0.386 0.369
0.443 0.452 0.385 0.379 0.418 0.399 0.396 0.375
0.402 0.432 0.355 0.35 0.376 0.391 0.386 0.36
0.391 0.374 0.357 0.34 0.383 0.383 0.388 0.359
0.416 0.427 0.372 0.381 0.424 0.402 0.401 0.423
0.404 0.425 0.358 0.366 0.412 0.396 0.393 0.363
0.461 0.5 0.433 0.435 0.472 0.442 0.441 0.462
0.418 0.478 0.38 0.381 0.418 0.434 0.434 0.384
0.405 0.45 0.379 0.389 0.414 0.417 0.416 0.372
0.388 0.449 0.36 0.366 0.388 0.392 0.395 0.371
0.404 0.418 0.38 0.368 0.425 0.382 0.381 0.381
0.413 0.413 0.372 0.373 0.428 0.428 0.426 0.469
0.365 0.395 0.339 0.341 0.365 0.383 0.382 0.334
0.466 0.469 0.423 0.416 0.469 0.459 0.46 0.49
0.382 0.398 0.352 0.36 0.404 0.372 0.372 0.369
0.458 0.456 0.422 0.418 0.461 0.443 0.427 0.421
0.428 0.405 0.379 0.374 0.413 0.405 0.405 0.358
0.42 0.433 0.364 0.376 0.417 0.41 0.411 0.379
0.439 0.469 0.404 0.395 0.425 0.416 0.415 0.397
0.446 0.458 0.393 0.378 0.44 0.413 0.413 0.402
0.349 0.397 0.336 0.337 0.366 0.387 0.387 0.303
0.482 0.496 0.446 0.455 0.478 0.43 0.43 0.421
0.368 0.398 0.341 0.34 0.367 0.387 0.378 0.295
0.436 0.425 0.414 0.402 0.426 0.45 0.449 0.443
0.391 0.419 0.355 0.352 0.394 0.382 0.382 0.369
0.4 0.416 0.36 0.369 0.405 0.375 0.376 0.348
0.417 0.44 0.388 0.387 0.418 0.393 0.395 0.358
0.42 0.454 0.38 0.38 0.408 0.37 0.366 0.344
0.362 0.415 0.333 0.334 0.362 0.42 0.42 0.369
0.431 0.434 0.394 0.387 0.44 0.397 0.393 0.361
0.447 0.47 0.407 0.415 0.446 0.43 0.429 0.411
0.416 0.451 0.367 0.381 0.419 0.445 0.443 0.425
0.393 0.426 0.363 0.356 0.398 0.386 0.384 0.348
0.437 0.457 0.399 0.413 0.442 0.441 0.441 0.417
0.45 0.448 0.432 0.423 0.45 0.456 0.455 0.43
0.467 0.473 0.431 0.44 0.467 0.431 0.432 0.421
0.398 0.403 0.337 0.362 0.397 0.413 0.416 0.337
0.431 0.462 0.393 0.405 0.433 0.404 0.403 0.387
0.406 0.435 0.386 0.386 0.406 0.425 0.419 0.379
0.416 0.413 0.371 0.374 0.416 0.4 0.4 0.383
0.416 0.438 0.377 0.379 0.414 0.4 0.4 0.377
0.43 0.452 0.377 0.366 0.444 0.394 0.393 0.387
0.448 0.476 0.396 0.381 0.449 0.428 0.431 0.407
0.41 0.412 0.364 0.368 0.4 0.392 0.392 0.38
0.379 0.402 0.36 0.345 0.379 0.384 0.381 0.363
0.437 0.424 0.375 0.37 0.429 0.4 0.401 0.391
0.452 0.466 0.412 0.389 0.439 0.419 0.412 0.394
0.424 0.445 0.381 0.384 0.416 0.39 0.392 0.367
0.44 0.468 0.398 0.402 0.443 0.409 0.409 0.385
0.422 0.474 0.371 0.366 0.415 0.393 0.394 0.374
0.418 0.455 0.401 0.39 0.419 0.379 0.372 0.349
0.398 0.411 0.358 0.359 0.397 0.375 0.371 0.351
0.387 0.435 0.347 0.356 0.386 0.373 0.362 0.369
0.355 0.404 0.319 0.328 0.355 0.396 0.397 0.368
0.353 0.361 0.329 0.328 0.364 0.347 0.347 0.362
0.406 0.429 0.368 0.382 0.413 0.418 0.424 0.389
0.454 0.438 0.409 0.416 0.459 0.45 0.449 0.46
0.367 0.387 0.329 0.321 0.363 0.367 0.364 0.34
0.449 0.446 0.407 0.406 0.458 0.427 0.428 0.4
0.435 0.452 0.39 0.392 0.436 0.419 0.418 0.411
0.405 0.426 0.37 0.381 0.405 0.403 0.403 0.414
0.44 0.469 0.386 0.403 0.427 0.405 0.405 0.408
0.438 0.455 0.364 0.374 0.414 0.394 0.396 0.385
0.439 0.448 0.385 0.384 0.426 0.42 0.42 0.399
0.398 0.379 0.35 0.347 0.379 0.396 0.397 0.378
0.436 0.43 0.39 0.382 0.427 0.385 0.385 0.372
0.39 0.418 0.334 0.335 0.393 0.372 0.361 0.341
0.401 0.408 0.36 0.363 0.402 0.389 0.383 0.362
0.443 0.483 0.407 0.414 0.459 0.435 0.435 0.429
0.362 0.405 0.324 0.328 0.363 0.329 0.324 0.303
0.367 0.38 0.336 0.328 0.368 0.367 0.356 0.359
0.377 0.4 0.348 0.351 0.391 0.371 0.366 0.318
0.402 0.465 0.371 0.366 0.401 0.418 0.419 0.379
0.377 0.408 0.351 0.343 0.378 0.397 0.395 0.347
0.477 0.486 0.442 0.447 0.468 0.438 0.434 0.397
0.393 0.445 0.365 0.38 0.397 0.416 0.416 0.395
0.455 0.443 0.424 0.421 0.457 0.425 0.42 0.413
0.434 0.451 0.391 0.386 0.412 0.43 0.425 0.387
0.456 0.441 0.417 0.421 0.456 0.424 0.421 0.418
0.4 0.404 0.343 0.357 0.4 0.37 0.368 0.339
0.443 0.433 0.395 0.396 0.426 0.434 0.433 0.458
0.41 0.475 0.38 0.38 0.411 0.425 0.424 0.38
0.439 0.431 0.401 0.397 0.433 0.374 0.374 0.397
0.471 0.476 0.399 0.409 0.468 0.428 0.429 0.451
0.405 0.448 0.371 0.369 0.405 0.382 0.387 0.349
0.377 0.383 0.344 0.349 0.377 0.366 0.366 0.339
0.453 0.452 0.406 0.4 0.454 0.409 0.406 0.458
0.393 0.443 0.374 0.361 0.396 0.385 0.385 0.389
0.42 0.434 0.379 0.368 0.407 0.382 0.38 0.381
0.379 0.408 0.36 0.362 0.386 0.382 0.382 0.367
0.401 0.414 0.367 0.368 0.408 0.414 0.414 0.385
0.411 0.395 0.369 0.373 0.4 0.419 0.42 0.386
0.471 0.486 0.397 0.41 0.459 0.431 0.426 0.404
0.43 0.469 0.403 0.401 0.431 0.433 0.429 0.421
0.418 0.429 0.388 0.385 0.421 0.41 0.41 0.39
0.429 0.453 0.404 0.417 0.431 0.387 0.387 0.361
0.412 0.423 0.381 0.389 0.417 0.42 0.421 0.414
0.42 0.443 0.365 0.37 0.418 0.401 0.4 0.396
0.465 0.486 0.396 0.401 0.438 0.409 0.41 0.417
0.406 0.427 0.371 0.369 0.406 0.404 0.408 0.376
0.389 0.404 0.354 0.349 0.395 0.404 0.405 0.376
0.404 0.424 0.364 0.369 0.405 0.406 0.406 0.369
0.419 0.473 0.375 0.383 0.418 0.422 0.414 0.394
0.4 0.423 0.373 0.379 0.403 0.395 0.398 0.365
0.405 0.423 0.381 0.377 0.405 0.431 0.43 0.406
0.474 0.533 0.411 0.418 0.474 0.421 0.421 0.439
0.455 0.472 0.399 0.395 0.438 0.419 0.419 0.431
0.431 0.449 0.374 0.379 0.431 0.436 0.436 0.404
0.402 0.446 0.366 0.36 0.403 0.446 0.446 0.398
0.517 0.506 0.47 0.463 0.499 0.434 0.434 0.431
0.419 0.403 0.368 0.369 0.405 0.39 0.391 0.383
0.442 0.461 0.388 0.384 0.443 0.425 0.422 0.425
0.423 0.442 0.401 0.393 0.442 0.398 0.393 0.384
0.391 0.444 0.364 0.367 0.401 0.403 0.4 0.378
0.425 0.496 0.38 0.395 0.431 0.432 0.432 0.416
0.429 0.412 0.365 0.367 0.407 0.361 0.367 0.353
0.436 0.44 0.38 0.373 0.422 0.43 0.425 0.417
0.455 0.459 0.418 0.424 0.456 0.412 0.412 0.407
0.457 0.439 0.405 0.404 0.447 0.448 0.448 0.424
0.426 0.451 0.38 0.384 0.429 0.417 0.419 0.382
0.381 0.418 0.353 0.351 0.383 0.387 0.385 0.345
0.383 0.404 0.351 0.356 0.395 0.379 0.379 0.354
0.388 0.418 0.371 0.375 0.388 0.386 0.386 0.34
0.431 0.453 0.374 0.383 0.43 0.431 0.432 0.408
0.427 0.437 0.397 0.399 0.428 0.44 0.437 0.398
0.381 0.403 0.353 0.354 0.384 0.404 0.406 0.377
0.397 0.422 0.341 0.338 0.385 0.353 0.349 0.323
0.411 0.443 0.371 0.379 0.41 0.41 0.403 0.372
0.4 0.422 0.371 0.371 0.4 0.383 0.38 0.359
0.404 0.441 0.354 0.346 0.383 0.383 0.385 0.36
0.441 0.482 0.408 0.412 0.446 0.426 0.427 0.396
0.4 0.404 0.369 0.371 0.4 0.39 0.39 0.396
0.466 0.492 0.405 0.389 0.437 0.436 0.432 0.42
0.4 0.421 0.345 0.338 0.386 0.375 0.375 0.354
0.405 0.428 0.372 0.38 0.406 0.415 0.415 0.39
0.405 0.485 0.37 0.381 0.408 0.42 0.411 0.385
0.417 0.412 0.375 0.364 0.418 0.409 0.409 0.416
0.429 0.451 0.368 0.364 0.415 0.41 0.409 0.384
0.439 0.429 0.404 0.402 0.446 0.403 0.409 0.395
0.434 0.475 0.397 0.394 0.451 0.42 0.423 0.418
0.389 0.4 0.336 0.351 0.379 0.374 0.37 0.367
0.465 0.462 0.42 0.416 0.461 0.419 0.417 0.43
0.386 0.423 0.352 0.352 0.389 0.387 0.384 0.361
0.441 0.477 0.42 0.423 0.454 0.443 0.436 0.409
0.336 0.348 0.325 0.311 0.347 0.369 0.364 0.328
0.442 0.48 0.39 0.39 0.429 0.435 0.434 0.392
0.377 0.396 0.335 0.338 0.376 0.39 0.382 0.332
0.388 0.39 0.35 0.352 0.401 0.39 0.38 0.349
0.437 0.466 0.387 0.394 0.426 0.428 0.428 0.359
0.441 0.4 0.401 0.399 0.429 0.419 0.42 0.368
0.354 0.394 0.328 0.335 0.369 0.356 0.358 0.36
0.38 0.377 0.349 0.345 0.386 0.402 0.397 0.374
0.391 0.432 0.352 0.349 0.392 0.432 0.425 0.369
0.354 0.37 0.33 0.318 0.355 0.361 0.353 0.31
0.363 0.386 0.33 0.331 0.368 0.354 0.354 0.334
0.401 0.425 0.375 0.376 0.41 0.401 0.401 0.377
0.482 0.51 0.447 0.435 0.483 0.449 0.449 0.434
0.431 0.462 0.382 0.394 0.441 0.423 0.421 0.377
0.405 0.452 0.377 0.375 0.406 0.373 0.369 0.359
0.423 0.424 0.391 0.39 0.422 0.402 0.394 0.374
0.365 0.412 0.333 0.346 0.365 0.401 0.402 0.343
0.382 0.436 0.348 0.356 0.398 0.393 0.396 0.361
0.421 0.427 0.393 0.39 0.414 0.407 0.41 0.391
0.437 0.457 0.402 0.4 0.441 0.432 0.431 0.411
0.423 0.442 0.383 0.375 0.423 0.438 0.437 0.407
0.411 0.407 0.381 0.379 0.412 0.382 0.374 0.361
0.452 0.468 0.402 0.417 0.455 0.431 0.428 0.392
0.468 0.453 0.443 0.442 0.462 0.475 0.473 0.468
0.404 0.454 0.366 0.36 0.424 0.387 0.388 0.357
0.39 0.406 0.351 0.35 0.389 0.374 0.375 0.365
0.391 0.433 0.353 0.355 0.387 0.372 0.37 0.364
0.424 0.436 0.359 0.36 0.4 0.387 0.387 0.362
0.397 0.429 0.374 0.374 0.396 0.411 0.411 0.368
0.387 0.414 0.332 0.335 0.367 0.389 0.389 0.37
0.459 0.468 0.39 0.389 0.433 0.429 0.428 0.428
0.473 0.469 0.407 0.414 0.462 0.408 0.41 0.404
0.378 0.407 0.355 0.356 0.394 0.393 0.392 0.326
0.466 0.5 0.425 0.43 0.472 0.438 0.442 0.44
0.4 0.409 0.364 0.362 0.407 0.386 0.379 0.326
0.411 0.428 0.36 0.357 0.391 0.425 0.425 0.379
0.392 0.453 0.354 0.345 0.395 0.403 0.402 0.372
0.405 0.443 0.353 0.352 0.388 0.435 0.436 0.35
0.463 0.461 0.417 0.415 0.451 0.417 0.416 0.429
0.455 0.49 0.419 0.428 0.458 0.437 0.432 0.418
0.441 0.459 0.38 0.385 0.424 0.392 0.392 0.412
0.454 0.483 0.401 0.391 0.445 0.43 0.429 0.433
0.362 0.394 0.324 0.329 0.349 0.379 0.377 0.351
0.44 0.489 0.403 0.402 0.44 0.457 0.451 0.455
0.396 0.421 0.371 0.373 0.397 0.382 0.382 0.352
0.427 0.454 0.394 0.397 0.441 0.439 0.439 0.424
0.432 0.454 0.416 0.408 0.449 0.4 0.402 0.407
0.379 0.429 0.35 0.343 0.383 0.417 0.418 0.366
0.368 0.402 0.338 0.339 0.367 0.402 0.399 0.364
0.446 0.469 0.402 0.4 0.446 0.407 0.406 0.413
0.392 0.419 0.362 0.367 0.397 0.449 0.449 0.386
0.379 0.39 0.353 0.362 0.381 0.39 0.388 0.356
0.393 0.405 0.363 0.362 0.398 0.4 0.4 0.364
0.444 0.433 0.387 0.397 0.427 0.409 0.408 0.397
0.446 0.466 0.386 0.392 0.448 0.418 0.42 0.42
0.406 0.438 0.378 0.361 0.409 0.389 0.376 0.359
0.396 0.46 0.349 0.36 0.396 0.384 0.382 0.354
0.437 0.454 0.409 0.421 0.447 0.433 0.434 0.424
0.419 0.458 0.388 0.378 0.42 0.412 0.411 0.409
0.416 0.424 0.384 0.385 0.415 0.423 0.425 0.392
0.478 0.481 0.436 0.426 0.463 0.421 0.422 0.435
0.473 0.501 0.441 0.427 0.473 0.441 0.44 0.43
0.473 0.507 0.415 0.421 0.45 0.448 0.447 0.425
0.388 0.421 0.344 0.354 0.389 0.391 0.39 0.374
0.39 0.411 0.373 0.372 0.391 0.379 0.378 0.335
0.377 0.385 0.346 0.352 0.38 0.367 0.365 0.34
0.433 0.445 0.397 0.388 0.433 0.426 0.425 0.44
0.406 0.431 0.387 0.38 0.427 0.414 0.414 0.382
0.466 0.487 0.424 0.416 0.466 0.448 0.448 0.401
0.363 0.393 0.341 0.328 0.364 0.363 0.363 0.319
0.418 0.473 0.38 0.37 0.419 0.384 0.38 0.395
0.376 0.407 0.334 0.339 0.385 0.372 0.373 0.323
0.413 0.422 0.364 0.374 0.416 0.426 0.425 0.397
0.41 0.434 0.372 0.368 0.415 0.391 0.391 0.377
0.381 0.394 0.346 0.351 0.371 0.386 0.39 0.344
0.433 0.46 0.374 0.364 0.412 0.367 0.367 0.388
0.442 0.461 0.39 0.402 0.443 0.384 0.375 0.378
0.419 0.381 0.358 0.353 0.398 0.384 0.375 0.331
0.414 0.423 0.384 0.389 0.418 0.395 0.395 0.406
0.326 0.343 0.313 0.299 0.341 0.376 0.374 0.318
0.42 0.411 0.371 0.379 0.419 0.384 0.384 0.378
0.406 0.451 0.384 0.372 0.407 0.406 0.407 0.392
0.458 0.474 0.402 0.407 0.46 0.424 0.42 0.421
0.517 0.549 0.458 0.452 0.502 0.458 0.458 0.464
0.422 0.452 0.375 0.371 0.413 0.416 0.407 0.374
0.431 0.455 0.391 0.393 0.411 0.38 0.375 0.371
0.412 0.429 0.376 0.376 0.417 0.395 0.391 0.368
0.364 0.396 0.34 0.332 0.371 0.372 0.363 0.321
0.375 0.402 0.331 0.336 0.378 0.392 0.391 0.345
0.445 0.456 0.412 0.404 0.448 0.412 0.411 0.389
0.449 0.493 0.417 0.422 0.469 0.424 0.425 0.442
0.403 0.446 0.375 0.358 0.403 0.412 0.409 0.387
0.461 0.443 0.419 0.416 0.453 0.447 0.448 0.421
0.459 0.444 0.402 0.396 0.438 0.399 0.394 0.373
0.41 0.462 0.38 0.384 0.414 0.392 0.392 0.4
0.399 0.425 0.373 0.369 0.402 0.356 0.354 0.337
0.403 0.427 0.369 0.362 0.406 0.438 0.437 0.37
0.401 0.407 0.358 0.362 0.387 0.375 0.374 0.379
0.397 0.413 0.346 0.36 0.386 0.378 0.379 0.351
0.433 0.454 0.389 0.387 0.44 0.4 0.401 0.347
0.426 0.446 0.395 0.402 0.443 0.445 0.444 0.407
0.393 0.415 0.359 0.363 0.394 0.424 0.414 0.39
0.457 0.481 0.389 0.398 0.445 0.392 0.381 0.403
0.452 0.435 0.418 0.415 0.452 0.448 0.45 0.456
0.404 0.425 0.35 0.348 0.387 0.379 0.38 0.347
0.462 0.497 0.406 0.407 0.462 0.431 0.431 0.45
0.396 0.45 0.381 0.363 0.394 0.413 0.414 0.383
0.408 0.447 0.383 0.382 0.415 0.398 0.394 0.365
0.439 0.45 0.406 0.408 0.442 0.387 0.371 0.372
0.373 0.415 0.353 0.336 0.374 0.42 0.414 0.382
0.419 0.439 0.385 0.383 0.428 0.423 0.422 0.401
0.434 0.455 0.407 0.394 0.433 0.4 0.4 0.389
0.367 0.393 0.345 0.343 0.373 0.351 0.35 0.325
0.429 0.394 0.384 0.4 0.43 0.44 0.437 0.427
0.454 0.478 0.417 0.418 0.453 0.458 0.46 0.451
0.399 0.441 0.368 0.372 0.4 0.375 0.366 0.379
0.455 0.495 0.416 0.425 0.465 0.418 0.414 0.4
0.412 0.427 0.374 0.378 0.412 0.443 0.443 0.392
0.359 0.381 0.324 0.337 0.359 0.353 0.355 0.351
0.42 0.458 0.39 0.395 0.429 0.408 0.407 0.391
0.403 0.435 0.374 0.358 0.407 0.424 0.413 0.378
0.405 0.434 0.348 0.359 0.394 0.426 0.425 0.389
0.42 0.441 0.383 0.383 0.42 0.391 0.392 0.37
0.412 0.45 0.366 0.374 0.41 0.406 0.408 0.4
0.413 0.433 0.379 0.374 0.413 0.394 0.389 0.374
0.441 0.498 0.398 0.398 0.441 0.387 0.387 0.387
0.47 0.484 0.419 0.422 0.462 0.429 0.427 0.41
0.444 0.472 0.386 0.413 0.445 0.397 0.4 0.398
0.372 0.366 0.328 0.342 0.372 0.379 0.379 0.366
0.461 0.461 0.4 0.393 0.458 0.425 0.424 0.409
0.442 0.433 0.392 0.394 0.442 0.426 0.424 0.409
0.467 0.483 0.403 0.411 0.469 0.41 0.399 0.405
0.406 0.397 0.359 0.367 0.407 0.39 0.39 0.381
0.456 0.448 0.413 0.407 0.447 0.441 0.442 0.394
0.426 0.489 0.405 0.401 0.439 0.427 0.426 0.395
0.474 0.512 0.397 0.409 0.449 0.465 0.461 0.463
0.429 0.469 0.372 0.377 0.407 0.42 0.41 0.393
0.461 0.467 0.403 0.391 0.438 0.439 0.436 0.454
0.41 0.441 0.386 0.39 0.412 0.396 0.395 0.394
0.451 0.441 0.412 0.413 0.442 0.421 0.42 0.379
0.438 0.473 0.386 0.384 0.424 0.408 0.411 0.392
0.419 0.457 0.385 0.381 0.419 0.391 0.391 0.412
0.404 0.427 0.364 0.371 0.404 0.419 0.419 0.389
0.459 0.477 0.417 0.419 0.46 0.434 0.434 0.395
0.352 0.378 0.327 0.332 0.357 0.387 0.387 0.35
0.406 0.466 0.374 0.371 0.402 0.419 0.409 0.378
0.433 0.473 0.399 0.395 0.426 0.401 0.401 0.385
0.309 0.329 0.311 0.298 0.33 0.349 0.349 0.304
0.403 0.41 0.353 0.355 0.391 0.35 0.353 0.368
0.432 0.458 0.392 0.395 0.434 0.421 0.421 0.435
0.476 0.437 0.445 0.434 0.472 0.44 0.429 0.406
0.434 0.468 0.384 0.394 0.423 0.407 0.404 0.405
0.373 0.396 0.354 0.366 0.374 0.398 0.399 0.361
0.439 0.433 0.393 0.395 0.443 0.426 0.427 0.408
0.416 0.414 0.383 0.391 0.437 0.385 0.386 0.373
0.441 0.476 0.394 0.396 0.424 0.386 0.386 0.408
0.453 0.452 0.405 0.407 0.442 0.441 0.441 0.432
0.451 0.508 0.41 0.403 0.452 0.414 0.413 0.399
0.409 0.461 0.37 0.366 0.413 0.416 0.408 0.389
0.439 0.431 0.387 0.385 0.427 0.407 0.409 0.404
0.477 0.482 0.425 0.431 0.478 0.424 0.423 0.408
0.398 0.442 0.364 0.374 0.402 0.411 0.412 0.364
0.433 0.477 0.392 0.401 0.441 0.446 0.443 0.451
0.447 0.456 0.381 0.386 0.427 0.411 0.409 0.403
0.4 0.399 0.357 0.367 0.413 0.399 0.399 0.369
0.403 0.428 0.357 0.357 0.402 0.396 0.392 0.375
0.448 0.482 0.422 0.413 0.448 0.399 0.4 0.384
0.423 0.422 0.387 0.385 0.427 0.358 0.36 0.348
0.42 0.488 0.374 0.387 0.408 0.425 0.424 0.378
0.376 0.417 0.359 0.342 0.371 0.37 0.373 0.335
0.464 0.483 0.422 0.42 0.453 0.428 0.42 0.419
0.355 0.361 0.336 0.35 0.358 0.376 0.375 0.331
0.421 0.448 0.388 0.392 0.425 0.395 0.402 0.399
0.411 0.421 0.358 0.368 0.415 0.394 0.393 0.375
0.444 0.438 0.406 0.41 0.454 0.411 0.411 0.467
0.391 0.43 0.349 0.354 0.391 0.383 0.375 0.347
0.385 0.37 0.361 0.366 0.396 0.443 0.441 0.386
0.392 0.417 0.349 0.357 0.399 0.407 0.407 0.404
0.364 0.398 0.348 0.346 0.373 0.4 0.4 0.346
0.439 0.452 0.377 0.382 0.426 0.431 0.431 0.416
0.409 0.433 0.361 0.355 0.394 0.427 0.425 0.37
0.339 0.4 0.312 0.319 0.342 0.376 0.372 0.355
0.438 0.441 0.391 0.386 0.426 0.415 0.415 0.401
0.455 0.498 0.426 0.433 0.463 0.441 0.444 0.429
0.432 0.441 0.4 0.406 0.433 0.443 0.443 0.393
0.41 0.437 0.366 0.383 0.416 0.408 0.411 0.398
0.448 0.461 0.399 0.4 0.434 0.429 0.429 0.407
0.406 0.42 0.376 0.375 0.407 0.417 0.418 0.403
0.44 0.444 0.402 0.401 0.437 0.412 0.412 0.387
0.482 0.479 0.421 0.426 0.469 0.43 0.431 0.419
0.399 0.431 0.346 0.341 0.382 0.404 0.402 0.384
0.387 0.412 0.341 0.336 0.381 0.405 0.404 0.371
0.423 0.446 0.387 0.393 0.423 0.422 0.422 0.412
0.386 0.397 0.363 0.358 0.391 0.414 0.414 0.392
0.433 0.475 0.381 0.388 0.431 0.405 0.405 0.402
0.439 0.47 0.409 0.405 0.438 0.399 0.396 0.419
0.467 0.483 0.403 0.393 0.453 0.442 0.435 0.405
0.395 0.453 0.349 0.348 0.408 0.39 0.392 0.388
0.369 0.391 0.354 0.349 0.371 0.398 0.399 0.368
0.421 0.416 0.383 0.389 0.431 0.431 0.43 0.401
0.388 0.431 0.348 0.349 0.375 0.408 0.411 0.376
0.422 0.449 0.367 0.376 0.421 0.427 0.423 0.385
0.456 0.496 0.392 0.383 0.434 0.431 0.43 0.409
0.438 0.458 0.407 0.42 0.442 0.427 0.427 0.417
0.406 0.44 0.367 0.362 0.414 0.404 0.402 0.364
0.438 0.452 0.411 0.402 0.438 0.449 0.449 0.444
0.447 0.461 0.408 0.408 0.45 0.414 0.412 0.397
0.451 0.507 0.412 0.416 0.453 0.44 0.43 0.393
0.422 0.445 0.376 0.364 0.419 0.412 0.412 0.375
0.452 0.445 0.411 0.411 0.451 0.417 0.417 0.424
0.433 0.443 0.409 0.401 0.433 0.415 0.415 0.403
0.449 0.501 0.397 0.405 0.457 0.426 0.427 0.409
0.406 0.436 0.367 0.361 0.406 0.395 0.393 0.385
0.436 0.451 0.383 0.378 0.422 0.419 0.42 0.384
0.474 0.493 0.437 0.431 0.474 0.485 0.476 0.476
0.43 0.45 0.411 0.399 0.434 0.425 0.423 0.378
0.434 0.46 0.384 0.394 0.435 0.393 0.395 0.411
0.416 0.435 0.387 0.395 0.431 0.46 0.46 0.419
0.442 0.458 0.391 0.391 0.426 0.373 0.373 0.372
0.408 0.471 0.381 0.379 0.41 0.399 0.401 0.393
0.4 0.431 0.366 0.37 0.411 0.376 0.375 0.377
0.398 0.403 0.362 0.347 0.404 0.37 0.37 0.361
0.447 0.471 0.396 0.41 0.447 0.45 0.45 0.428
0.447 0.492 0.415 0.412 0.457 0.453 0.459 0.421
0.362 0.394 0.35 0.34 0.363 0.373 0.374 0.339
0.399 0.432 0.366 0.372 0.404 0.363 0.363 0.358
0.416 0.42 0.376 0.383 0.417 0.386 0.385 0.36
0.364 0.365 0.337 0.337 0.367 0.384 0.379 0.336
0.427 0.462 0.369 0.381 0.409 0.383 0.376 0.342
0.368 0.421 0.334 0.339 0.367 0.374 0.375 0.329
0.485 0.519 0.419 0.418 0.473 0.446 0.446 0.448
0.349 0.407 0.319 0.323 0.35 0.377 0.38 0.349
0.392 0.426 0.341 0.341 0.374 0.393 0.386 0.344
0.451 0.474 0.41 0.406 0.451 0.414 0.415 0.409
0.437 0.457 0.368 0.362 0.409 0.369 0.37 0.35
0.403 0.389 0.382 0.381 0.41 0.359 0.36 0.387
0.401 0.425 0.354 0.361 0.403 0.369 0.368 0.36
0.429 0.439 0.384 0.376 0.413 0.377 0.377 0.376
0.482 0.47 0.436 0.438 0.483 0.435 0.437 0.426
0.464 0.43 0.425 0.416 0.464 0.412 0.415 0.433
0.418 0.457 0.364 0.362 0.402 0.402 0.402 0.366
0.449 0.484 0.42 0.414 0.451 0.401 0.401 0.362
0.445 0.461 0.396 0.397 0.447 0.403 0.403 0.434
0.386 0.38 0.353 0.351 0.388 0.379 0.379 0.338
0.498 0.532 0.441 0.457 0.483 0.43 0.432 0.44
0.388 0.386 0.339 0.343 0.371 0.381 0.38 0.39
0.4 0.425 0.356 0.351 0.396 0.38 0.374 0.381
0.343 0.368 0.323 0.321 0.344 0.398 0.398 0.37
0.384 0.399 0.333 0.344 0.384 0.4 0.401 0.353
0.425 0.449 0.374 0.383 0.428 0.44 0.441 0.439
0.426 0.431 0.391 0.387 0.431 0.379 0.378 0.389
0.42 0.429 0.374 0.364 0.412 0.368 0.367 0.363
0.472 0.48 0.388 0.389 0.453 0.442 0.441 0.456
0.408 0.424 0.372 0.374 0.408 0.374 0.374 0.366
0.388 0.405 0.351 0.356 0.4 0.405 0.4 0.335
0.423 0.444 0.383 0.38 0.424 0.371 0.374 0.392
0.41 0.428 0.394 0.383 0.424 0.436 0.438 0.415
0.476 0.513 0.416 0.428 0.46 0.432 0.43 0.424
0.388 0.438 0.377 0.361 0.388 0.419 0.419 0.399
0.483 0.5 0.439 0.441 0.483 0.422 0.422 0.432
0.412 0.416 0.361 0.366 0.405 0.411 0.409 0.369
0.409 0.408 0.362 0.376 0.41 0.377 0.377 0.375
0.432 0.452 0.398 0.398 0.44 0.466 0.462 0.414
0.438 0.451 0.408 0.409 0.438 0.425 0.423 0.415
0.443 0.451 0.415 0.41 0.442 0.408 0.408 0.41
0.381 0.422 0.357 0.362 0.381 0.393 0.395 0.353
0.313 0.354 0.285 0.292 0.313 0.349 0.35 0.274
0.403 0.442 0.367 0.373 0.403 0.39 0.386 0.378
0.397 0.453 0.349 0.349 0.396 0.379 0.377 0.336
0.386 0.464 0.338 0.349 0.387 0.391 0.389 0.339
0.422 0.437 0.365 0.371 0.418 0.39 0.389 0.398
0.411 0.428 0.372 0.372 0.412 0.382 0.38 0.377
0.461 0.431 0.411 0.423 0.445 0.414 0.413 0.405
0.394 0.405 0.353 0.35 0.395 0.389 0.381 0.365
0.379 0.397 0.367 0.346 0.379 0.42 0.42 0.389
0.423 0.455 0.38 0.384 0.435 0.424 0.419 0.402
0.432 0.432 0.375 0.377 0.431 0.406 0.407 0.412
0.442 0.476 0.397 0.394 0.464 0.434 0.437 0.458
0.403 0.445 0.367 0.377 0.417 0.432 0.432 0.417
0.432 0.426 0.387 0.391 0.434 0.424 0.424 0.414
0.426 0.435 0.374 0.365 0.426 0.41 0.41 0.402
0.505 0.517 0.458 0.454 0.487 0.446 0.444 0.423
0.369 0.453 0.332 0.33 0.366 0.388 0.386 0.361
0.482 0.538 0.444 0.445 0.478 0.479 0.472 0.443
0.42 0.435 0.391 0.377 0.426 0.409 0.407 0.38
0.484 0.493 0.448 0.438 0.47 0.449 0.446 0.42
0.407 0.427 0.367 0.373 0.423 0.368 0.368 0.368
0.427 0.45 0.392 0.386 0.427 0.402 0.402 0.411
0.447 0.442 0.389 0.391 0.44 0.399 0.398 0.407
0.384 0.403 0.345 0.342 0.384 0.364 0.366 0.347
0.407 0.417 0.362 0.369 0.399 0.39 0.39 0.35
0.405 0.427 0.356 0.362 0.405 0.376 0.375 0.379
0.395 0.414 0.368 0.366 0.4 0.371 0.369 0.329
0.465 0.48 0.418 0.417 0.452 0.413 0.414 0.432
0.386 0.448 0.324 0.324 0.361 0.381 0.378 0.321
0.385 0.418 0.344 0.335 0.367 0.373 0.374 0.345
0.415 0.461 0.376 0.371 0.415 0.399 0.397 0.404
0.423 0.448 0.391 0.392 0.422 0.423 0.421 0.407
0.442 0.461 0.387 0.377 0.431 0.4 0.4 0.396
0.408 0.456 0.374 0.382 0.429 0.401 0.4 0.38
0.383 0.405 0.364 0.358 0.383 0.416 0.416 0.365
0.41 0.451 0.361 0.36 0.411 0.408 0.408 0.386
0.412 0.448 0.364 0.374 0.412 0.379 0.375 0.38
0.434 0.425 0.385 0.388 0.43 0.384 0.385 0.387
0.37 0.385 0.348 0.344 0.385 0.398 0.396 0.32
0.424 0.409 0.392 0.396 0.425 0.423 0.423 0.407
0.44 0.484 0.406 0.404 0.441 0.414 0.407 0.38
0.432 0.452 0.391 0.391 0.424 0.413 0.413 0.393
0.434 0.492 0.386 0.393 0.434 0.404 0.404 0.406
0.376 0.44 0.334 0.331 0.376 0.399 0.398 0.352
0.412 0.422 0.374 0.375 0.417 0.427 0.425 0.394
0.403 0.441 0.34 0.342 0.383 0.389 0.388 0.338
0.437 0.458 0.39 0.399 0.439 0.39 0.39 0.41
0.434 0.428 0.382 0.39 0.419 0.396 0.394 0.375
0.443 0.459 0.403 0.394 0.444 0.399 0.403 0.391
0.408 0.441 0.381 0.38 0.408 0.378 0.373 0.355
0.391 0.406 0.351 0.354 0.391 0.395 0.395 0.354
0.466 0.463 0.427 0.439 0.478 0.436 0.436 0.466
0.438 0.496 0.413 0.401 0.453 0.453 0.452 0.395
0.382 0.409 0.346 0.339 0.376 0.392 0.391 0.367
0.454 0.432 0.41 0.401 0.438 0.42 0.417 0.403
0.415 0.457 0.377 0.366 0.419 0.392 0.392 0.38
0.443 0.451 0.392 0.392 0.422 0.403 0.396 0.382
0.412 0.426 0.386 0.383 0.409 0.376 0.375 0.361
0.443 0.489 0.413 0.391 0.444 0.431 0.43 0.389
0.454 0.455 0.416 0.41 0.442 0.407 0.407 0.415
0.472 0.487 0.393 0.384 0.457 0.434 0.434 0.427
0.384 0.424 0.356 0.347 0.385 0.413 0.413 0.343
0.394 0.425 0.344 0.345 0.395 0.371 0.368 0.335
0.416 0.443 0.39 0.389 0.417 0.383 0.382 0.402
0.431 0.447 0.418 0.412 0.455 0.418 0.418 0.39
0.398 0.389 0.342 0.353 0.381 0.375 0.375 0.366
0.388 0.439 0.357 0.36 0.39 0.402 0.402 0.371
0.414 0.411 0.368 0.37 0.404 0.374 0.374 0.355
0.418 0.447 0.378 0.372 0.42 0.39 0.394 0.408
0.374 0.377 0.341 0.352 0.374 0.395 0.395 0.376
0.361 0.372 0.34 0.325 0.378 0.38 0.38 0.357
0.393 0.398 0.346 0.352 0.386 0.38 0.375 0.375
0.387 0.422 0.368 0.359 0.398 0.413 0.413 0.36
