0.58 0.585 0.511 0.52 0.584 0.469 0.477 0.553
0.571 0.573 0.525 0.496 0.571 0.463 0.464 0.543
0.578 0.571 0.494 0.494 0.575 0.467 0.474 0.506
0.578 0.578 0.491 0.525 0.578 0.476 0.474 0.517
0.578 0.591 0.496 0.483 0.588 0.493 0.488 0.565
0.573 0.571 0.494 0.482 0.572 0.466 0.467 0.539
0.575 0.574 0.469 0.541 0.575 0.465 0.463 0.515
0.587 0.586 0.51 0.481 0.589 0.49 0.49 0.572
0.585 0.571 0.512 0.507 0.576 0.483 0.483 0.586
0.575 0.577 0.466 0.509 0.576 0.493 0.493 0.549
0.569 0.563 0.542 0.496 0.572 0.471 0.471 0.53
0.589 0.589 0.509 0.518 0.589 0.486 0.488 0.56
0.588 0.594 0.503 0.5 0.588 0.474 0.482 0.576
0.567 0.565 0.492 0.483 0.567 0.455 0.452 0.52
0.569 0.573 0.467 0.473 0.569 0.499 0.495 0.557
0.554 0.55 0.488 0.48 0.554 0.498 0.499 0.54
0.553 0.554 0.5 0.51 0.553 0.483 0.482 0.56
0.566 0.564 0.489 0.521 0.566 0.465 0.463 0.566
0.573 0.571 0.482 0.51 0.573 0.437 0.435 0.488
0.558 0.558 0.491 0.497 0.558 0.474 0.467 0.535
0.567 0.562 0.504 0.47 0.566 0.461 0.451 0.517
0.58 0.583 0.485 0.53 0.58 0.451 0.458 0.527
0.572 0.562 0.485 0.513 0.561 0.484 0.484 0.563
0.608 0.607 0.521 0.492 0.604 0.497 0.497 0.614
0.562 0.561 0.489 0.471 0.561 0.479 0.476 0.555
0.562 0.573 0.476 0.507 0.572 0.458 0.46 0.501
0.583 0.584 0.501 0.501 0.583 0.448 0.446 0.547
0.571 0.571 0.48 0.506 0.572 0.519 0.512 0.517
0.574 0.574 0.55 0.485 0.576 0.489 0.481 0.534
0.589 0.589 0.489 0.458 0.589 0.452 0.442 0.505
0.597 0.588 0.51 0.507 0.588 0.496 0.495 0.551
0.571 0.571 0.502 0.498 0.571 0.493 0.493 0.56
0.541 0.54 0.525 0.505 0.541 0.481 0.493 0.538
0.572 0.572 0.502 0.486 0.568 0.449 0.451 0.519
0.604 0.601 0.486 0.512 0.605 0.465 0.466 0.551
0.571 0.573 0.511 0.492 0.571 0.469 0.481 0.566
0.58 0.58 0.489 0.496 0.58 0.485 0.485 0.546
0.562 0.568 0.508 0.529 0.567 0.469 0.465 0.526
0.566 0.565 0.515 0.522 0.566 0.474 0.474 0.521
0.582 0.59 0.497 0.481 0.582 0.48 0.479 0.555
0.547 0.55 0.461 0.508 0.549 0.504 0.505 0.542
0.581 0.575 0.494 0.467 0.573 0.499 0.494 0.567
0.58 0.578 0.482 0.474 0.574 0.466 0.467 0.522
0.609 0.61 0.479 0.496 0.609 0.471 0.476 0.526
0.558 0.558 0.485 0.499 0.56 0.465 0.465 0.522
0.586 0.582 0.49 0.481 0.582 0.489 0.489 0.546
0.592 0.592 0.481 0.508 0.585 0.446 0.44 0.493
0.552 0.549 0.496 0.515 0.553 0.487 0.484 0.539
0.586 0.586 0.513 0.507 0.586 0.466 0.471 0.552
0.551 0.549 0.465 0.483 0.551 0.513 0.504 0.557
0.585 0.587 0.484 0.493 0.585 0.442 0.438 0.534
0.541 0.541 0.507 0.491 0.538 0.494 0.494 0.555
0.56 0.563 0.492 0.506 0.562 0.491 0.486 0.534
0.578 0.577 0.493 0.484 0.578 0.458 0.458 0.556
0.583 0.58 0.485 0.53 0.583 0.472 0.475 0.517
0.533 0.543 0.462 0.511 0.533 0.445 0.445 0.505
0.578 0.579 0.507 0.475 0.578 0.468 0.483 0.526
0.562 0.556 0.519 0.463 0.555 0.493 0.496 0.59
0.587 0.584 0.511 0.494 0.587 0.454 0.445 0.532
0.585 0.587 0.5 0.462 0.586 0.539 0.539 0.579
0.564 0.564 0.521 0.496 0.564 0.479 0.481 0.539
0.584 0.583 0.505 0.493 0.59 0.471 0.471 0.518
0.564 0.568 0.464 0.48 0.564 0.471 0.471 0.545
0.551 0.546 0.494 0.513 0.549 0.466 0.46 0.521
0.585 0.584 0.505 0.48 0.585 0.478 0.477 0.549
0.549 0.551 0.505 0.494 0.549 0.44 0.44 0.532
0.542 0.545 0.492 0.499 0.541 0.469 0.472 0.508
0.552 0.556 0.497 0.515 0.552 0.45 0.449 0.494
0.565 0.56 0.502 0.462 0.563 0.458 0.457 0.527
0.57 0.568 0.517 0.518 0.576 0.47 0.47 0.525
0.588 0.589 0.47 0.484 0.588 0.463 0.456 0.498
0.577 0.577 0.481 0.507 0.577 0.471 0.461 0.501
0.584 0.584 0.495 0.493 0.585 0.438 0.442 0.49
0.575 0.574 0.49 0.505 0.578 0.461 0.461 0.547
0.558 0.557 0.523 0.497 0.558 0.496 0.498 0.539
0.582 0.583 0.524 0.503 0.579 0.476 0.474 0.56
0.545 0.547 0.482 0.471 0.545 0.477 0.478 0.542
0.578 0.579 0.501 0.477 0.579 0.468 0.467 0.522
0.55 0.549 0.508 0.484 0.546 0.478 0.474 0.494
0.563 0.563 0.496 0.484 0.563 0.508 0.508 0.56
0.546 0.549 0.487 0.484 0.545 0.502 0.502 0.566
0.567 0.566 0.506 0.516 0.566 0.475 0.475 0.545
0.574 0.576 0.485 0.495 0.574 0.538 0.538 0.57
0.573 0.568 0.49 0.501 0.573 0.458 0.458 0.543
0.564 0.564 0.514 0.515 0.563 0.478 0.473 0.514
0.528 0.519 0.499 0.499 0.525 0.481 0.482 0.539
0.568 0.572 0.504 0.49 0.568 0.476 0.476 0.539
0.592 0.597 0.485 0.502 0.586 0.47 0.479 0.514
0.574 0.574 0.497 0.497 0.574 0.461 0.459 0.494
0.588 0.574 0.544 0.515 0.576 0.489 0.494 0.568
0.59 0.591 0.5 0.472 0.59 0.469 0.469 0.545
0.574 0.566 0.476 0.512 0.568 0.475 0.477 0.549
0.569 0.568 0.479 0.479 0.571 0.489 0.489 0.558
0.556 0.556 0.45 0.464 0.556 0.498 0.496 0.538
0.545 0.541 0.479 0.482 0.544 0.474 0.472 0.513
0.594 0.595 0.492 0.501 0.594 0.47 0.471 0.48
0.548 0.56 0.513 0.494 0.55 0.476 0.466 0.527
0.572 0.573 0.503 0.493 0.574 0.485 0.485 0.566
0.565 0.564 0.49 0.499 0.565 0.482 0.482 0.567
0.545 0.545 0.5 0.478 0.545 0.491 0.491 0.537
0.568 0.575 0.505 0.489 0.574 0.492 0.492 0.565
0.573 0.573 0.527 0.503 0.578 0.455 0.455 0.576
0.536 0.539 0.489 0.504 0.543 0.478 0.462 0.517
0.582 0.583 0.502 0.495 0.587 0.518 0.519 0.57
0.57 0.567 0.509 0.485 0.571 0.491 0.49 0.554
0.577 0.572 0.499 0.471 0.58 0.482 0.482 0.539
0.553 0.556 0.5 0.511 0.558 0.467 0.467 0.559
0.58 0.576 0.479 0.483 0.578 0.499 0.503 0.566
0.539 0.537 0.494 0.508 0.539 0.474 0.476 0.513
0.597 0.598 0.512 0.497 0.597 0.503 0.512 0.549
0.556 0.561 0.509 0.5 0.562 0.47 0.47 0.579
0.591 0.587 0.519 0.506 0.586 0.514 0.514 0.571
0.559 0.563 0.47 0.476 0.559 0.459 0.459 0.52
0.573 0.571 0.512 0.494 0.572 0.445 0.455 0.537
0.59 0.6 0.503 0.496 0.59 0.501 0.501 0.594
0.54 0.539 0.501 0.479 0.54 0.474 0.474 0.531
0.579 0.579 0.494 0.53 0.572 0.475 0.474 0.527
0.597 0.594 0.474 0.489 0.597 0.489 0.484 0.545
0.593 0.597 0.516 0.497 0.593 0.472 0.47 0.542
0.578 0.576 0.487 0.479 0.573 0.476 0.476 0.54
0.583 0.586 0.482 0.467 0.583 0.459 0.459 0.528
0.561 0.56 0.488 0.509 0.561 0.468 0.468 0.545
0.553 0.555 0.493 0.489 0.552 0.48 0.48 0.536
0.6 0.593 0.489 0.493 0.595 0.501 0.501 0.591
0.56 0.555 0.464 0.5 0.554 0.511 0.512 0.567
0.579 0.579 0.509 0.495 0.583 0.46 0.46 0.554
0.549 0.54 0.516 0.528 0.558 0.457 0.455 0.505
0.585 0.586 0.508 0.518 0.593 0.449 0.452 0.504
0.589 0.59 0.526 0.502 0.595 0.452 0.452 0.554
0.531 0.532 0.502 0.489 0.537 0.474 0.477 0.54
0.586 0.586 0.494 0.504 0.586 0.471 0.469 0.539
0.567 0.569 0.516 0.508 0.569 0.482 0.482 0.545
0.576 0.578 0.514 0.483 0.579 0.491 0.484 0.529
0.571 0.568 0.499 0.525 0.569 0.451 0.451 0.507
0.593 0.589 0.496 0.513 0.588 0.5 0.5 0.577
0.585 0.587 0.508 0.513 0.588 0.476 0.475 0.576
0.576 0.579 0.479 0.493 0.576 0.493 0.493 0.567
0.554 0.568 0.474 0.481 0.565 0.466 0.471 0.527
0.564 0.559 0.49 0.49 0.564 0.469 0.471 0.547
0.565 0.562 0.481 0.513 0.561 0.456 0.454 0.526
0.576 0.572 0.482 0.497 0.574 0.468 0.469 0.543
0.579 0.58 0.486 0.508 0.579 0.491 0.491 0.544
0.543 0.541 0.509 0.513 0.543 0.505 0.505 0.535
0.558 0.558 0.502 0.494 0.562 0.472 0.473 0.519
0.588 0.589 0.504 0.51 0.586 0.497 0.497 0.56
0.574 0.574 0.486 0.474 0.575 0.488 0.479 0.565
0.585 0.585 0.531 0.53 0.581 0.467 0.462 0.492
0.574 0.574 0.486 0.505 0.574 0.493 0.491 0.541
0.566 0.574 0.493 0.51 0.569 0.48 0.475 0.52
0.552 0.55 0.514 0.487 0.552 0.499 0.499 0.557
0.557 0.568 0.496 0.484 0.568 0.463 0.464 0.497
0.571 0.574 0.497 0.494 0.571 0.471 0.477 0.505
0.567 0.562 0.514 0.522 0.567 0.446 0.454 0.513
0.559 0.553 0.499 0.483 0.554 0.494 0.49 0.559
0.533 0.535 0.484 0.501 0.53 0.477 0.477 0.531
0.544 0.544 0.481 0.486 0.544 0.466 0.474 0.549
0.575 0.571 0.513 0.5 0.58 0.478 0.48 0.572
0.6 0.6 0.497 0.453 0.604 0.501 0.501 0.587
0.562 0.56 0.505 0.493 0.561 0.478 0.475 0.533
0.583 0.584 0.498 0.507 0.583 0.465 0.465 0.584
0.554 0.561 0.474 0.505 0.562 0.472 0.471 0.522
0.568 0.568 0.508 0.487 0.568 0.485 0.485 0.527
0.56 0.556 0.498 0.496 0.56 0.46 0.466 0.506
0.555 0.555 0.479 0.513 0.555 0.501 0.501 0.556
0.557 0.557 0.516 0.486 0.557 0.491 0.491 0.546
0.58 0.575 0.506 0.487 0.571 0.473 0.471 0.532
0.543 0.543 0.478 0.504 0.542 0.493 0.495 0.541
0.59 0.585 0.483 0.471 0.587 0.503 0.503 0.583
0.598 0.592 0.495 0.521 0.594 0.441 0.445 0.533
0.558 0.559 0.504 0.477 0.558 0.529 0.528 0.562
0.579 0.577 0.506 0.478 0.576 0.503 0.503 0.568
0.582 0.577 0.456 0.491 0.58 0.489 0.489 0.565
0.578 0.579 0.482 0.505 0.575 0.462 0.465 0.539
0.567 0.564 0.504 0.502 0.567 0.482 0.476 0.552
0.565 0.562 0.471 0.473 0.562 0.497 0.497 0.551
0.565 0.567 0.503 0.501 0.565 0.479 0.474 0.553
0.551 0.548 0.492 0.496 0.551 0.499 0.495 0.54
0.558 0.559 0.508 0.522 0.558 0.491 0.486 0.522
0.602 0.601 0.474 0.523 0.602 0.494 0.5 0.557
0.54 0.547 0.529 0.493 0.547 0.495 0.491 0.519
0.572 0.577 0.495 0.524 0.573 0.468 0.468 0.547
0.595 0.593 0.506 0.531 0.595 0.472 0.467 0.546
0.557 0.545 0.466 0.533 0.557 0.472 0.474 0.534
0.57 0.571 0.507 0.506 0.57 0.471 0.47 0.552
0.555 0.558 0.489 0.455 0.555 0.46 0.463 0.521
0.573 0.571 0.482 0.502 0.571 0.471 0.473 0.535
0.575 0.574 0.504 0.49 0.579 0.496 0.496 0.574
0.593 0.595 0.479 0.512 0.593 0.485 0.479 0.533
0.587 0.588 0.481 0.496 0.587 0.526 0.526 0.591
0.593 0.592 0.5 0.507 0.593 0.487 0.485 0.534
0.618 0.619 0.504 0.508 0.618 0.512 0.521 0.579
0.538 0.545 0.494 0.503 0.545 0.5 0.5 0.538
0.57 0.576 0.49 0.49 0.577 0.483 0.476 0.55
0.552 0.546 0.499 0.483 0.552 0.456 0.453 0.54
0.567 0.564 0.463 0.49 0.568 0.494 0.488 0.556
0.6 0.6 0.51 0.513 0.6 0.455 0.455 0.531
0.572 0.567 0.494 0.487 0.567 0.483 0.474 0.565
0.54 0.54 0.493 0.517 0.54 0.486 0.485 0.509
0.554 0.551 0.526 0.48 0.552 0.465 0.465 0.539
0.542 0.541 0.497 0.455 0.542 0.466 0.47 0.538
0.58 0.58 0.494 0.519 0.58 0.424 0.423 0.503
0.563 0.547 0.486 0.501 0.552 0.467 0.472 0.516
0.588 0.589 0.505 0.477 0.588 0.487 0.483 0.543
0.54 0.54 0.48 0.494 0.543 0.499 0.502 0.519
0.575 0.578 0.486 0.483 0.579 0.476 0.474 0.563
0.596 0.596 0.495 0.486 0.596 0.523 0.518 0.577
0.562 0.561 0.501 0.489 0.553 0.472 0.468 0.514
0.578 0.578 0.505 0.472 0.578 0.47 0.469 0.538
0.575 0.573 0.483 0.509 0.578 0.509 0.507 0.543
0.571 0.574 0.519 0.483 0.574 0.442 0.438 0.5
0.562 0.564 0.498 0.511 0.562 0.502 0.502 0.542
0.58 0.581 0.478 0.506 0.58 0.473 0.471 0.556
0.559 0.561 0.493 0.501 0.559 0.469 0.471 0.538
0.581 0.582 0.51 0.491 0.581 0.452 0.46 0.544
0.556 0.556 0.505 0.489 0.556 0.486 0.483 0.509
0.578 0.581 0.471 0.536 0.577 0.487 0.486 0.553
0.563 0.564 0.496 0.5 0.563 0.472 0.472 0.557
0.563 0.562 0.488 0.494 0.563 0.483 0.474 0.535
0.572 0.572 0.466 0.492 0.57 0.483 0.477 0.532
0.571 0.57 0.513 0.459 0.571 0.493 0.496 0.552
0.56 0.56 0.501 0.488 0.56 0.461 0.461 0.548
0.575 0.572 0.516 0.481 0.569 0.466 0.459 0.549
0.567 0.565 0.497 0.505 0.567 0.462 0.461 0.541
0.573 0.573 0.52 0.472 0.573 0.452 0.452 0.527
0.554 0.556 0.51 0.49 0.563 0.507 0.507 0.559
0.562 0.562 0.492 0.484 0.562 0.496 0.494 0.542
0.552 0.551 0.499 0.499 0.552 0.475 0.475 0.532
0.532 0.531 0.497 0.521 0.532 0.463 0.465 0.513
0.593 0.597 0.499 0.492 0.592 0.453 0.446 0.518
0.575 0.563 0.48 0.474 0.577 0.478 0.478 0.556
0.565 0.561 0.485 0.505 0.563 0.466 0.467 0.529
0.568 0.569 0.526 0.5 0.568 0.486 0.486 0.481
0.561 0.562 0.516 0.498 0.568 0.504 0.504 0.563
0.559 0.559 0.487 0.529 0.559 0.47 0.467 0.542
0.59 0.587 0.508 0.486 0.589 0.464 0.458 0.533
0.546 0.558 0.504 0.495 0.559 0.485 0.488 0.489
0.575 0.573 0.463 0.463 0.572 0.49 0.49 0.558
0.584 0.583 0.526 0.491 0.584 0.468 0.47 0.523
0.551 0.551 0.518 0.49 0.551 0.457 0.45 0.561
0.572 0.574 0.497 0.504 0.574 0.468 0.468 0.528
0.587 0.588 0.481 0.491 0.587 0.477 0.484 0.548
0.567 0.573 0.526 0.482 0.57 0.442 0.442 0.502
0.593 0.596 0.497 0.486 0.593 0.443 0.448 0.501
0.571 0.569 0.528 0.503 0.571 0.491 0.488 0.542
0.587 0.586 0.479 0.513 0.587 0.468 0.46 0.485
0.576 0.579 0.479 0.493 0.577 0.486 0.482 0.529
0.582 0.583 0.483 0.502 0.585 0.502 0.504 0.568
0.542 0.542 0.462 0.488 0.542 0.475 0.473 0.513
0.584 0.596 0.49 0.501 0.593 0.453 0.454 0.565
0.585 0.59 0.456 0.521 0.588 0.508 0.507 0.57
0.56 0.563 0.492 0.494 0.56 0.485 0.488 0.53
0.571 0.573 0.474 0.5 0.555 0.478 0.477 0.554
0.57 0.57 0.503 0.525 0.57 0.46 0.46 0.518
0.598 0.597 0.508 0.469 0.594 0.478 0.48 0.553
0.597 0.598 0.528 0.511 0.597 0.494 0.493 0.59
0.575 0.592 0.481 0.521 0.587 0.437 0.435 0.485
0.548 0.547 0.483 0.491 0.546 0.483 0.483 0.542
0.568 0.565 0.504 0.478 0.568 0.501 0.499 0.541
0.606 0.602 0.483 0.497 0.605 0.494 0.494 0.552
0.583 0.584 0.502 0.528 0.582 0.468 0.472 0.571
0.553 0.556 0.497 0.482 0.541 0.469 0.469 0.514
0.54 0.533 0.476 0.486 0.535 0.485 0.49 0.531
0.582 0.584 0.501 0.482 0.586 0.536 0.536 0.587
0.537 0.535 0.483 0.516 0.548 0.494 0.492 0.564
0.57 0.577 0.514 0.472 0.575 0.474 0.468 0.516
0.574 0.576 0.485 0.499 0.574 0.482 0.492 0.549
0.543 0.544 0.492 0.48 0.543 0.484 0.489 0.531
0.573 0.574 0.514 0.523 0.573 0.462 0.462 0.548
0.55 0.55 0.472 0.489 0.549 0.501 0.499 0.538
0.566 0.566 0.477 0.493 0.566 0.466 0.466 0.537
0.554 0.552 0.499 0.47 0.553 0.471 0.478 0.539
0.593 0.598 0.483 0.493 0.593 0.453 0.452 0.514
0.559 0.559 0.506 0.504 0.559 0.505 0.505 0.519
0.571 0.572 0.508 0.491 0.57 0.478 0.472 0.52
0.612 0.6 0.498 0.502 0.6 0.465 0.467 0.516
0.58 0.582 0.515 0.472 0.582 0.487 0.486 0.556
0.558 0.55 0.485 0.508 0.55 0.489 0.489 0.533
0.54 0.54 0.514 0.499 0.54 0.463 0.461 0.529
0.578 0.574 0.523 0.522 0.576 0.517 0.516 0.571
0.551 0.551 0.489 0.494 0.551 0.511 0.512 0.552
0.571 0.571 0.516 0.488 0.571 0.506 0.487 0.511
0.552 0.557 0.508 0.48 0.555 0.489 0.486 0.536
0.563 0.565 0.484 0.489 0.56 0.449 0.441 0.493
0.555 0.558 0.504 0.512 0.555 0.485 0.485 0.545
0.57 0.568 0.518 0.49 0.572 0.495 0.495 0.563
0.587 0.585 0.525 0.491 0.586 0.475 0.475 0.559
0.608 0.608 0.478 0.472 0.608 0.531 0.531 0.608
0.575 0.573 0.525 0.482 0.575 0.456 0.44 0.526
0.55 0.55 0.513 0.49 0.56 0.487 0.488 0.529
0.552 0.549 0.463 0.477 0.552 0.455 0.452 0.543
0.599 0.601 0.507 0.489 0.599 0.485 0.485 0.577
0.582 0.582 0.509 0.493 0.582 0.438 0.439 0.48
0.59 0.605 0.465 0.484 0.603 0.459 0.47 0.505
0.56 0.56 0.498 0.506 0.56 0.465 0.464 0.517
0.554 0.55 0.479 0.501 0.554 0.467 0.47 0.541
0.574 0.571 0.533 0.492 0.574 0.453 0.446 0.492
0.563 0.562 0.498 0.482 0.565 0.478 0.463 0.503
0.556 0.556 0.489 0.506 0.555 0.499 0.491 0.538
0.557 0.556 0.473 0.503 0.557 0.492 0.492 0.543
0.598 0.598 0.489 0.489 0.597 0.454 0.442 0.544
0.577 0.577 0.514 0.494 0.577 0.477 0.473 0.553
0.598 0.597 0.477 0.501 0.598 0.461 0.469 0.546
0.566 0.569 0.5 0.502 0.566 0.496 0.496 0.555
0.57 0.569 0.486 0.499 0.57 0.477 0.469 0.503
0.579 0.574 0.476 0.52 0.582 0.468 0.468 0.536
0.535 0.538 0.506 0.472 0.535 0.488 0.487 0.54
0.539 0.535 0.486 0.498 0.539 0.465 0.469 0.506
0.563 0.556 0.489 0.481 0.563 0.454 0.454 0.52
0.556 0.549 0.493 0.509 0.549 0.478 0.477 0.522
0.601 0.601 0.48 0.484 0.601 0.481 0.481 0.594
0.579 0.572 0.493 0.475 0.572 0.498 0.498 0.571
0.545 0.54 0.498 0.49 0.548 0.468 0.465 0.51
0.573 0.568 0.507 0.486 0.573 0.51 0.507 0.546
0.559 0.557 0.483 0.513 0.558 0.49 0.49 0.554
0.557 0.558 0.499 0.502 0.558 0.479 0.484 0.515
0.564 0.556 0.503 0.487 0.569 0.475 0.479 0.512
0.579 0.574 0.501 0.489 0.575 0.464 0.458 0.535
0.578 0.579 0.471 0.488 0.577 0.484 0.484 0.561
0.584 0.582 0.497 0.485 0.578 0.464 0.465 0.511
0.579 0.58 0.479 0.516 0.579 0.462 0.452 0.52
0.589 0.589 0.485 0.469 0.589 0.512 0.512 0.574
0.582 0.58 0.506 0.511 0.58 0.507 0.496 0.537
0.572 0.566 0.508 0.486 0.567 0.49 0.49 0.562
0.583 0.579 0.504 0.495 0.58 0.476 0.477 0.525
0.592 0.593 0.487 0.487 0.592 0.481 0.481 0.576
0.57 0.569 0.512 0.514 0.57 0.49 0.48 0.522
0.553 0.553 0.494 0.459 0.551 0.456 0.46 0.513
0.562 0.563 0.459 0.477 0.562 0.479 0.476 0.525
0.583 0.579 0.481 0.504 0.585 0.463 0.461 0.51
0.573 0.575 0.49 0.499 0.57 0.514 0.515 0.533
0.555 0.555 0.486 0.494 0.555 0.472 0.482 0.528
0.581 0.573 0.472 0.508 0.574 0.493 0.49 0.567
0.56 0.562 0.504 0.499 0.56 0.458 0.454 0.534
0.573 0.575 0.478 0.503 0.578 0.46 0.461 0.513
0.589 0.589 0.504 0.503 0.589 0.492 0.481 0.548
0.575 0.578 0.478 0.508 0.575 0.493 0.484 0.559
0.573 0.573 0.487 0.499 0.573 0.466 0.466 0.539
0.566 0.568 0.482 0.477 0.571 0.464 0.456 0.488
0.58 0.58 0.47 0.514 0.58 0.454 0.454 0.51
0.565 0.564 0.504 0.478 0.565 0.466 0.466 0.52
0.576 0.576 0.489 0.493 0.562 0.459 0.461 0.503
0.582 0.581 0.507 0.493 0.582 0.506 0.503 0.56
0.579 0.561 0.508 0.506 0.577 0.51 0.517 0.561
0.549 0.549 0.481 0.504 0.549 0.472 0.472 0.518
0.562 0.549 0.504 0.476 0.555 0.484 0.487 0.544
0.587 0.587 0.498 0.487 0.587 0.491 0.495 0.565
0.589 0.592 0.512 0.487 0.589 0.5 0.5 0.574
0.62 0.634 0.499 0.488 0.629 0.444 0.44 0.532
0.568 0.569 0.499 0.493 0.564 0.457 0.453 0.499
0.567 0.566 0.494 0.533 0.567 0.456 0.449 0.512
0.56 0.562 0.49 0.518 0.56 0.497 0.497 0.567
0.583 0.581 0.503 0.505 0.584 0.46 0.456 0.497
0.565 0.558 0.49 0.499 0.562 0.49 0.48 0.527
0.566 0.548 0.483 0.49 0.55 0.499 0.499 0.556
0.58 0.574 0.485 0.498 0.577 0.466 0.465 0.514
0.577 0.58 0.496 0.501 0.579 0.484 0.484 0.583
0.578 0.581 0.469 0.455 0.579 0.52 0.519 0.581
0.577 0.576 0.504 0.5 0.577 0.497 0.494 0.546
0.555 0.557 0.523 0.486 0.556 0.5 0.501 0.586
0.587 0.582 0.507 0.508 0.584 0.516 0.509 0.559
0.586 0.585 0.529 0.514 0.586 0.459 0.464 0.531
0.552 0.552 0.488 0.512 0.544 0.49 0.49 0.537
0.593 0.59 0.527 0.494 0.591 0.433 0.432 0.503
0.614 0.616 0.474 0.514 0.613 0.483 0.483 0.526
0.576 0.579 0.52 0.494 0.573 0.452 0.453 0.535
0.56 0.564 0.472 0.486 0.56 0.446 0.447 0.537
0.558 0.557 0.497 0.502 0.558 0.477 0.48 0.546
0.585 0.58 0.494 0.495 0.579 0.51 0.51 0.565
0.573 0.575 0.525 0.49 0.574 0.481 0.482 0.53
0.584 0.585 0.487 0.5 0.586 0.475 0.47 0.553
0.566 0.568 0.505 0.48 0.566 0.475 0.478 0.571
0.587 0.578 0.495 0.495 0.58 0.47 0.477 0.517
0.557 0.556 0.513 0.515 0.557 0.512 0.507 0.558
0.583 0.579 0.459 0.464 0.573 0.471 0.468 0.535
0.607 0.609 0.503 0.51 0.607 0.473 0.473 0.552
0.571 0.571 0.5 0.499 0.578 0.446 0.444 0.531
0.588 0.601 0.522 0.507 0.599 0.462 0.463 0.523
0.607 0.604 0.506 0.482 0.598 0.479 0.474 0.557
0.565 0.567 0.51 0.504 0.564 0.483 0.478 0.561
0.586 0.586 0.498 0.499 0.583 0.422 0.424 0.47
0.559 0.563 0.507 0.492 0.559 0.49 0.492 0.562
0.573 0.577 0.504 0.494 0.577 0.467 0.464 0.517
0.574 0.575 0.476 0.486 0.574 0.467 0.451 0.531
0.561 0.554 0.488 0.499 0.56 0.468 0.463 0.524
0.571 0.567 0.507 0.504 0.574 0.487 0.486 0.522
0.579 0.579 0.511 0.484 0.579 0.473 0.462 0.514
0.563 0.563 0.493 0.478 0.569 0.485 0.479 0.563
0.556 0.564 0.517 0.502 0.556 0.467 0.469 0.464
0.592 0.587 0.497 0.483 0.592 0.498 0.498 0.575
0.561 0.561 0.505 0.492 0.561 0.45 0.454 0.524
0.57 0.568 0.525 0.527 0.57 0.467 0.466 0.527
0.576 0.572 0.471 0.498 0.579 0.434 0.431 0.512
0.549 0.549 0.503 0.53 0.549 0.506 0.507 0.546
0.575 0.575 0.512 0.527 0.58 0.503 0.501 0.531
0.563 0.57 0.479 0.494 0.57 0.512 0.511 0.557
0.567 0.567 0.479 0.523 0.567 0.496 0.496 0.566
0.587 0.579 0.493 0.521 0.58 0.457 0.457 0.56
0.575 0.575 0.487 0.522 0.575 0.489 0.489 0.571
0.565 0.566 0.514 0.486 0.565 0.497 0.497 0.557
0.57 0.569 0.504 0.519 0.572 0.465 0.46 0.535
0.558 0.561 0.5 0.499 0.559 0.471 0.471 0.547
0.563 0.572 0.469 0.483 0.573 0.466 0.466 0.564
0.57 0.572 0.513 0.503 0.581 0.475 0.475 0.591
0.577 0.583 0.473 0.498 0.584 0.47 0.465 0.562
0.577 0.573 0.468 0.488 0.577 0.482 0.482 0.521
0.576 0.577 0.474 0.511 0.576 0.478 0.479 0.545
0.577 0.568 0.498 0.503 0.569 0.472 0.472 0.527
0.564 0.565 0.486 0.495 0.564 0.491 0.491 0.546
0.577 0.588 0.505 0.507 0.577 0.488 0.486 0.541
0.57 0.569 0.518 0.462 0.57 0.465 0.467 0.523
0.569 0.569 0.507 0.481 0.567 0.458 0.456 0.508
0.56 0.561 0.517 0.468 0.562 0.437 0.43 0.456
0.574 0.569 0.521 0.501 0.574 0.482 0.478 0.53
0.555 0.555 0.505 0.517 0.555 0.486 0.486 0.574
0.587 0.586 0.503 0.501 0.589 0.432 0.432 0.54
0.585 0.586 0.509 0.508 0.585 0.47 0.471 0.544
0.581 0.579 0.511 0.505 0.581 0.432 0.444 0.519
0.581 0.582 0.486 0.493 0.582 0.518 0.517 0.577
0.552 0.55 0.478 0.496 0.552 0.483 0.483 0.552
0.592 0.596 0.471 0.461 0.595 0.508 0.509 0.592
0.553 0.556 0.498 0.516 0.558 0.47 0.46 0.487
0.579 0.576 0.506 0.498 0.576 0.451 0.449 0.542
0.572 0.573 0.501 0.523 0.586 0.451 0.452 0.534
0.556 0.548 0.491 0.533 0.55 0.484 0.483 0.517
0.596 0.595 0.494 0.514 0.592 0.476 0.476 0.597
0.565 0.569 0.475 0.487 0.569 0.451 0.451 0.519
0.564 0.564 0.501 0.524 0.565 0.459 0.456 0.566
0.596 0.6 0.505 0.465 0.598 0.452 0.451 0.537
0.553 0.559 0.515 0.494 0.554 0.484 0.484 0.559
0.56 0.56 0.484 0.483 0.561 0.429 0.434 0.51
0.564 0.572 0.515 0.505 0.567 0.519 0.519 0.589
0.567 0.569 0.492 0.488 0.567 0.494 0.494 0.554
0.564 0.563 0.474 0.478 0.564 0.538 0.535 0.556
0.565 0.566 0.515 0.498 0.565 0.505 0.505 0.567
0.55 0.55 0.498 0.483 0.55 0.489 0.489 0.533
0.597 0.601 0.498 0.496 0.597 0.435 0.435 0.517
0.569 0.572 0.483 0.506 0.568 0.486 0.483 0.54
0.578 0.579 0.514 0.47 0.582 0.471 0.466 0.537
0.592 0.586 0.499 0.486 0.586 0.505 0.505 0.56
0.6 0.597 0.486 0.52 0.598 0.457 0.46 0.527
0.569 0.565 0.502 0.47 0.572 0.474 0.474 0.546
0.569 0.569 0.509 0.483 0.569 0.508 0.507 0.552
0.567 0.567 0.514 0.497 0.569 0.456 0.451 0.53
0.577 0.578 0.487 0.473 0.575 0.471 0.472 0.553
0.538 0.538 0.493 0.471 0.538 0.506 0.505 0.529
0.605 0.598 0.516 0.499 0.605 0.469 0.469 0.49
0.567 0.566 0.488 0.494 0.565 0.491 0.482 0.55
0.554 0.554 0.501 0.485 0.554 0.482 0.481 0.537
0.562 0.564 0.484 0.481 0.563 0.482 0.482 0.558
0.543 0.532 0.468 0.518 0.543 0.489 0.491 0.547
0.569 0.563 0.517 0.486 0.569 0.516 0.516 0.579
0.604 0.602 0.52 0.481 0.604 0.474 0.474 0.488
0.57 0.566 0.472 0.507 0.574 0.451 0.456 0.5
0.573 0.573 0.476 0.536 0.576 0.488 0.488 0.558
0.574 0.572 0.471 0.519 0.581 0.444 0.443 0.515
0.562 0.563 0.492 0.502 0.564 0.467 0.464 0.538
0.581 0.577 0.476 0.479 0.589 0.443 0.443 0.528
0.573 0.572 0.482 0.482 0.573 0.464 0.455 0.507
0.522 0.519 0.506 0.483 0.519 0.469 0.469 0.507
0.547 0.547 0.504 0.481 0.547 0.509 0.498 0.526
0.569 0.569 0.48 0.5 0.569 0.482 0.492 0.539
0.587 0.583 0.472 0.48 0.584 0.459 0.459 0.517
0.527 0.526 0.485 0.503 0.527 0.487 0.497 0.55
0.577 0.578 0.512 0.507 0.577 0.48 0.48 0.568
0.544 0.545 0.494 0.484 0.544 0.438 0.445 0.529
0.576 0.588 0.537 0.49 0.584 0.462 0.465 0.559
0.566 0.57 0.472 0.481 0.562 0.5 0.51 0.557
0.585 0.577 0.502 0.519 0.576 0.44 0.437 0.528
0.562 0.56 0.498 0.494 0.562 0.468 0.468 0.531
0.561 0.562 0.508 0.495 0.562 0.484 0.484 0.547
0.576 0.576 0.483 0.469 0.576 0.457 0.457 0.529
0.543 0.542 0.512 0.496 0.543 0.48 0.48 0.511
0.568 0.568 0.521 0.496 0.568 0.494 0.486 0.553
0.571 0.573 0.511 0.502 0.574 0.514 0.514 0.562
0.583 0.58 0.522 0.496 0.583 0.503 0.498 0.557
0.571 0.572 0.48 0.484 0.571 0.459 0.458 0.471
0.603 0.602 0.506 0.466 0.603 0.49 0.491 0.583
0.573 0.573 0.492 0.536 0.571 0.47 0.48 0.543
0.57 0.578 0.499 0.49 0.576 0.474 0.473 0.537
0.575 0.575 0.483 0.511 0.575 0.518 0.518 0.572
0.591 0.59 0.479 0.484 0.591 0.439 0.442 0.515
0.612 0.613 0.486 0.49 0.613 0.477 0.476 0.595
0.599 0.594 0.519 0.47 0.598 0.51 0.507 0.548
0.586 0.584 0.487 0.497 0.584 0.418 0.416 0.502
0.596 0.59 0.524 0.497 0.59 0.497 0.501 0.582
0.58 0.581 0.495 0.49 0.58 0.481 0.48 0.56
0.564 0.557 0.52 0.52 0.56 0.471 0.472 0.567
0.589 0.589 0.476 0.508 0.589 0.493 0.493 0.543
0.568 0.575 0.484 0.478 0.568 0.467 0.461 0.529
0.565 0.569 0.489 0.505 0.569 0.527 0.527 0.572
0.574 0.573 0.503 0.469 0.576 0.489 0.488 0.535
0.57 0.568 0.5 0.51 0.568 0.522 0.513 0.577
0.544 0.544 0.478 0.493 0.54 0.493 0.493 0.551
0.583 0.583 0.544 0.5 0.583 0.498 0.496 0.549
0.593 0.567 0.482 0.505 0.569 0.509 0.507 0.561
0.558 0.558 0.519 0.464 0.558 0.494 0.489 0.535
0.582 0.575 0.515 0.473 0.582 0.451 0.451 0.504
0.57 0.566 0.5 0.498 0.568 0.464 0.459 0.528
0.558 0.56 0.49 0.506 0.563 0.474 0.475 0.502
0.542 0.551 0.486 0.507 0.547 0.475 0.469 0.501
0.559 0.557 0.488 0.503 0.559 0.503 0.497 0.562
0.559 0.56 0.498 0.515 0.561 0.48 0.48 0.558
0.571 0.572 0.518 0.497 0.571 0.512 0.512 0.558
0.569 0.564 0.48 0.496 0.565 0.494 0.494 0.575
0.573 0.572 0.48 0.508 0.573 0.498 0.488 0.549
0.557 0.543 0.492 0.487 0.557 0.442 0.452 0.525
0.568 0.566 0.506 0.512 0.566 0.486 0.486 0.572
0.56 0.56 0.473 0.506 0.56 0.45 0.452 0.507
0.57 0.57 0.468 0.508 0.57 0.467 0.479 0.525
0.578 0.577 0.509 0.478 0.576 0.47 0.469 0.539
0.552 0.546 0.513 0.497 0.546 0.46 0.46 0.508
0.557 0.555 0.521 0.501 0.556 0.494 0.494 0.562
0.581 0.584 0.492 0.483 0.577 0.487 0.487 0.531
0.572 0.569 0.484 0.504 0.573 0.455 0.447 0.489
0.568 0.569 0.495 0.495 0.568 0.479 0.477 0.486
0.561 0.565 0.479 0.484 0.563 0.493 0.496 0.522
0.554 0.553 0.499 0.519 0.554 0.508 0.506 0.523
0.581 0.578 0.514 0.511 0.592 0.491 0.492 0.558
0.583 0.584 0.506 0.51 0.583 0.47 0.467 0.568
0.55 0.55 0.482 0.472 0.55 0.472 0.473 0.539
0.567 0.577 0.495 0.487 0.573 0.446 0.445 0.544
0.557 0.56 0.506 0.515 0.556 0.483 0.493 0.541
0.568 0.57 0.506 0.489 0.568 0.47 0.473 0.524
0.563 0.566 0.491 0.497 0.563 0.459 0.467 0.537
0.577 0.575 0.504 0.496 0.575 0.465 0.464 0.527
0.545 0.548 0.498 0.51 0.547 0.458 0.457 0.519
0.562 0.56 0.47 0.482 0.562 0.446 0.454 0.545
0.604 0.605 0.515 0.485 0.607 0.468 0.469 0.542
0.572 0.569 0.503 0.513 0.572 0.53 0.53 0.567
0.561 0.562 0.484 0.465 0.561 0.507 0.507 0.55
0.583 0.58 0.488 0.521 0.581 0.487 0.492 0.537
0.57 0.574 0.495 0.494 0.57 0.481 0.479 0.566
0.559 0.556 0.468 0.504 0.559 0.497 0.497 0.562
0.579 0.57 0.478 0.509 0.568 0.45 0.453 0.513
0.582 0.58 0.482 0.48 0.577 0.491 0.488 0.522
0.595 0.597 0.486 0.487 0.599 0.487 0.486 0.552
0.582 0.585 0.519 0.491 0.585 0.48 0.491 0.531
0.577 0.571 0.505 0.473 0.577 0.465 0.469 0.501
0.559 0.561 0.484 0.487 0.566 0.48 0.48 0.548
0.555 0.566 0.479 0.508 0.568 0.483 0.485 0.523
0.595 0.594 0.473 0.472 0.595 0.437 0.438 0.529
0.572 0.573 0.476 0.477 0.573 0.475 0.471 0.554
0.576 0.569 0.475 0.518 0.576 0.497 0.488 0.561
0.586 0.587 0.532 0.498 0.586 0.457 0.457 0.516
0.553 0.551 0.515 0.492 0.553 0.479 0.482 0.546
0.561 0.565 0.485 0.506 0.561 0.466 0.461 0.504
0.576 0.581 0.507 0.468 0.58 0.498 0.505 0.553
0.575 0.575 0.502 0.469 0.57 0.504 0.504 0.539
0.584 0.583 0.504 0.501 0.578 0.486 0.494 0.546
0.571 0.566 0.487 0.458 0.566 0.501 0.502 0.565
0.578 0.579 0.509 0.489 0.577 0.471 0.468 0.564
0.577 0.577 0.498 0.501 0.574 0.51 0.5 0.554
0.574 0.569 0.481 0.511 0.573 0.492 0.502 0.556
0.578 0.571 0.501 0.497 0.568 0.44 0.429 0.467
0.564 0.562 0.47 0.466 0.563 0.455 0.453 0.529
0.575 0.574 0.505 0.497 0.575 0.481 0.479 0.534
0.566 0.565 0.513 0.489 0.564 0.511 0.515 0.537
0.59 0.591 0.519 0.489 0.59 0.476 0.465 0.513
0.578 0.577 0.491 0.524 0.581 0.501 0.503 0.53
0.551 0.553 0.49 0.483 0.556 0.494 0.495 0.539
0.602 0.61 0.484 0.508 0.61 0.523 0.523 0.599
0.57 0.567 0.476 0.48 0.571 0.499 0.501 0.544
0.606 0.608 0.494 0.528 0.608 0.545 0.543 0.593
0.594 0.592 0.479 0.499 0.593 0.488 0.487 0.554
0.573 0.562 0.494 0.498 0.566 0.47 0.463 0.536
0.563 0.565 0.479 0.481 0.563 0.496 0.482 0.536
0.569 0.567 0.478 0.502 0.568 0.497 0.494 0.529
0.565 0.562 0.475 0.509 0.565 0.488 0.489 0.579
0.594 0.586 0.463 0.477 0.587 0.486 0.487 0.546
0.563 0.568 0.524 0.487 0.569 0.476 0.474 0.499
0.55 0.551 0.507 0.488 0.55 0.481 0.485 0.528
0.553 0.551 0.487 0.499 0.553 0.455 0.455 0.535
0.574 0.581 0.471 0.501 0.579 0.437 0.438 0.473
0.571 0.572 0.522 0.489 0.571 0.507 0.507 0.575
0.574 0.576 0.488 0.503 0.574 0.486 0.486 0.576
0.585 0.581 0.49 0.481 0.588 0.518 0.52 0.56
0.554 0.54 0.492 0.492 0.539 0.427 0.427 0.514
0.559 0.568 0.519 0.483 0.568 0.484 0.484 0.571
0.592 0.585 0.479 0.517 0.59 0.496 0.495 0.534
0.564 0.566 0.487 0.509 0.564 0.476 0.484 0.546
0.617 0.615 0.517 0.478 0.628 0.488 0.489 0.562
0.574 0.573 0.488 0.45 0.573 0.46 0.46 0.56
0.563 0.569 0.508 0.502 0.558 0.455 0.449 0.515
0.566 0.566 0.506 0.484 0.568 0.483 0.47 0.52
0.596 0.595 0.493 0.497 0.592 0.504 0.501 0.56
0.552 0.551 0.501 0.519 0.552 0.469 0.469 0.544
0.576 0.577 0.495 0.493 0.577 0.473 0.472 0.514
0.581 0.567 0.521 0.507 0.571 0.447 0.447 0.525
0.588 0.588 0.514 0.521 0.588 0.485 0.476 0.547
0.575 0.577 0.495 0.483 0.579 0.453 0.455 0.466
0.581 0.578 0.501 0.501 0.577 0.468 0.468 0.538
0.587 0.581 0.49 0.501 0.588 0.499 0.499 0.567
0.56 0.568 0.509 0.468 0.568 0.494 0.496 0.492
0.565 0.565 0.475 0.498 0.56 0.455 0.46 0.515
0.594 0.588 0.502 0.482 0.588 0.496 0.485 0.535
0.578 0.579 0.507 0.51 0.578 0.441 0.44 0.531
0.568 0.564 0.496 0.481 0.568 0.486 0.486 0.557
0.539 0.55 0.475 0.499 0.54 0.438 0.442 0.481
0.586 0.588 0.485 0.49 0.586 0.446 0.441 0.546
0.591 0.593 0.486 0.493 0.591 0.48 0.48 0.559
0.591 0.591 0.505 0.513 0.591 0.504 0.503 0.553
0.6 0.601 0.533 0.517 0.6 0.447 0.449 0.483
0.525 0.527 0.5 0.495 0.524 0.479 0.479 0.516
0.563 0.564 0.513 0.482 0.554 0.495 0.499 0.546
0.597 0.597 0.492 0.498 0.597 0.466 0.455 0.511
0.583 0.582 0.518 0.528 0.583 0.476 0.464 0.546
0.584 0.579 0.515 0.505 0.581 0.45 0.442 0.493
0.583 0.582 0.487 0.505 0.582 0.472 0.471 0.527
0.59 0.592 0.469 0.477 0.588 0.481 0.478 0.514
0.581 0.58 0.468 0.517 0.581 0.492 0.489 0.548
0.606 0.606 0.479 0.471 0.606 0.484 0.494 0.565
0.548 0.55 0.486 0.494 0.548 0.5 0.5 0.544
0.559 0.564 0.475 0.517 0.564 0.481 0.479 0.493
0.59 0.584 0.512 0.528 0.582 0.496 0.496 0.581
0.567 0.569 0.47 0.482 0.567 0.514 0.511 0.556
0.558 0.56 0.507 0.501 0.558 0.456 0.459 0.519
0.575 0.571 0.493 0.492 0.572 0.474 0.477 0.579
0.577 0.578 0.502 0.52 0.577 0.479 0.472 0.535
0.567 0.566 0.53 0.51 0.567 0.444 0.445 0.489
0.578 0.579 0.494 0.488 0.578 0.451 0.455 0.511
0.567 0.561 0.468 0.49 0.566 0.475 0.472 0.513
0.561 0.56 0.506 0.492 0.561 0.453 0.446 0.511
0.57 0.569 0.495 0.489 0.57 0.467 0.467 0.548
0.558 0.559 0.51 0.502 0.558 0.472 0.468 0.534
0.585 0.588 0.49 0.51 0.587 0.488 0.491 0.546
0.56 0.556 0.494 0.518 0.561 0.454 0.451 0.488
0.595 0.595 0.491 0.517 0.597 0.495 0.494 0.535
0.574 0.574 0.49 0.494 0.574 0.469 0.463 0.529
0.578 0.591 0.492 0.482 0.583 0.482 0.482 0.565
0.58 0.567 0.5 0.497 0.566 0.519 0.519 0.541
0.565 0.558 0.491 0.501 0.561 0.453 0.452 0.472
0.596 0.594 0.506 0.485 0.597 0.463 0.461 0.565
0.591 0.592 0.486 0.498 0.592 0.456 0.457 0.554
0.583 0.586 0.513 0.507 0.59 0.484 0.476 0.562
0.573 0.572 0.475 0.493 0.573 0.46 0.461 0.563
0.55 0.548 0.503 0.473 0.544 0.489 0.489 0.544
0.579 0.582 0.496 0.485 0.579 0.474 0.473 0.506
0.579 0.584 0.505 0.486 0.581 0.514 0.514 0.59
0.548 0.548 0.503 0.496 0.548 0.489 0.492 0.539
0.543 0.542 0.49 0.49 0.543 0.472 0.472 0.536
0.564 0.568 0.493 0.509 0.567 0.446 0.446 0.538
0.584 0.585 0.487 0.496 0.58 0.484 0.489 0.547
0.576 0.573 0.458 0.508 0.571 0.495 0.495 0.546
0.579 0.577 0.508 0.52 0.579 0.502 0.509 0.56
0.551 0.552 0.509 0.499 0.551 0.472 0.472 0.558
0.586 0.583 0.515 0.514 0.586 0.468 0.468 0.577
0.568 0.569 0.518 0.481 0.569 0.494 0.489 0.545
0.587 0.584 0.524 0.496 0.587 0.525 0.525 0.593
0.578 0.581 0.481 0.526 0.58 0.512 0.505 0.559
0.569 0.576 0.478 0.479 0.571 0.502 0.501 0.52
0.565 0.565 0.497 0.514 0.565 0.486 0.488 0.55
0.573 0.575 0.501 0.494 0.573 0.484 0.483 0.569
0.602 0.6 0.509 0.501 0.602 0.442 0.446 0.503
0.585 0.584 0.477 0.501 0.584 0.483 0.472 0.559
0.604 0.603 0.52 0.511 0.6 0.483 0.483 0.573
0.572 0.574 0.465 0.494 0.568 0.464 0.466 0.52
0.575 0.574 0.505 0.519 0.575 0.469 0.468 0.555
0.593 0.599 0.523 0.497 0.598 0.486 0.486 0.549
0.557 0.553 0.515 0.492 0.552 0.492 0.501 0.55
0.565 0.558 0.501 0.474 0.565 0.469 0.471 0.556
0.58 0.577 0.496 0.5 0.578 0.477 0.477 0.569
0.564 0.564 0.528 0.51 0.564 0.506 0.506 0.559
0.593 0.594 0.493 0.52 0.593 0.497 0.497 0.57
0.591 0.594 0.476 0.497 0.594 0.471 0.464 0.509
0.539 0.541 0.517 0.493 0.545 0.487 0.495 0.518
0.544 0.547 0.497 0.511 0.544 0.466 0.457 0.491
0.553 0.558 0.475 0.488 0.553 0.456 0.45 0.501
0.579 0.574 0.489 0.503 0.569 0.469 0.469 0.507
0.559 0.556 0.469 0.496 0.559 0.469 0.462 0.557
0.588 0.587 0.5 0.51 0.575 0.484 0.488 0.589
0.574 0.574 0.51 0.489 0.574 0.481 0.481 0.525
0.603 0.598 0.497 0.486 0.596 0.48 0.477 0.564
0.563 0.564 0.522 0.468 0.563 0.468 0.472 0.541
0.57 0.57 0.491 0.475 0.57 0.506 0.504 0.553
0.588 0.586 0.507 0.515 0.59 0.464 0.457 0.533
0.537 0.547 0.488 0.518 0.546 0.533 0.519 0.535
0.576 0.578 0.507 0.516 0.576 0.475 0.475 0.54
0.534 0.533 0.502 0.523 0.534 0.478 0.478 0.49
0.559 0.558 0.509 0.482 0.559 0.464 0.468 0.554
0.557 0.552 0.512 0.493 0.552 0.485 0.493 0.537
0.587 0.589 0.485 0.492 0.582 0.475 0.474 0.507
0.577 0.563 0.49 0.496 0.563 0.48 0.48 0.527
0.602 0.594 0.48 0.504 0.601 0.469 0.472 0.561
0.593 0.594 0.509 0.516 0.593 0.442 0.445 0.527
0.576 0.562 0.508 0.507 0.559 0.475 0.475 0.532
0.562 0.561 0.527 0.478 0.562 0.476 0.468 0.514
0.587 0.585 0.511 0.497 0.582 0.489 0.489 0.534
0.564 0.562 0.483 0.491 0.559 0.474 0.476 0.542
0.592 0.59 0.477 0.49 0.592 0.476 0.476 0.55
0.589 0.575 0.482 0.503 0.577 0.467 0.46 0.546
0.581 0.574 0.495 0.5 0.577 0.481 0.482 0.543
0.588 0.589 0.507 0.502 0.592 0.475 0.481 0.528
0.596 0.587 0.517 0.509 0.585 0.452 0.45 0.514
0.579 0.573 0.507 0.477 0.579 0.463 0.463 0.536
0.591 0.585 0.462 0.477 0.592 0.467 0.468 0.537
0.625 0.627 0.488 0.495 0.625 0.493 0.492 0.565
0.584 0.582 0.545 0.514 0.584 0.454 0.455 0.541
0.579 0.574 0.485 0.496 0.575 0.491 0.488 0.548
0.581 0.58 0.492 0.506 0.581 0.493 0.497 0.531
0.593 0.593 0.518 0.52 0.592 0.46 0.458 0.524
0.544 0.545 0.511 0.507 0.544 0.487 0.478 0.51
0.58 0.574 0.506 0.457 0.577 0.488 0.483 0.561
0.559 0.573 0.472 0.469 0.561 0.472 0.469 0.55
0.561 0.572 0.498 0.488 0.564 0.448 0.456 0.543
0.574 0.568 0.486 0.481 0.572 0.462 0.462 0.554
0.583 0.584 0.502 0.511 0.583 0.477 0.472 0.527
0.583 0.585 0.464 0.509 0.586 0.451 0.449 0.532
0.566 0.562 0.488 0.499 0.56 0.47 0.47 0.534
0.577 0.573 0.493 0.511 0.573 0.44 0.44 0.52
0.558 0.555 0.493 0.461 0.558 0.484 0.48 0.533
0.572 0.567 0.488 0.485 0.572 0.468 0.455 0.526
0.579 0.573 0.483 0.488 0.573 0.454 0.45 0.537
0.565 0.573 0.489 0.512 0.565 0.486 0.487 0.552
0.568 0.561 0.5 0.481 0.57 0.45 0.452 0.514
0.59 0.599 0.499 0.513 0.598 0.488 0.493 0.536
0.562 0.559 0.465 0.476 0.56 0.431 0.432 0.511
0.549 0.549 0.508 0.494 0.549 0.485 0.484 0.538
0.59 0.593 0.481 0.511 0.593 0.523 0.523 0.582
0.567 0.566 0.499 0.477 0.573 0.477 0.477 0.569
0.593 0.594 0.5 0.507 0.593 0.516 0.52 0.586
0.559 0.561 0.524 0.525 0.559 0.494 0.496 0.543
0.58 0.575 0.513 0.494 0.578 0.475 0.47 0.576
0.58 0.579 0.471 0.486 0.58 0.454 0.454 0.575
0.55 0.558 0.515 0.482 0.549 0.428 0.432 0.476
0.575 0.57 0.491 0.486 0.575 0.455 0.452 0.576
0.543 0.549 0.513 0.491 0.549 0.477 0.479 0.521
0.587 0.586 0.498 0.468 0.587 0.472 0.468 0.554
0.591 0.589 0.527 0.498 0.589 0.445 0.445 0.531
0.577 0.583 0.501 0.482 0.574 0.428 0.433 0.52
0.542 0.542 0.51 0.451 0.542 0.485 0.485 0.538
0.581 0.583 0.493 0.477 0.58 0.438 0.451 0.487
0.554 0.555 0.516 0.498 0.555 0.466 0.466 0.532
0.582 0.58 0.508 0.485 0.579 0.473 0.472 0.55
0.582 0.582 0.483 0.487 0.582 0.504 0.5 0.58
0.564 0.565 0.506 0.509 0.56 0.469 0.469 0.568
0.596 0.595 0.491 0.501 0.608 0.442 0.448 0.548
0.608 0.609 0.511 0.503 0.596 0.447 0.446 0.57
0.574 0.573 0.459 0.486 0.574 0.432 0.433 0.473
0.567 0.569 0.502 0.494 0.567 0.48 0.477 0.538
0.563 0.562 0.498 0.504 0.563 0.483 0.484 0.535
0.58 0.585 0.49 0.47 0.58 0.488 0.487 0.536
0.56 0.565 0.497 0.482 0.564 0.446 0.446 0.49
0.572 0.57 0.469 0.484 0.574 0.461 0.457 0.569
0.595 0.594 0.531 0.513 0.596 0.517 0.517 0.586
0.593 0.579 0.511 0.515 0.584 0.46 0.453 0.501
0.578 0.578 0.496 0.471 0.578 0.457 0.455 0.495
0.562 0.561 0.507 0.494 0.564 0.5 0.501 0.512
0.577 0.583 0.484 0.482 0.582 0.504 0.504 0.56
0.555 0.557 0.504 0.49 0.555 0.472 0.469 0.557
0.58 0.575 0.503 0.507 0.581 0.45 0.46 0.494
0.54 0.542 0.49 0.493 0.541 0.457 0.466 0.513
0.562 0.56 0.501 0.485 0.561 0.455 0.454 0.517
0.598 0.594 0.495 0.483 0.599 0.45 0.451 0.503
0.561 0.558 0.469 0.481 0.561 0.47 0.47 0.538
0.553 0.554 0.501 0.49 0.553 0.471 0.466 0.544
0.545 0.55 0.499 0.472 0.557 0.456 0.455 0.496
0.557 0.56 0.498 0.484 0.561 0.508 0.508 0.556
0.571 0.578 0.497 0.479 0.567 0.504 0.502 0.524
0.571 0.57 0.52 0.515 0.569 0.488 0.49 0.531
0.597 0.595 0.482 0.516 0.597 0.504 0.502 0.6
0.552 0.558 0.502 0.479 0.559 0.462 0.462 0.536
0.568 0.552 0.508 0.519 0.555 0.47 0.462 0.517
0.574 0.567 0.496 0.468 0.57 0.494 0.497 0.559
0.584 0.584 0.498 0.522 0.588 0.49 0.492 0.542
0.578 0.578 0.482 0.501 0.585 0.494 0.49 0.552
0.574 0.573 0.503 0.522 0.572 0.456 0.459 0.526
0.559 0.56 0.517 0.518 0.559 0.488 0.488 0.547
0.592 0.599 0.52 0.518 0.598 0.476 0.476 0.541
0.569 0.566 0.458 0.518 0.569 0.488 0.488 0.557
0.605 0.604 0.492 0.492 0.602 0.465 0.465 0.529
0.582 0.585 0.498 0.528 0.584 0.518 0.518 0.591
0.534 0.541 0.478 0.517 0.541 0.475 0.475 0.545
0.572 0.569 0.52 0.523 0.572 0.493 0.493 0.547
0.554 0.558 0.51 0.484 0.554 0.481 0.484 0.512
0.583 0.581 0.487 0.478 0.583 0.448 0.447 0.536
0.56 0.564 0.483 0.497 0.56 0.502 0.494 0.547
0.577 0.574 0.513 0.498 0.572 0.495 0.492 0.541
0.547 0.546 0.49 0.484 0.547 0.478 0.479 0.557
0.578 0.579 0.49 0.501 0.578 0.509 0.509 0.56
0.56 0.567 0.503 0.497 0.57 0.461 0.464 0.525
0.589 0.591 0.505 0.483 0.587 0.476 0.478 0.582
0.585 0.595 0.485 0.48 0.587 0.488 0.488 0.554
0.582 0.581 0.498 0.511 0.58 0.473 0.472 0.547
0.593 0.593 0.496 0.493 0.594 0.467 0.465 0.541
0.577 0.576 0.481 0.493 0.576 0.471 0.471 0.538
0.551 0.557 0.471 0.507 0.555 0.477 0.477 0.523
0.565 0.564 0.496 0.51 0.565 0.469 0.467 0.556
0.557 0.553 0.452 0.511 0.556 0.449 0.445 0.523
0.546 0.539 0.476 0.487 0.538 0.472 0.473 0.523
0.547 0.546 0.495 0.495 0.546 0.455 0.455 0.501
0.581 0.587 0.484 0.461 0.568 0.455 0.455 0.551
0.565 0.567 0.484 0.492 0.571 0.464 0.46 0.518
0.56 0.557 0.508 0.464 0.556 0.481 0.482 0.535
0.594 0.593 0.473 0.498 0.593 0.48 0.479 0.548
0.588 0.584 0.479 0.492 0.588 0.49 0.489 0.518
0.562 0.563 0.504 0.474 0.563 0.475 0.465 0.496
0.558 0.561 0.478 0.488 0.559 0.453 0.457 0.542
0.566 0.565 0.487 0.474 0.563 0.513 0.513 0.54
0.55 0.547 0.513 0.522 0.547 0.482 0.482 0.533
0.592 0.58 0.492 0.5 0.576 0.436 0.443 0.488
0.552 0.554 0.469 0.468 0.554 0.473 0.47 0.524
0.553 0.554 0.468 0.484 0.554 0.47 0.472 0.517
0.58 0.582 0.484 0.487 0.58 0.494 0.495 0.5
0.584 0.583 0.501 0.502 0.584 0.48 0.479 0.556
0.563 0.564 0.497 0.471 0.563 0.455 0.45 0.501
0.562 0.558 0.476 0.48 0.562 0.476 0.473 0.515
0.604 0.597 0.516 0.521 0.599 0.472 0.482 0.538
0.566 0.569 0.504 0.463 0.566 0.449 0.448 0.486
0.604 0.603 0.497 0.474 0.611 0.45 0.451 0.517
0.583 0.583 0.501 0.519 0.584 0.473 0.48 0.554
0.577 0.577 0.519 0.498 0.577 0.462 0.46 0.529
0.565 0.568 0.481 0.485 0.565 0.519 0.519 0.547
0.599 0.599 0.498 0.516 0.597 0.476 0.476 0.549
0.571 0.571 0.499 0.481 0.571 0.433 0.433 0.544
0.562 0.564 0.491 0.482 0.562 0.472 0.47 0.508
0.542 0.536 0.491 0.487 0.532 0.46 0.46 0.527
0.571 0.572 0.474 0.461 0.569 0.45 0.451 0.494
0.552 0.558 0.503 0.482 0.554 0.488 0.488 0.555
0.572 0.571 0.502 0.527 0.574 0.494 0.494 0.598
0.564 0.563 0.511 0.513 0.564 0.496 0.501 0.55
0.594 0.591 0.505 0.522 0.595 0.495 0.496 0.542
0.583 0.588 0.481 0.495 0.587 0.447 0.447 0.558
0.543 0.54 0.482 0.511 0.542 0.489 0.489 0.544
0.565 0.56 0.522 0.486 0.565 0.463 0.463 0.561
0.588 0.582 0.517 0.487 0.582 0.457 0.457 0.579
0.565 0.564 0.478 0.52 0.565 0.489 0.491 0.528
0.555 0.567 0.531 0.513 0.555 0.52 0.52 0.567
0.561 0.565 0.492 0.505 0.565 0.469 0.468 0.493
0.557 0.557 0.517 0.478 0.557 0.485 0.48 0.535
0.576 0.575 0.5 0.518 0.576 0.504 0.509 0.579
0.565 0.563 0.509 0.497 0.565 0.465 0.466 0.513
0.557 0.549 0.508 0.489 0.55 0.497 0.497 0.539
0.602 0.602 0.53 0.517 0.604 0.499 0.5 0.584
0.57 0.571 0.461 0.449 0.57 0.516 0.509 0.566
0.571 0.558 0.478 0.481 0.558 0.482 0.479 0.533
0.566 0.565 0.507 0.509 0.572 0.475 0.475 0.534
0.583 0.583 0.487 0.472 0.583 0.482 0.479 0.526
0.584 0.584 0.502 0.476 0.584 0.475 0.469 0.552
0.567 0.569 0.511 0.49 0.567 0.492 0.496 0.536
0.597 0.596 0.517 0.482 0.596 0.456 0.458 0.513
0.568 0.563 0.476 0.502 0.562 0.447 0.447 0.529
0.553 0.553 0.497 0.508 0.553 0.497 0.498 0.54
0.594 0.594 0.503 0.497 0.594 0.497 0.502 0.532
0.563 0.563 0.501 0.481 0.563 0.471 0.47 0.542
0.584 0.584 0.506 0.502 0.589 0.529 0.529 0.603
0.559 0.573 0.487 0.517 0.556 0.453 0.451 0.523
0.578 0.573 0.483 0.49 0.574 0.478 0.478 0.564
0.553 0.544 0.491 0.538 0.553 0.482 0.482 0.53
0.564 0.564 0.519 0.491 0.564 0.459 0.459 0.538
0.561 0.569 0.504 0.499 0.56 0.457 0.458 0.554
0.581 0.569 0.487 0.483 0.57 0.471 0.465 0.539
0.574 0.574 0.495 0.488 0.574 0.461 0.455 0.538
0.554 0.555 0.501 0.484 0.555 0.464 0.464 0.517
0.576 0.576 0.51 0.506 0.57 0.445 0.434 0.46
0.555 0.554 0.492 0.53 0.557 0.486 0.483 0.544
0.57 0.558 0.509 0.528 0.563 0.495 0.489 0.491
0.583 0.587 0.484 0.527 0.584 0.45 0.45 0.523
0.608 0.61 0.504 0.497 0.605 0.467 0.471 0.576
0.57 0.572 0.503 0.479 0.574 0.459 0.46 0.521
0.578 0.591 0.505 0.502 0.578 0.463 0.465 0.539
0.594 0.593 0.507 0.502 0.593 0.49 0.495 0.554
0.582 0.581 0.508 0.514 0.579 0.457 0.456 0.49
0.526 0.527 0.468 0.484 0.524 0.469 0.469 0.516
0.577 0.579 0.474 0.507 0.577 0.464 0.459 0.553
0.596 0.596 0.498 0.48 0.597 0.481 0.469 0.502
0.557 0.556 0.496 0.509 0.557 0.453 0.447 0.498
0.567 0.569 0.468 0.48 0.576 0.488 0.487 0.545
0.562 0.564 0.472 0.499 0.562 0.451 0.45 0.537
0.59 0.591 0.497 0.508 0.59 0.466 0.467 0.549
0.571 0.575 0.5 0.503 0.571 0.494 0.494 0.564
0.568 0.568 0.474 0.5 0.568 0.464 0.46 0.517
0.557 0.55 0.511 0.515 0.554 0.466 0.466 0.511
0.614 0.611 0.507 0.48 0.615 0.501 0.497 0.556
0.564 0.569 0.479 0.489 0.561 0.451 0.454 0.481
0.558 0.559 0.498 0.511 0.559 0.441 0.432 0.521
0.593 0.593 0.487 0.475 0.593 0.489 0.487 0.554
0.555 0.555 0.508 0.483 0.557 0.488 0.492 0.546
0.587 0.59 0.501 0.486 0.58 0.48 0.483 0.507
0.573 0.573 0.496 0.49 0.57 0.479 0.471 0.512
0.575 0.563 0.529 0.478 0.575 0.485 0.482 0.532
0.551 0.553 0.492 0.465 0.546 0.497 0.494 0.55
0.572 0.572 0.513 0.48 0.571 0.494 0.493 0.548
0.585 0.588 0.499 0.475 0.585 0.458 0.454 0.456
0.577 0.578 0.48 0.476 0.578 0.453 0.455 0.531
0.569 0.569 0.527 0.502 0.568 0.453 0.453 0.527
0.573 0.568 0.492 0.524 0.573 0.482 0.477 0.515
0.559 0.561 0.486 0.489 0.559 0.479 0.481 0.501
0.566 0.566 0.486 0.498 0.566 0.46 0.459 0.521
0.566 0.565 0.506 0.502 0.566 0.446 0.445 0.495
0.562 0.563 0.511 0.527 0.562 0.478 0.472 0.552
0.546 0.553 0.474 0.501 0.546 0.458 0.458 0.506
0.564 0.561 0.486 0.511 0.568 0.447 0.449 0.478
0.588 0.573 0.487 0.48 0.578 0.444 0.437 0.5
0.552 0.549 0.514 0.48 0.55 0.462 0.462 0.542
0.594 0.593 0.509 0.524 0.594 0.503 0.502 0.573
0.56 0.561 0.48 0.512 0.56 0.487 0.485 0.527
0.564 0.564 0.507 0.486 0.562 0.486 0.481 0.521
0.572 0.575 0.476 0.494 0.572 0.492 0.497 0.528
0.581 0.58 0.525 0.494 0.581 0.486 0.484 0.519
0.591 0.585 0.5 0.512 0.591 0.452 0.451 0.538
0.554 0.554 0.498 0.492 0.558 0.506 0.507 0.508
0.585 0.584 0.483 0.489 0.585 0.449 0.448 0.516
0.535 0.534 0.493 0.512 0.535 0.482 0.48 0.545
0.575 0.578 0.499 0.508 0.575 0.469 0.468 0.55
0.569 0.562 0.501 0.497 0.563 0.453 0.451 0.512
0.561 0.56 0.508 0.482 0.559 0.459 0.459 0.537
0.571 0.561 0.504 0.486 0.571 0.468 0.466 0.506
0.582 0.578 0.488 0.505 0.578 0.475 0.475 0.529
0.554 0.559 0.514 0.497 0.554 0.468 0.471 0.542
0.583 0.582 0.516 0.48 0.588 0.495 0.495 0.572
0.581 0.588 0.506 0.464 0.587 0.443 0.441 0.499
0.575 0.574 0.507 0.497 0.575 0.479 0.472 0.516
0.568 0.564 0.514 0.494 0.576 0.467 0.467 0.545
0.56 0.564 0.47 0.492 0.563 0.455 0.452 0.534
0.572 0.571 0.482 0.498 0.572 0.493 0.491 0.549
0.575 0.568 0.478 0.505 0.57 0.482 0.477 0.521
0.581 0.583 0.509 0.516 0.581 0.5 0.5 0.565
0.571 0.567 0.493 0.48 0.574 0.457 0.457 0.545
0.589 0.587 0.508 0.495 0.586 0.474 0.474 0.568
0.588 0.588 0.48 0.495 0.588 0.485 0.481 0.548
0.56 0.563 0.466 0.493 0.557 0.485 0.482 0.564
0.579 0.58 0.493 0.516 0.581 0.465 0.464 0.515
0.57 0.57 0.498 0.486 0.57 0.51 0.508 0.553
0.567 0.567 0.496 0.52 0.566 0.454 0.454 0.536
0.577 0.577 0.516 0.493 0.578 0.453 0.454 0.511
0.561 0.562 0.517 0.471 0.561 0.487 0.488 0.541
0.557 0.558 0.497 0.53 0.553 0.461 0.462 0.494
0.578 0.584 0.481 0.48 0.584 0.464 0.458 0.489
0.584 0.584 0.512 0.476 0.585 0.499 0.499 0.545
0.589 0.589 0.499 0.512 0.589 0.495 0.495 0.592
0.551 0.552 0.483 0.488 0.55 0.501 0.495 0.533
0.549 0.551 0.491 0.485 0.549 0.472 0.472 0.553
0.61 0.615 0.482 0.519 0.614 0.468 0.467 0.517
0.567 0.565 0.48 0.511 0.579 0.454 0.454 0.522
0.592 0.58 0.485 0.526 0.583 0.491 0.493 0.578
0.556 0.558 0.499 0.512 0.554 0.466 0.465 0.511
0.561 0.567 0.482 0.498 0.565 0.484 0.484 0.535
0.564 0.563 0.476 0.509 0.567 0.487 0.487 0.56
0.589 0.591 0.498 0.517 0.585 0.489 0.493 0.575
0.571 0.569 0.515 0.502 0.571 0.466 0.462 0.527
0.585 0.585 0.506 0.506 0.59 0.498 0.5 0.58
0.594 0.593 0.514 0.488 0.594 0.504 0.504 0.572
0.585 0.574 0.524 0.498 0.58 0.454 0.454 0.553
0.569 0.571 0.493 0.483 0.569 0.485 0.481 0.561
0.553 0.556 0.48 0.503 0.553 0.492 0.474 0.534
0.568 0.573 0.505 0.482 0.574 0.457 0.461 0.531
0.561 0.561 0.485 0.484 0.565 0.463 0.462 0.51
0.583 0.583 0.484 0.494 0.583 0.496 0.496 0.572
0.561 0.554 0.499 0.522 0.563 0.492 0.491 0.532
0.548 0.549 0.491 0.493 0.548 0.445 0.444 0.515
0.574 0.58 0.516 0.493 0.574 0.452 0.452 0.538
0.569 0.56 0.495 0.506 0.568 0.475 0.475 0.522
0.558 0.556 0.495 0.495 0.558 0.511 0.506 0.559
0.568 0.567 0.49 0.49 0.568 0.466 0.466 0.55
0.584 0.582 0.514 0.472 0.582 0.48 0.488 0.544
0.58 0.582 0.479 0.473 0.576 0.52 0.52 0.573
0.558 0.558 0.47 0.527 0.558 0.498 0.498 0.536
0.574 0.567 0.488 0.489 0.574 0.477 0.473 0.533
0.578 0.575 0.49 0.515 0.578 0.463 0.456 0.515
0.553 0.553 0.486 0.492 0.553 0.482 0.482 0.518
0.563 0.564 0.513 0.499 0.563 0.48 0.474 0.549
0.558 0.555 0.492 0.516 0.554 0.485 0.485 0.523
0.599 0.599 0.497 0.514 0.587 0.455 0.454 0.517
0.542 0.542 0.49 0.465 0.543 0.491 0.491 0.529
0.558 0.556 0.487 0.482 0.558 0.477 0.476 0.504
0.558 0.559 0.468 0.512 0.558 0.47 0.471 0.538
0.572 0.573 0.504 0.505 0.577 0.513 0.513 0.564
0.553 0.558 0.495 0.49 0.559 0.482 0.477 0.54
0.571 0.576 0.498 0.513 0.571 0.473 0.472 0.526
0.534 0.537 0.497 0.493 0.543 0.435 0.432 0.515
0.557 0.548 0.494 0.492 0.548 0.509 0.508 0.534
0.572 0.578 0.507 0.483 0.578 0.47 0.48 0.53
0.544 0.543 0.49 0.498 0.544 0.483 0.483 0.54
0.561 0.561 0.512 0.509 0.561 0.491 0.495 0.528
0.563 0.559 0.466 0.503 0.563 0.472 0.477 0.52
0.578 0.568 0.497 0.521 0.568 0.459 0.458 0.527
0.599 0.597 0.495 0.475 0.597 0.481 0.481 0.571
0.572 0.573 0.493 0.476 0.575 0.478 0.481 0.539
0.569 0.576 0.494 0.48 0.571 0.468 0.466 0.509
0.579 0.578 0.499 0.511 0.579 0.484 0.489 0.555
0.599 0.599 0.483 0.496 0.599 0.493 0.489 0.571
0.577 0.569 0.498 0.478 0.569 0.486 0.484 0.532
0.556 0.556 0.475 0.503 0.556 0.446 0.449 0.526
0.566 0.569 0.474 0.486 0.564 0.479 0.479 0.549
0.581 0.582 0.489 0.497 0.581 0.462 0.461 0.558
0.572 0.573 0.505 0.492 0.572 0.49 0.49 0.568
0.565 0.566 0.509 0.489 0.565 0.485 0.485 0.548
0.584 0.58 0.504 0.513 0.584 0.484 0.483 0.56
0.591 0.588 0.51 0.495 0.591 0.465 0.464 0.503
0.583 0.567 0.489 0.479 0.571 0.504 0.497 0.548
0.573 0.571 0.519 0.487 0.572 0.492 0.493 0.578
0.578 0.575 0.507 0.513 0.57 0.481 0.481 0.565
0.578 0.578 0.486 0.483 0.571 0.498 0.494 0.546
0.558 0.556 0.523 0.471 0.558 0.482 0.479 0.527
0.6 0.599 0.507 0.492 0.604 0.48 0.482 0.531
0.593 0.587 0.508 0.527 0.593 0.485 0.48 0.552
0.591 0.59 0.478 0.489 0.591 0.49 0.49 0.539
0.532 0.529 0.513 0.49 0.53 0.465 0.464 0.524
0.601 0.592 0.482 0.51 0.6 0.461 0.463 0.535
0.58 0.581 0.486 0.507 0.583 0.493 0.493 0.541
