0.569 0.585 0.497 0.481 0.59 0.458 0.458 0.4
0.55 0.546 0.471 0.49 0.548 0.446 0.443 0.427
0.536 0.546 0.478 0.461 0.535 0.432 0.432 0.408
0.551 0.566 0.449 0.462 0.55 0.454 0.454 0.414
0.57 0.594 0.48 0.468 0.57 0.471 0.466 0.41
0.58 0.573 0.482 0.51 0.579 0.448 0.447 0.42
0.543 0.565 0.451 0.449 0.541 0.464 0.464 0.424
0.545 0.567 0.483 0.474 0.554 0.455 0.452 0.394
0.552 0.548 0.481 0.483 0.54 0.456 0.457 0.403
0.584 0.579 0.455 0.468 0.557 0.421 0.425 0.378
0.545 0.566 0.472 0.453 0.551 0.432 0.432 0.43
0.576 0.589 0.481 0.481 0.576 0.458 0.464 0.41
0.569 0.554 0.465 0.481 0.559 0.451 0.454 0.427
0.564 0.574 0.482 0.468 0.563 0.456 0.44 0.425
0.555 0.572 0.462 0.469 0.565 0.465 0.464 0.423
0.568 0.546 0.494 0.483 0.567 0.466 0.453 0.426
0.547 0.566 0.466 0.463 0.547 0.45 0.45 0.422
0.546 0.552 0.5 0.449 0.547 0.437 0.43 0.389
0.565 0.578 0.497 0.498 0.568 0.461 0.459 0.416
0.531 0.554 0.46 0.448 0.537 0.457 0.45 0.404
0.561 0.556 0.502 0.483 0.56 0.449 0.448 0.416
0.586 0.583 0.475 0.515 0.585 0.456 0.444 0.386
0.557 0.548 0.473 0.466 0.557 0.442 0.443 0.431
0.582 0.592 0.464 0.48 0.574 0.465 0.467 0.398
0.55 0.553 0.488 0.491 0.55 0.474 0.474 0.439
0.553 0.554 0.456 0.456 0.559 0.459 0.462 0.411
0.592 0.588 0.488 0.473 0.575 0.42 0.423 0.393
0.57 0.579 0.482 0.491 0.581 0.439 0.439 0.413
0.551 0.553 0.47 0.484 0.553 0.447 0.442 0.394
0.555 0.568 0.452 0.451 0.555 0.422 0.407 0.402
0.574 0.581 0.479 0.491 0.577 0.449 0.449 0.369
0.517 0.527 0.439 0.465 0.516 0.429 0.427 0.386
0.539 0.544 0.48 0.463 0.541 0.438 0.439 0.402
0.557 0.557 0.449 0.46 0.546 0.429 0.429 0.408
0.571 0.591 0.462 0.466 0.571 0.441 0.436 0.365
0.583 0.587 0.514 0.482 0.584 0.472 0.472 0.446
0.578 0.572 0.515 0.473 0.593 0.464 0.464 0.423
0.549 0.57 0.489 0.444 0.563 0.458 0.465 0.407
0.579 0.582 0.512 0.504 0.579 0.484 0.485 0.454
0.595 0.591 0.475 0.483 0.57 0.414 0.416 0.388
0.555 0.573 0.507 0.503 0.567 0.453 0.45 0.425
0.55 0.565 0.475 0.473 0.561 0.454 0.454 0.402
0.536 0.57 0.486 0.476 0.561 0.461 0.457 0.392
0.589 0.576 0.474 0.496 0.572 0.444 0.439 0.389
0.566 0.568 0.484 0.467 0.566 0.468 0.469 0.433
0.588 0.591 0.48 0.481 0.578 0.473 0.477 0.413
0.583 0.59 0.493 0.446 0.591 0.457 0.454 0.404
0.554 0.561 0.48 0.497 0.556 0.43 0.435 0.428
0.583 0.584 0.482 0.509 0.583 0.44 0.445 0.397
0.539 0.546 0.462 0.459 0.539 0.458 0.458 0.404
0.562 0.575 0.48 0.486 0.563 0.401 0.401 0.399
0.526 0.52 0.485 0.471 0.525 0.472 0.478 0.438
0.556 0.567 0.486 0.486 0.558 0.451 0.453 0.429
0.572 0.554 0.489 0.487 0.572 0.462 0.441 0.401
0.571 0.581 0.461 0.478 0.571 0.467 0.455 0.423
0.539 0.542 0.496 0.47 0.538 0.471 0.47 0.41
0.542 0.573 0.486 0.455 0.564 0.467 0.467 0.432
0.558 0.554 0.497 0.477 0.566 0.44 0.429 0.395
0.584 0.605 0.494 0.481 0.588 0.468 0.467 0.42
0.575 0.57 0.485 0.478 0.56 0.43 0.431 0.383
0.556 0.57 0.503 0.496 0.574 0.407 0.404 0.389
0.565 0.565 0.454 0.448 0.572 0.452 0.451 0.407
0.543 0.575 0.486 0.487 0.562 0.437 0.439 0.401
0.541 0.531 0.464 0.461 0.536 0.463 0.458 0.415
0.569 0.575 0.48 0.476 0.56 0.462 0.463 0.433
0.576 0.558 0.492 0.481 0.551 0.467 0.466 0.454
0.561 0.557 0.485 0.49 0.569 0.478 0.469 0.434
0.546 0.553 0.474 0.497 0.548 0.45 0.449 0.425
0.53 0.566 0.474 0.497 0.549 0.461 0.468 0.424
0.52 0.524 0.454 0.446 0.521 0.467 0.463 0.454
0.566 0.584 0.476 0.498 0.566 0.466 0.456 0.411
0.563 0.572 0.495 0.493 0.562 0.46 0.46 0.42
0.554 0.566 0.461 0.466 0.555 0.471 0.466 0.439
0.573 0.578 0.476 0.477 0.564 0.458 0.461 0.412
0.55 0.535 0.46 0.456 0.533 0.467 0.467 0.403
0.579 0.573 0.494 0.48 0.567 0.494 0.481 0.448
0.575 0.56 0.486 0.511 0.563 0.463 0.464 0.406
0.589 0.586 0.506 0.525 0.593 0.448 0.448 0.413
0.545 0.564 0.474 0.483 0.555 0.463 0.459 0.417
0.546 0.555 0.488 0.497 0.562 0.457 0.457 0.424
0.553 0.558 0.487 0.473 0.553 0.456 0.468 0.42
0.559 0.57 0.482 0.5 0.568 0.435 0.434 0.421
0.579 0.579 0.482 0.499 0.578 0.469 0.464 0.412
0.553 0.576 0.484 0.503 0.556 0.423 0.424 0.42
0.529 0.519 0.463 0.466 0.528 0.448 0.448 0.44
0.53 0.532 0.467 0.469 0.527 0.462 0.46 0.427
0.583 0.59 0.502 0.511 0.599 0.443 0.445 0.41
0.543 0.576 0.491 0.493 0.572 0.471 0.459 0.402
0.588 0.573 0.481 0.46 0.569 0.452 0.45 0.418
0.578 0.581 0.464 0.469 0.563 0.431 0.432 0.383
0.585 0.57 0.458 0.498 0.561 0.462 0.472 0.404
0.562 0.576 0.494 0.492 0.563 0.441 0.438 0.409
0.553 0.543 0.473 0.463 0.553 0.442 0.441 0.406
0.568 0.57 0.482 0.491 0.572 0.473 0.473 0.45
0.554 0.549 0.482 0.487 0.534 0.46 0.452 0.415
0.584 0.586 0.498 0.502 0.583 0.452 0.447 0.433
0.547 0.553 0.508 0.492 0.547 0.441 0.443 0.397
0.56 0.572 0.488 0.498 0.574 0.493 0.493 0.415
0.566 0.57 0.485 0.482 0.565 0.461 0.457 0.42
0.547 0.547 0.496 0.481 0.546 0.469 0.467 0.444
0.585 0.563 0.488 0.477 0.548 0.457 0.444 0.399
0.546 0.545 0.487 0.451 0.544 0.446 0.443 0.401
0.542 0.552 0.482 0.473 0.542 0.456 0.456 0.432
0.553 0.562 0.506 0.488 0.567 0.452 0.452 0.413
0.559 0.573 0.465 0.478 0.56 0.453 0.453 0.412
0.59 0.58 0.497 0.518 0.593 0.439 0.439 0.411
0.543 0.557 0.486 0.486 0.559 0.467 0.467 0.418
0.593 0.576 0.483 0.468 0.562 0.459 0.453 0.378
0.546 0.538 0.466 0.463 0.533 0.45 0.441 0.398
0.556 0.587 0.469 0.479 0.565 0.453 0.453 0.411
0.566 0.554 0.49 0.49 0.57 0.481 0.491 0.466
0.561 0.568 0.46 0.482 0.566 0.445 0.444 0.42
0.582 0.576 0.49 0.47 0.571 0.457 0.457 0.404
0.563 0.553 0.476 0.492 0.562 0.443 0.438 0.422
0.579 0.6 0.463 0.455 0.582 0.449 0.448 0.399
0.55 0.558 0.496 0.485 0.536 0.479 0.482 0.451
0.568 0.553 0.494 0.493 0.572 0.433 0.44 0.405
0.589 0.588 0.481 0.48 0.591 0.432 0.427 0.398
0.589 0.589 0.506 0.47 0.593 0.465 0.465 0.423
0.579 0.586 0.481 0.487 0.574 0.461 0.455 0.424
0.565 0.567 0.486 0.506 0.564 0.525 0.527 0.485
0.566 0.575 0.508 0.503 0.575 0.476 0.469 0.449
0.562 0.559 0.463 0.469 0.554 0.451 0.446 0.401
0.588 0.576 0.484 0.488 0.574 0.487 0.492 0.428
0.577 0.576 0.488 0.481 0.577 0.449 0.455 0.444
0.585 0.578 0.494 0.471 0.567 0.462 0.464 0.425
0.549 0.541 0.492 0.504 0.547 0.471 0.466 0.434
0.57 0.574 0.495 0.48 0.587 0.417 0.409 0.382
0.587 0.592 0.458 0.509 0.594 0.444 0.445 0.414
0.532 0.542 0.464 0.468 0.534 0.436 0.44 0.402
0.593 0.579 0.471 0.47 0.581 0.472 0.472 0.444
0.554 0.561 0.466 0.476 0.554 0.436 0.425 0.404
0.584 0.612 0.498 0.483 0.585 0.445 0.442 0.427
0.567 0.572 0.489 0.481 0.567 0.46 0.46 0.435
0.567 0.569 0.469 0.464 0.549 0.454 0.447 0.388
0.561 0.572 0.471 0.485 0.574 0.443 0.443 0.39
0.566 0.561 0.489 0.474 0.558 0.449 0.447 0.414
0.569 0.57 0.487 0.468 0.566 0.459 0.459 0.423
0.573 0.576 0.483 0.475 0.572 0.458 0.448 0.397
0.544 0.55 0.457 0.467 0.538 0.475 0.47 0.411
0.561 0.561 0.506 0.504 0.565 0.441 0.445 0.427
0.552 0.554 0.461 0.441 0.552 0.472 0.472 0.394
0.528 0.517 0.494 0.484 0.528 0.462 0.462 0.413
0.551 0.563 0.488 0.502 0.551 0.427 0.43 0.41
0.577 0.561 0.495 0.473 0.552 0.46 0.454 0.407
0.586 0.59 0.506 0.484 0.587 0.467 0.464 0.413
0.562 0.572 0.496 0.487 0.56 0.423 0.424 0.416
0.568 0.596 0.489 0.473 0.578 0.443 0.435 0.39
0.549 0.561 0.486 0.474 0.555 0.456 0.45 0.412
0.569 0.579 0.477 0.492 0.566 0.46 0.461 0.402
0.548 0.573 0.495 0.485 0.566 0.479 0.456 0.42
0.577 0.582 0.489 0.47 0.576 0.459 0.458 0.375
0.546 0.542 0.446 0.469 0.556 0.43 0.437 0.409
0.531 0.529 0.469 0.457 0.533 0.471 0.457 0.415
0.546 0.544 0.493 0.46 0.539 0.47 0.469 0.418
0.55 0.564 0.49 0.501 0.55 0.442 0.445 0.426
0.567 0.578 0.477 0.47 0.572 0.441 0.437 0.405
0.579 0.588 0.493 0.485 0.575 0.426 0.419 0.397
0.564 0.56 0.463 0.484 0.56 0.439 0.426 0.393
0.597 0.582 0.507 0.51 0.61 0.456 0.453 0.405
0.548 0.562 0.469 0.479 0.548 0.458 0.452 0.431
0.575 0.577 0.488 0.466 0.56 0.463 0.463 0.431
0.544 0.55 0.49 0.485 0.547 0.461 0.461 0.445
0.553 0.555 0.455 0.502 0.553 0.438 0.438 0.412
0.551 0.554 0.459 0.461 0.535 0.413 0.413 0.414
0.556 0.57 0.475 0.479 0.557 0.459 0.458 0.407
0.562 0.564 0.504 0.495 0.564 0.49 0.491 0.442
0.61 0.585 0.499 0.488 0.594 0.451 0.459 0.418
0.564 0.591 0.473 0.472 0.588 0.43 0.441 0.428
0.553 0.57 0.467 0.466 0.552 0.439 0.439 0.426
0.583 0.592 0.481 0.498 0.588 0.425 0.424 0.408
0.579 0.581 0.517 0.481 0.577 0.407 0.4 0.395
0.57 0.575 0.466 0.497 0.577 0.467 0.468 0.429
0.57 0.562 0.484 0.512 0.562 0.466 0.454 0.44
0.55 0.573 0.466 0.447 0.55 0.451 0.449 0.408
0.53 0.565 0.464 0.481 0.532 0.47 0.466 0.435
0.538 0.546 0.464 0.472 0.537 0.439 0.439 0.428
0.552 0.556 0.472 0.477 0.558 0.434 0.434 0.405
0.576 0.61 0.476 0.485 0.579 0.433 0.433 0.392
0.555 0.551 0.489 0.483 0.558 0.464 0.456 0.41
0.59 0.58 0.506 0.496 0.578 0.424 0.416 0.401
0.574 0.591 0.482 0.493 0.575 0.431 0.431 0.391
0.547 0.541 0.472 0.469 0.556 0.45 0.454 0.408
0.568 0.571 0.455 0.46 0.569 0.468 0.467 0.4
0.543 0.569 0.475 0.481 0.544 0.422 0.432 0.395
0.541 0.562 0.472 0.461 0.541 0.451 0.446 0.422
0.581 0.56 0.467 0.467 0.561 0.432 0.425 0.414
0.571 0.576 0.458 0.463 0.553 0.427 0.427 0.392
0.575 0.582 0.495 0.48 0.568 0.465 0.465 0.431
0.591 0.595 0.465 0.469 0.591 0.457 0.458 0.421
0.592 0.602 0.462 0.474 0.579 0.423 0.424 0.402
0.581 0.576 0.485 0.497 0.578 0.468 0.467 0.425
0.562 0.559 0.495 0.477 0.571 0.437 0.425 0.394
0.537 0.553 0.468 0.472 0.517 0.482 0.483 0.4
0.559 0.558 0.462 0.469 0.559 0.448 0.448 0.411
0.573 0.586 0.487 0.471 0.572 0.441 0.439 0.405
0.53 0.547 0.463 0.441 0.53 0.437 0.437 0.409
0.541 0.551 0.501 0.505 0.55 0.455 0.455 0.407
0.553 0.556 0.473 0.489 0.548 0.44 0.443 0.408
0.556 0.557 0.513 0.505 0.556 0.455 0.465 0.396
0.538 0.555 0.491 0.444 0.537 0.419 0.425 0.392
0.554 0.559 0.509 0.479 0.554 0.465 0.455 0.426
0.589 0.597 0.484 0.499 0.589 0.446 0.443 0.375
0.538 0.541 0.487 0.491 0.544 0.416 0.411 0.393
0.557 0.557 0.469 0.483 0.557 0.46 0.45 0.412
0.604 0.59 0.506 0.516 0.601 0.453 0.452 0.432
0.561 0.569 0.472 0.478 0.561 0.433 0.441 0.394
0.553 0.569 0.444 0.452 0.553 0.471 0.462 0.423
0.559 0.561 0.487 0.496 0.561 0.454 0.454 0.441
0.574 0.585 0.492 0.511 0.575 0.468 0.446 0.424
0.556 0.567 0.497 0.478 0.556 0.431 0.425 0.41
0.591 0.602 0.525 0.516 0.602 0.439 0.442 0.408
0.581 0.585 0.488 0.488 0.577 0.469 0.468 0.436
0.56 0.574 0.454 0.461 0.558 0.431 0.434 0.406
0.541 0.544 0.455 0.471 0.541 0.429 0.428 0.406
0.564 0.545 0.434 0.457 0.532 0.394 0.396 0.364
0.553 0.554 0.482 0.468 0.555 0.463 0.458 0.422
0.526 0.533 0.446 0.453 0.526 0.455 0.453 0.425
0.585 0.573 0.519 0.482 0.586 0.454 0.446 0.394
0.561 0.567 0.463 0.471 0.562 0.467 0.46 0.405
0.568 0.572 0.499 0.481 0.57 0.428 0.435 0.421
0.536 0.561 0.476 0.449 0.555 0.469 0.471 0.419
0.548 0.551 0.468 0.49 0.558 0.441 0.441 0.411
0.566 0.57 0.488 0.478 0.542 0.461 0.447 0.409
0.539 0.544 0.47 0.458 0.534 0.46 0.467 0.443
0.585 0.581 0.513 0.498 0.586 0.471 0.466 0.411
0.518 0.533 0.467 0.464 0.518 0.464 0.462 0.427
0.561 0.54 0.487 0.487 0.559 0.488 0.488 0.471
0.58 0.583 0.461 0.458 0.59 0.448 0.442 0.401
0.549 0.556 0.476 0.471 0.555 0.464 0.463 0.429
0.531 0.555 0.465 0.462 0.546 0.427 0.427 0.366
0.565 0.566 0.496 0.518 0.568 0.446 0.446 0.429
0.56 0.563 0.493 0.484 0.563 0.449 0.448 0.444
0.582 0.557 0.498 0.49 0.574 0.462 0.459 0.431
0.571 0.574 0.494 0.459 0.571 0.445 0.432 0.386
0.542 0.555 0.502 0.474 0.547 0.443 0.437 0.41
0.573 0.568 0.505 0.482 0.568 0.434 0.419 0.393
0.556 0.554 0.462 0.476 0.558 0.477 0.474 0.419
0.566 0.562 0.485 0.474 0.553 0.454 0.453 0.408
0.575 0.577 0.477 0.491 0.556 0.455 0.455 0.424
0.565 0.574 0.469 0.485 0.57 0.411 0.412 0.383
0.518 0.514 0.463 0.446 0.524 0.437 0.425 0.412
0.574 0.568 0.459 0.461 0.582 0.463 0.458 0.405
0.555 0.553 0.479 0.478 0.553 0.488 0.469 0.427
0.573 0.572 0.491 0.483 0.566 0.434 0.434 0.385
0.543 0.55 0.461 0.486 0.542 0.444 0.443 0.427
0.574 0.572 0.479 0.466 0.559 0.447 0.443 0.388
0.553 0.557 0.479 0.478 0.547 0.473 0.476 0.42
0.564 0.585 0.466 0.458 0.577 0.475 0.461 0.402
0.558 0.563 0.481 0.474 0.558 0.404 0.403 0.369
0.533 0.523 0.449 0.471 0.517 0.442 0.442 0.439
0.566 0.563 0.496 0.469 0.569 0.438 0.44 0.389
0.561 0.582 0.5 0.513 0.563 0.449 0.435 0.409
0.576 0.574 0.484 0.496 0.583 0.439 0.434 0.413
0.601 0.598 0.503 0.475 0.594 0.459 0.459 0.414
0.593 0.603 0.481 0.503 0.593 0.477 0.471 0.424
0.57 0.558 0.504 0.489 0.57 0.475 0.466 0.433
0.55 0.574 0.486 0.479 0.574 0.469 0.45 0.412
0.612 0.587 0.502 0.504 0.598 0.463 0.459 0.416
0.596 0.594 0.472 0.477 0.596 0.455 0.443 0.404
0.531 0.538 0.474 0.453 0.533 0.444 0.444 0.406
0.541 0.528 0.457 0.46 0.531 0.445 0.439 0.396
0.569 0.557 0.489 0.489 0.555 0.413 0.411 0.393
0.546 0.545 0.472 0.477 0.539 0.456 0.454 0.423
0.564 0.583 0.487 0.492 0.563 0.437 0.433 0.398
0.596 0.593 0.464 0.505 0.577 0.448 0.432 0.395
0.541 0.548 0.47 0.448 0.54 0.489 0.488 0.434
0.575 0.573 0.468 0.461 0.56 0.426 0.425 0.405
0.562 0.567 0.474 0.505 0.574 0.484 0.485 0.443
0.549 0.57 0.472 0.464 0.55 0.469 0.469 0.416
0.54 0.548 0.489 0.463 0.537 0.431 0.425 0.392
0.569 0.579 0.501 0.471 0.569 0.462 0.455 0.404
0.535 0.532 0.486 0.479 0.536 0.461 0.46 0.402
0.582 0.575 0.474 0.482 0.582 0.458 0.451 0.409
0.572 0.595 0.503 0.481 0.583 0.449 0.444 0.394
0.576 0.562 0.498 0.466 0.56 0.418 0.415 0.397
0.529 0.547 0.442 0.454 0.53 0.461 0.453 0.428
0.507 0.53 0.471 0.475 0.526 0.415 0.415 0.391
0.554 0.551 0.473 0.476 0.555 0.48 0.469 0.435
0.553 0.552 0.474 0.49 0.548 0.468 0.467 0.445
0.563 0.579 0.484 0.492 0.569 0.47 0.471 0.415
0.556 0.542 0.455 0.477 0.548 0.441 0.441 0.427
0.582 0.586 0.498 0.489 0.584 0.492 0.488 0.456
0.582 0.58 0.468 0.485 0.558 0.483 0.481 0.425
0.557 0.563 0.477 0.487 0.57 0.449 0.447 0.391
0.587 0.577 0.498 0.515 0.576 0.475 0.471 0.435
0.57 0.581 0.457 0.459 0.57 0.422 0.422 0.402
0.546 0.547 0.461 0.46 0.544 0.443 0.431 0.429
0.526 0.545 0.474 0.484 0.526 0.435 0.426 0.407
0.548 0.537 0.464 0.451 0.536 0.44 0.434 0.421
0.586 0.603 0.502 0.487 0.586 0.426 0.424 0.398
0.556 0.582 0.468 0.482 0.583 0.441 0.441 0.416
0.578 0.596 0.494 0.492 0.597 0.483 0.486 0.427
0.561 0.574 0.493 0.496 0.564 0.479 0.479 0.44
0.525 0.541 0.473 0.474 0.526 0.46 0.46 0.408
0.578 0.594 0.462 0.474 0.577 0.441 0.442 0.417
0.558 0.559 0.502 0.48 0.568 0.454 0.437 0.397
0.557 0.54 0.48 0.497 0.557 0.451 0.441 0.415
0.562 0.569 0.506 0.479 0.561 0.49 0.496 0.452
0.593 0.574 0.471 0.481 0.587 0.442 0.435 0.39
0.564 0.557 0.491 0.481 0.561 0.47 0.468 0.419
0.587 0.591 0.488 0.484 0.581 0.444 0.442 0.399
0.573 0.574 0.477 0.477 0.564 0.446 0.438 0.418
0.56 0.538 0.47 0.484 0.535 0.467 0.47 0.426
0.577 0.582 0.494 0.465 0.56 0.45 0.438 0.43
0.508 0.517 0.459 0.457 0.516 0.438 0.432 0.416
0.552 0.561 0.497 0.477 0.551 0.445 0.446 0.443
0.559 0.56 0.467 0.49 0.547 0.464 0.463 0.425
0.536 0.539 0.482 0.496 0.549 0.511 0.504 0.436
0.563 0.572 0.467 0.477 0.564 0.433 0.431 0.379
0.579 0.593 0.495 0.477 0.578 0.45 0.448 0.4
0.531 0.541 0.449 0.472 0.533 0.405 0.406 0.396
0.568 0.556 0.463 0.481 0.534 0.452 0.452 0.426
0.55 0.55 0.507 0.489 0.551 0.441 0.441 0.417
0.512 0.527 0.449 0.453 0.513 0.455 0.455 0.42
0.553 0.556 0.5 0.485 0.553 0.462 0.467 0.437
0.552 0.571 0.488 0.473 0.56 0.458 0.451 0.403
0.562 0.558 0.486 0.508 0.572 0.461 0.451 0.409
0.541 0.545 0.452 0.432 0.529 0.464 0.46 0.403
0.587 0.57 0.487 0.487 0.587 0.438 0.445 0.387
0.557 0.588 0.479 0.473 0.57 0.442 0.434 0.41
0.595 0.609 0.487 0.487 0.595 0.469 0.469 0.434
0.546 0.564 0.499 0.476 0.562 0.449 0.426 0.423
0.552 0.55 0.474 0.458 0.562 0.428 0.418 0.413
0.587 0.586 0.47 0.483 0.588 0.431 0.433 0.427
0.568 0.565 0.484 0.474 0.566 0.467 0.464 0.428
0.544 0.552 0.484 0.487 0.543 0.442 0.438 0.397
0.531 0.538 0.447 0.479 0.551 0.472 0.472 0.427
0.581 0.585 0.482 0.49 0.58 0.443 0.442 0.407
0.584 0.573 0.48 0.495 0.584 0.447 0.446 0.427
0.548 0.561 0.496 0.481 0.55 0.454 0.456 0.426
0.522 0.541 0.441 0.444 0.533 0.478 0.478 0.42
0.542 0.547 0.457 0.461 0.541 0.438 0.429 0.389
0.568 0.568 0.466 0.442 0.561 0.442 0.442 0.425
0.585 0.597 0.503 0.496 0.582 0.46 0.458 0.419
0.559 0.564 0.492 0.493 0.559 0.472 0.472 0.437
0.575 0.576 0.505 0.485 0.581 0.433 0.43 0.393
0.542 0.579 0.478 0.468 0.543 0.438 0.432 0.416
0.584 0.586 0.474 0.466 0.56 0.44 0.438 0.404
0.555 0.547 0.482 0.469 0.559 0.438 0.436 0.404
0.563 0.568 0.483 0.489 0.561 0.453 0.442 0.417
0.606 0.575 0.5 0.506 0.59 0.448 0.436 0.399
0.536 0.552 0.476 0.469 0.542 0.442 0.442 0.406
0.535 0.549 0.475 0.478 0.535 0.441 0.441 0.411
0.539 0.537 0.473 0.474 0.548 0.45 0.45 0.389
0.569 0.594 0.486 0.481 0.569 0.451 0.428 0.412
0.575 0.588 0.499 0.493 0.58 0.472 0.473 0.445
0.598 0.614 0.512 0.494 0.599 0.395 0.391 0.381
0.527 0.549 0.461 0.461 0.526 0.421 0.415 0.416
0.547 0.551 0.488 0.481 0.547 0.453 0.451 0.418
0.577 0.563 0.484 0.481 0.562 0.459 0.456 0.43
0.574 0.565 0.49 0.485 0.574 0.457 0.458 0.384
0.568 0.579 0.499 0.478 0.572 0.438 0.438 0.413
0.539 0.557 0.51 0.503 0.551 0.465 0.464 0.425
0.588 0.574 0.473 0.458 0.562 0.441 0.438 0.382
0.566 0.572 0.483 0.481 0.566 0.452 0.455 0.406
0.55 0.574 0.475 0.477 0.561 0.493 0.488 0.419
0.567 0.572 0.483 0.458 0.567 0.453 0.441 0.408
0.53 0.537 0.47 0.475 0.529 0.454 0.455 0.411
0.557 0.578 0.486 0.472 0.557 0.456 0.454 0.396
0.585 0.589 0.483 0.477 0.57 0.414 0.414 0.377
0.565 0.566 0.505 0.478 0.561 0.46 0.46 0.421
0.546 0.567 0.464 0.474 0.546 0.438 0.426 0.381
0.57 0.581 0.47 0.471 0.591 0.417 0.417 0.393
0.544 0.564 0.452 0.462 0.546 0.45 0.45 0.429
0.581 0.558 0.466 0.475 0.556 0.456 0.456 0.427
0.539 0.54 0.478 0.462 0.544 0.452 0.442 0.389
0.579 0.587 0.472 0.491 0.579 0.434 0.434 0.408
0.569 0.583 0.457 0.488 0.577 0.454 0.453 0.398
0.56 0.57 0.498 0.49 0.583 0.465 0.461 0.401
0.547 0.564 0.486 0.489 0.561 0.465 0.463 0.419
0.557 0.564 0.475 0.497 0.564 0.453 0.453 0.454
0.564 0.562 0.476 0.493 0.559 0.458 0.451 0.405
0.57 0.579 0.475 0.49 0.575 0.451 0.436 0.424
0.593 0.582 0.495 0.488 0.59 0.492 0.484 0.433
0.56 0.549 0.475 0.482 0.56 0.464 0.464 0.432
0.558 0.572 0.458 0.45 0.558 0.438 0.435 0.41
0.587 0.562 0.468 0.465 0.571 0.452 0.45 0.377
0.557 0.574 0.478 0.494 0.561 0.46 0.463 0.419
0.536 0.563 0.472 0.486 0.558 0.455 0.453 0.419
0.551 0.569 0.464 0.465 0.561 0.447 0.449 0.391
0.565 0.555 0.463 0.447 0.55 0.487 0.485 0.445
0.543 0.541 0.479 0.488 0.552 0.458 0.456 0.406
0.537 0.555 0.465 0.464 0.538 0.467 0.461 0.413
0.561 0.57 0.478 0.486 0.561 0.448 0.426 0.384
0.586 0.579 0.493 0.492 0.587 0.481 0.48 0.431
0.549 0.541 0.463 0.47 0.548 0.49 0.49 0.452
0.525 0.528 0.461 0.464 0.525 0.437 0.432 0.393
0.555 0.581 0.495 0.486 0.57 0.46 0.461 0.399
0.565 0.576 0.486 0.468 0.565 0.434 0.434 0.408
0.551 0.546 0.497 0.486 0.559 0.479 0.476 0.458
0.539 0.556 0.451 0.465 0.54 0.439 0.439 0.416
0.556 0.566 0.477 0.472 0.56 0.474 0.473 0.445
0.554 0.579 0.489 0.489 0.554 0.458 0.462 0.407
0.521 0.546 0.454 0.479 0.55 0.457 0.454 0.399
0.541 0.556 0.47 0.47 0.554 0.43 0.432 0.387
0.575 0.562 0.479 0.486 0.577 0.425 0.425 0.371
0.564 0.578 0.463 0.481 0.565 0.444 0.443 0.397
0.555 0.544 0.468 0.455 0.544 0.457 0.453 0.422
0.573 0.576 0.492 0.492 0.575 0.447 0.447 0.417
0.562 0.578 0.47 0.461 0.567 0.45 0.444 0.42
0.553 0.546 0.468 0.458 0.547 0.452 0.451 0.411
0.566 0.54 0.486 0.482 0.566 0.448 0.447 0.416
0.57 0.556 0.449 0.45 0.546 0.437 0.437 0.384
0.558 0.547 0.454 0.487 0.556 0.444 0.444 0.399
0.557 0.569 0.476 0.498 0.565 0.483 0.485 0.427
0.566 0.563 0.472 0.459 0.549 0.443 0.45 0.387
0.546 0.558 0.47 0.475 0.546 0.472 0.465 0.402
0.568 0.569 0.504 0.472 0.562 0.457 0.457 0.406
0.571 0.577 0.482 0.467 0.563 0.415 0.414 0.382
0.553 0.57 0.469 0.483 0.553 0.446 0.446 0.403
0.558 0.572 0.495 0.47 0.558 0.444 0.444 0.406
0.556 0.564 0.48 0.484 0.567 0.477 0.477 0.449
0.551 0.56 0.464 0.462 0.552 0.434 0.438 0.418
0.584 0.584 0.489 0.507 0.586 0.437 0.437 0.41
0.577 0.556 0.472 0.481 0.565 0.464 0.46 0.394
0.591 0.597 0.512 0.495 0.591 0.451 0.446 0.4
0.556 0.563 0.493 0.467 0.577 0.433 0.431 0.403
0.568 0.553 0.449 0.483 0.558 0.447 0.444 0.397
0.57 0.58 0.489 0.474 0.571 0.477 0.477 0.387
0.566 0.551 0.493 0.465 0.561 0.47 0.47 0.419
0.547 0.564 0.46 0.462 0.546 0.455 0.454 0.407
0.577 0.568 0.471 0.449 0.564 0.455 0.441 0.406
0.562 0.558 0.485 0.466 0.545 0.442 0.441 0.4
0.56 0.576 0.473 0.474 0.559 0.424 0.424 0.369
0.56 0.555 0.474 0.479 0.562 0.443 0.447 0.423
0.575 0.568 0.493 0.484 0.567 0.462 0.462 0.408
0.602 0.592 0.517 0.502 0.597 0.444 0.443 0.417
0.545 0.551 0.503 0.481 0.557 0.463 0.462 0.426
0.556 0.562 0.462 0.473 0.555 0.442 0.44 0.423
0.562 0.56 0.482 0.471 0.567 0.473 0.458 0.422
0.566 0.552 0.46 0.46 0.542 0.457 0.456 0.405
0.585 0.59 0.493 0.509 0.582 0.469 0.476 0.422
0.544 0.563 0.468 0.469 0.546 0.451 0.456 0.425
0.535 0.537 0.454 0.425 0.514 0.447 0.447 0.404
0.583 0.593 0.495 0.48 0.583 0.44 0.426 0.392
0.559 0.549 0.484 0.477 0.549 0.443 0.442 0.411
0.578 0.575 0.459 0.462 0.558 0.448 0.448 0.408
0.585 0.589 0.48 0.498 0.573 0.448 0.439 0.399
0.601 0.585 0.46 0.46 0.573 0.43 0.43 0.395
0.564 0.581 0.474 0.481 0.565 0.433 0.433 0.424
0.566 0.567 0.497 0.507 0.567 0.457 0.457 0.431
0.543 0.535 0.483 0.484 0.543 0.465 0.454 0.411
0.575 0.562 0.505 0.485 0.562 0.476 0.474 0.435
0.556 0.562 0.502 0.474 0.563 0.432 0.428 0.383
0.569 0.574 0.484 0.465 0.561 0.482 0.482 0.433
0.552 0.553 0.469 0.486 0.552 0.447 0.445 0.427
0.559 0.576 0.477 0.473 0.551 0.447 0.445 0.414
0.548 0.535 0.473 0.474 0.548 0.416 0.406 0.393
0.52 0.516 0.483 0.458 0.52 0.456 0.452 0.407
0.573 0.577 0.479 0.493 0.57 0.449 0.452 0.433
0.591 0.581 0.481 0.497 0.575 0.458 0.456 0.389
0.553 0.561 0.476 0.484 0.561 0.462 0.462 0.434
0.567 0.566 0.493 0.508 0.584 0.467 0.467 0.43
0.563 0.563 0.515 0.471 0.563 0.458 0.458 0.418
0.559 0.564 0.505 0.483 0.559 0.444 0.428 0.415
0.54 0.554 0.459 0.459 0.542 0.441 0.449 0.398
0.558 0.578 0.488 0.46 0.573 0.448 0.442 0.384
0.528 0.531 0.476 0.5 0.537 0.436 0.435 0.421
0.542 0.552 0.485 0.468 0.544 0.451 0.446 0.419
0.545 0.569 0.496 0.492 0.551 0.432 0.423 0.396
0.569 0.567 0.475 0.484 0.562 0.462 0.463 0.408
0.529 0.54 0.461 0.492 0.537 0.503 0.503 0.428
0.572 0.546 0.485 0.477 0.561 0.458 0.437 0.401
0.551 0.561 0.471 0.48 0.552 0.433 0.43 0.394
0.544 0.558 0.475 0.461 0.544 0.472 0.476 0.413
0.544 0.551 0.479 0.475 0.551 0.47 0.472 0.432
0.545 0.571 0.461 0.5 0.545 0.442 0.427 0.402
0.544 0.546 0.447 0.465 0.541 0.446 0.45 0.382
0.603 0.602 0.507 0.495 0.583 0.455 0.453 0.414
0.591 0.598 0.51 0.496 0.593 0.455 0.456 0.429
0.571 0.576 0.493 0.49 0.561 0.45 0.446 0.429
0.574 0.591 0.496 0.497 0.588 0.463 0.458 0.414
0.554 0.556 0.465 0.484 0.554 0.446 0.446 0.398
0.559 0.581 0.489 0.472 0.566 0.464 0.463 0.408
0.555 0.544 0.458 0.495 0.539 0.411 0.409 0.403
0.56 0.585 0.473 0.466 0.56 0.414 0.399 0.415
0.55 0.556 0.467 0.496 0.551 0.461 0.453 0.425
0.575 0.585 0.479 0.489 0.566 0.46 0.455 0.409
0.568 0.562 0.474 0.501 0.564 0.443 0.448 0.402
0.579 0.578 0.44 0.478 0.569 0.442 0.442 0.4
0.582 0.592 0.482 0.492 0.584 0.419 0.421 0.373
0.588 0.581 0.465 0.468 0.586 0.44 0.441 0.419
0.551 0.567 0.475 0.461 0.556 0.459 0.459 0.406
0.56 0.573 0.502 0.501 0.565 0.437 0.432 0.4
0.584 0.589 0.496 0.502 0.59 0.45 0.445 0.416
0.528 0.528 0.477 0.473 0.525 0.451 0.451 0.404
0.58 0.581 0.484 0.463 0.58 0.473 0.473 0.414
0.564 0.572 0.481 0.467 0.566 0.465 0.464 0.429
0.558 0.579 0.451 0.457 0.556 0.466 0.462 0.399
0.566 0.578 0.471 0.493 0.569 0.455 0.454 0.416
0.571 0.565 0.466 0.498 0.571 0.448 0.448 0.407
0.542 0.552 0.469 0.459 0.542 0.46 0.461 0.443
0.551 0.55 0.459 0.433 0.531 0.428 0.427 0.408
0.565 0.552 0.472 0.493 0.553 0.462 0.46 0.43
0.557 0.553 0.471 0.473 0.557 0.465 0.451 0.419
0.549 0.563 0.508 0.481 0.563 0.438 0.434 0.393
0.557 0.571 0.474 0.47 0.554 0.433 0.429 0.398
0.558 0.556 0.497 0.49 0.553 0.445 0.439 0.407
0.551 0.535 0.456 0.449 0.524 0.433 0.433 0.386
0.555 0.564 0.489 0.457 0.542 0.453 0.453 0.413
0.566 0.568 0.471 0.491 0.566 0.434 0.436 0.414
0.552 0.576 0.476 0.454 0.552 0.434 0.431 0.433
0.577 0.574 0.507 0.49 0.573 0.465 0.457 0.43
0.573 0.581 0.491 0.489 0.582 0.459 0.459 0.443
0.522 0.53 0.456 0.457 0.522 0.421 0.421 0.415
0.565 0.558 0.491 0.477 0.568 0.431 0.429 0.45
0.559 0.556 0.475 0.461 0.553 0.459 0.459 0.419
0.583 0.571 0.483 0.49 0.583 0.445 0.444 0.416
0.591 0.597 0.501 0.484 0.594 0.456 0.458 0.412
0.55 0.548 0.482 0.485 0.549 0.452 0.452 0.42
0.536 0.538 0.486 0.473 0.535 0.444 0.443 0.413
0.566 0.568 0.484 0.48 0.566 0.453 0.45 0.403
0.569 0.573 0.51 0.502 0.577 0.438 0.426 0.4
0.569 0.565 0.467 0.475 0.565 0.457 0.457 0.396
0.548 0.546 0.505 0.476 0.551 0.479 0.478 0.443
0.568 0.57 0.502 0.506 0.578 0.452 0.453 0.447
0.569 0.572 0.489 0.486 0.574 0.479 0.483 0.433
0.582 0.584 0.466 0.487 0.584 0.468 0.47 0.425
0.552 0.565 0.503 0.482 0.555 0.469 0.468 0.434
0.546 0.562 0.456 0.463 0.546 0.463 0.465 0.408
0.545 0.551 0.479 0.485 0.542 0.407 0.411 0.408
0.546 0.545 0.48 0.493 0.558 0.454 0.457 0.43
0.544 0.555 0.47 0.479 0.559 0.466 0.464 0.42
0.578 0.582 0.464 0.474 0.578 0.467 0.461 0.408
0.525 0.548 0.47 0.467 0.526 0.447 0.447 0.423
0.524 0.531 0.46 0.455 0.525 0.463 0.461 0.398
0.598 0.595 0.479 0.461 0.588 0.444 0.442 0.398
0.54 0.548 0.435 0.463 0.542 0.462 0.468 0.396
0.558 0.565 0.47 0.466 0.558 0.478 0.477 0.415
0.562 0.574 0.502 0.453 0.563 0.454 0.454 0.403
0.566 0.561 0.489 0.503 0.568 0.441 0.438 0.381
0.539 0.542 0.472 0.479 0.543 0.44 0.421 0.403
0.56 0.561 0.475 0.482 0.57 0.409 0.409 0.391
0.583 0.579 0.463 0.458 0.574 0.44 0.443 0.403
0.599 0.59 0.464 0.467 0.581 0.453 0.453 0.405
0.564 0.584 0.473 0.484 0.58 0.426 0.431 0.403
0.556 0.554 0.487 0.464 0.555 0.447 0.447 0.403
0.546 0.541 0.476 0.471 0.546 0.474 0.474 0.45
0.553 0.575 0.476 0.491 0.564 0.442 0.439 0.391
0.575 0.593 0.475 0.479 0.575 0.439 0.433 0.396
0.59 0.58 0.492 0.498 0.583 0.417 0.417 0.399
0.583 0.584 0.496 0.491 0.583 0.443 0.45 0.422
0.587 0.601 0.476 0.484 0.591 0.466 0.463 0.439
0.542 0.562 0.476 0.447 0.542 0.429 0.431 0.385
0.579 0.568 0.504 0.493 0.571 0.446 0.435 0.41
0.551 0.562 0.463 0.461 0.558 0.449 0.449 0.409
0.592 0.584 0.481 0.487 0.571 0.462 0.462 0.434
0.589 0.595 0.5 0.497 0.593 0.447 0.433 0.421
0.57 0.576 0.487 0.517 0.578 0.437 0.437 0.416
0.572 0.569 0.476 0.485 0.563 0.459 0.459 0.411
0.576 0.574 0.506 0.5 0.573 0.438 0.432 0.411
0.553 0.556 0.479 0.49 0.556 0.443 0.447 0.432
0.568 0.556 0.485 0.485 0.555 0.458 0.466 0.434
0.553 0.558 0.485 0.469 0.548 0.46 0.458 0.418
0.555 0.562 0.488 0.474 0.573 0.478 0.476 0.424
0.542 0.56 0.465 0.472 0.542 0.437 0.436 0.403
0.579 0.571 0.477 0.482 0.575 0.479 0.479 0.428
0.559 0.565 0.483 0.48 0.56 0.455 0.457 0.418
0.562 0.575 0.481 0.482 0.567 0.437 0.425 0.39
0.599 0.607 0.493 0.488 0.602 0.415 0.417 0.391
0.578 0.56 0.492 0.515 0.578 0.471 0.471 0.445
0.578 0.572 0.471 0.456 0.573 0.471 0.455 0.407
0.563 0.561 0.493 0.495 0.563 0.465 0.456 0.41
0.561 0.571 0.488 0.472 0.568 0.431 0.421 0.404
0.541 0.565 0.488 0.492 0.561 0.463 0.465 0.407
0.535 0.555 0.466 0.477 0.562 0.445 0.439 0.376
0.553 0.565 0.451 0.492 0.554 0.462 0.462 0.42
0.592 0.576 0.462 0.467 0.589 0.447 0.424 0.396
0.532 0.537 0.454 0.468 0.533 0.443 0.444 0.413
0.566 0.545 0.486 0.478 0.54 0.474 0.466 0.435
0.55 0.542 0.483 0.501 0.551 0.455 0.45 0.432
0.596 0.577 0.492 0.528 0.597 0.429 0.415 0.406
0.577 0.577 0.486 0.506 0.568 0.444 0.444 0.412
0.563 0.576 0.474 0.499 0.557 0.441 0.45 0.418
0.583 0.591 0.488 0.486 0.58 0.448 0.443 0.393
0.535 0.55 0.471 0.463 0.535 0.443 0.441 0.436
0.574 0.563 0.501 0.476 0.575 0.462 0.463 0.425
0.547 0.557 0.448 0.451 0.547 0.411 0.41 0.385
0.556 0.571 0.461 0.475 0.559 0.469 0.47 0.408
0.609 0.599 0.473 0.487 0.61 0.43 0.431 0.377
0.573 0.587 0.471 0.497 0.572 0.472 0.469 0.4
0.558 0.571 0.49 0.504 0.558 0.442 0.437 0.378
0.547 0.549 0.458 0.488 0.547 0.462 0.461 0.421
0.579 0.58 0.501 0.446 0.581 0.421 0.419 0.401
0.568 0.567 0.509 0.501 0.568 0.429 0.429 0.405
0.567 0.577 0.465 0.475 0.562 0.455 0.454 0.396
0.571 0.551 0.483 0.481 0.554 0.445 0.432 0.37
0.569 0.558 0.452 0.441 0.539 0.432 0.43 0.389
0.594 0.594 0.479 0.485 0.578 0.443 0.44 0.383
0.585 0.563 0.498 0.501 0.559 0.467 0.456 0.398
0.586 0.576 0.501 0.491 0.573 0.459 0.446 0.399
0.549 0.551 0.476 0.495 0.57 0.44 0.431 0.388
0.57 0.578 0.468 0.49 0.572 0.439 0.438 0.404
0.55 0.56 0.487 0.48 0.573 0.413 0.401 0.394
0.557 0.58 0.477 0.478 0.571 0.468 0.468 0.452
0.565 0.555 0.502 0.506 0.581 0.448 0.445 0.402
0.542 0.555 0.479 0.483 0.555 0.46 0.46 0.436
0.57 0.565 0.514 0.481 0.57 0.434 0.427 0.379
0.571 0.594 0.47 0.492 0.587 0.438 0.428 0.396
0.563 0.573 0.462 0.468 0.565 0.417 0.415 0.384
0.577 0.573 0.512 0.498 0.58 0.455 0.458 0.399
0.516 0.531 0.486 0.487 0.53 0.498 0.498 0.442
0.518 0.532 0.452 0.452 0.519 0.452 0.452 0.404
0.58 0.583 0.471 0.453 0.561 0.446 0.449 0.414
0.558 0.575 0.496 0.491 0.563 0.453 0.451 0.385
0.582 0.569 0.486 0.466 0.561 0.467 0.465 0.441
0.596 0.574 0.473 0.475 0.568 0.458 0.458 0.394
0.587 0.594 0.505 0.505 0.587 0.447 0.448 0.414
0.56 0.572 0.462 0.472 0.566 0.458 0.459 0.418
0.578 0.583 0.501 0.484 0.567 0.43 0.431 0.363
0.563 0.571 0.497 0.492 0.563 0.443 0.447 0.441
0.555 0.56 0.469 0.477 0.563 0.436 0.429 0.423
0.573 0.563 0.496 0.48 0.573 0.463 0.463 0.415
0.554 0.563 0.469 0.477 0.558 0.464 0.464 0.425
0.572 0.572 0.467 0.485 0.577 0.44 0.438 0.428
0.59 0.591 0.484 0.467 0.581 0.441 0.439 0.366
0.577 0.583 0.483 0.491 0.589 0.427 0.416 0.39
0.566 0.563 0.48 0.507 0.564 0.445 0.442 0.4
0.567 0.565 0.474 0.487 0.574 0.416 0.412 0.373
0.57 0.562 0.49 0.497 0.56 0.469 0.462 0.42
0.563 0.587 0.483 0.461 0.57 0.446 0.436 0.41
0.555 0.56 0.478 0.448 0.555 0.423 0.423 0.387
0.577 0.578 0.501 0.491 0.577 0.471 0.471 0.444
0.557 0.537 0.464 0.488 0.542 0.415 0.417 0.411
0.557 0.563 0.475 0.473 0.564 0.487 0.489 0.401
0.566 0.579 0.476 0.446 0.562 0.425 0.416 0.392
0.55 0.566 0.475 0.466 0.556 0.446 0.446 0.387
0.572 0.585 0.502 0.481 0.573 0.465 0.467 0.405
0.573 0.573 0.506 0.49 0.568 0.456 0.455 0.426
0.534 0.564 0.473 0.471 0.534 0.439 0.439 0.424
0.595 0.582 0.487 0.477 0.59 0.428 0.427 0.409
0.554 0.569 0.441 0.465 0.554 0.418 0.425 0.399
0.564 0.568 0.464 0.474 0.545 0.439 0.425 0.396
0.538 0.553 0.452 0.447 0.538 0.436 0.436 0.397
0.562 0.543 0.483 0.49 0.549 0.448 0.457 0.402
0.576 0.587 0.506 0.49 0.584 0.458 0.459 0.42
0.565 0.586 0.5 0.486 0.565 0.43 0.428 0.417
0.549 0.546 0.476 0.459 0.555 0.468 0.459 0.415
0.554 0.562 0.467 0.47 0.553 0.426 0.427 0.4
0.552 0.555 0.455 0.486 0.554 0.437 0.437 0.433
0.593 0.596 0.474 0.488 0.584 0.441 0.44 0.426
0.556 0.575 0.477 0.464 0.555 0.433 0.433 0.395
0.572 0.574 0.464 0.48 0.568 0.481 0.486 0.429
0.527 0.54 0.455 0.473 0.526 0.445 0.445 0.424
0.563 0.557 0.467 0.468 0.556 0.459 0.467 0.43
0.55 0.564 0.468 0.47 0.557 0.455 0.449 0.401
0.565 0.559 0.444 0.469 0.566 0.456 0.457 0.414
0.552 0.568 0.473 0.461 0.57 0.441 0.445 0.396
0.575 0.582 0.461 0.454 0.553 0.424 0.426 0.381
0.573 0.577 0.507 0.476 0.573 0.45 0.444 0.408
0.573 0.58 0.482 0.475 0.581 0.427 0.427 0.372
0.581 0.584 0.488 0.48 0.596 0.421 0.421 0.394
0.546 0.557 0.468 0.467 0.546 0.44 0.441 0.402
0.601 0.597 0.513 0.472 0.603 0.43 0.426 0.387
0.572 0.578 0.481 0.497 0.572 0.467 0.459 0.42
0.536 0.552 0.469 0.495 0.55 0.432 0.432 0.398
0.578 0.583 0.497 0.474 0.578 0.456 0.455 0.412
0.557 0.557 0.475 0.467 0.551 0.459 0.46 0.416
0.568 0.574 0.479 0.511 0.568 0.454 0.459 0.424
0.601 0.612 0.498 0.489 0.609 0.446 0.446 0.423
0.565 0.57 0.465 0.46 0.548 0.458 0.458 0.397
0.582 0.575 0.486 0.505 0.589 0.455 0.455 0.422
0.578 0.58 0.513 0.467 0.578 0.456 0.452 0.411
0.553 0.565 0.48 0.491 0.554 0.429 0.426 0.416
0.548 0.547 0.491 0.49 0.548 0.47 0.461 0.438
0.56 0.564 0.479 0.482 0.56 0.441 0.44 0.439
0.583 0.563 0.486 0.464 0.556 0.466 0.466 0.43
0.557 0.565 0.503 0.473 0.554 0.429 0.401 0.367
0.547 0.562 0.484 0.481 0.554 0.498 0.497 0.427
0.558 0.571 0.471 0.491 0.559 0.455 0.452 0.408
0.563 0.58 0.456 0.472 0.561 0.451 0.447 0.417
0.546 0.566 0.479 0.497 0.57 0.476 0.467 0.417
0.58 0.589 0.488 0.481 0.558 0.47 0.467 0.457
0.565 0.581 0.464 0.486 0.569 0.489 0.488 0.45
0.527 0.544 0.478 0.48 0.539 0.459 0.457 0.394
0.56 0.569 0.494 0.481 0.562 0.465 0.459 0.416
0.551 0.549 0.49 0.482 0.547 0.494 0.489 0.434
0.544 0.575 0.45 0.467 0.549 0.454 0.434 0.373
0.565 0.573 0.49 0.486 0.566 0.448 0.443 0.436
0.584 0.601 0.479 0.466 0.594 0.456 0.456 0.401
0.569 0.58 0.482 0.484 0.565 0.461 0.46 0.407
0.572 0.592 0.485 0.499 0.574 0.44 0.436 0.407
0.585 0.586 0.513 0.462 0.579 0.425 0.427 0.374
0.538 0.537 0.488 0.49 0.543 0.422 0.415 0.377
0.564 0.558 0.473 0.487 0.557 0.456 0.457 0.434
0.556 0.566 0.466 0.469 0.555 0.438 0.439 0.388
0.561 0.552 0.458 0.465 0.559 0.449 0.446 0.418
0.561 0.586 0.466 0.486 0.563 0.465 0.463 0.379
0.549 0.562 0.489 0.468 0.559 0.482 0.484 0.436
0.569 0.576 0.472 0.497 0.561 0.441 0.44 0.433
0.567 0.572 0.491 0.492 0.574 0.473 0.481 0.423
0.577 0.576 0.463 0.469 0.561 0.423 0.411 0.411
0.559 0.558 0.451 0.482 0.558 0.457 0.456 0.413
0.589 0.59 0.493 0.495 0.592 0.435 0.434 0.391
0.578 0.605 0.499 0.505 0.602 0.459 0.461 0.394
0.576 0.598 0.486 0.49 0.58 0.459 0.456 0.45
0.573 0.56 0.469 0.461 0.558 0.468 0.468 0.399
0.56 0.575 0.482 0.495 0.561 0.438 0.439 0.391
0.553 0.565 0.449 0.449 0.562 0.456 0.456 0.401
0.554 0.553 0.479 0.492 0.552 0.422 0.424 0.422
0.582 0.594 0.488 0.493 0.586 0.487 0.487 0.441
0.586 0.577 0.48 0.46 0.573 0.471 0.469 0.429
0.583 0.589 0.503 0.521 0.589 0.441 0.433 0.433
0.569 0.581 0.49 0.465 0.574 0.442 0.442 0.413
0.563 0.571 0.474 0.478 0.563 0.423 0.424 0.41
0.546 0.54 0.47 0.475 0.567 0.462 0.452 0.386
0.551 0.543 0.469 0.494 0.551 0.459 0.458 0.419
0.547 0.554 0.471 0.459 0.548 0.447 0.437 0.409
0.556 0.558 0.489 0.475 0.56 0.48 0.478 0.419
0.553 0.554 0.485 0.478 0.565 0.445 0.45 0.41
0.576 0.565 0.481 0.478 0.548 0.436 0.434 0.417
0.558 0.555 0.482 0.474 0.552 0.436 0.433 0.4
0.57 0.571 0.47 0.467 0.57 0.468 0.457 0.433
0.581 0.578 0.492 0.493 0.6 0.452 0.451 0.387
0.578 0.579 0.498 0.505 0.579 0.419 0.424 0.399
0.553 0.555 0.494 0.487 0.553 0.466 0.461 0.444
0.583 0.588 0.483 0.486 0.583 0.448 0.444 0.407
0.54 0.537 0.449 0.49 0.544 0.457 0.451 0.409
0.556 0.568 0.46 0.472 0.56 0.479 0.482 0.435
0.573 0.568 0.477 0.486 0.573 0.475 0.464 0.445
0.587 0.601 0.496 0.485 0.585 0.469 0.464 0.423
0.611 0.588 0.471 0.49 0.588 0.45 0.44 0.403
0.55 0.573 0.454 0.463 0.558 0.461 0.461 0.442
0.549 0.547 0.468 0.472 0.557 0.432 0.432 0.438
0.551 0.561 0.485 0.489 0.551 0.48 0.478 0.426
0.583 0.598 0.471 0.486 0.584 0.438 0.434 0.399
0.577 0.585 0.452 0.474 0.565 0.419 0.411 0.382
0.538 0.578 0.47 0.474 0.548 0.449 0.443 0.407
0.55 0.523 0.477 0.457 0.534 0.44 0.431 0.392
0.578 0.547 0.469 0.506 0.557 0.409 0.411 0.399
0.557 0.562 0.471 0.454 0.562 0.476 0.472 0.45
0.548 0.569 0.504 0.459 0.548 0.45 0.463 0.411
0.573 0.581 0.455 0.44 0.576 0.418 0.415 0.354
0.573 0.571 0.511 0.497 0.577 0.45 0.447 0.419
0.595 0.596 0.473 0.453 0.575 0.448 0.438 0.399
0.582 0.585 0.482 0.466 0.562 0.456 0.462 0.414
0.547 0.555 0.492 0.457 0.574 0.427 0.427 0.416
0.544 0.554 0.525 0.48 0.55 0.477 0.467 0.431
0.533 0.543 0.444 0.459 0.533 0.489 0.487 0.408
0.586 0.565 0.472 0.446 0.57 0.45 0.449 0.391
0.571 0.559 0.459 0.472 0.571 0.415 0.422 0.402
0.585 0.564 0.498 0.501 0.58 0.464 0.465 0.451
0.598 0.582 0.493 0.509 0.591 0.463 0.459 0.407
0.568 0.58 0.475 0.463 0.571 0.431 0.428 0.372
0.55 0.554 0.474 0.473 0.56 0.441 0.436 0.42
0.55 0.554 0.486 0.479 0.545 0.446 0.447 0.425
0.599 0.588 0.498 0.533 0.579 0.457 0.444 0.408
0.562 0.557 0.49 0.468 0.555 0.433 0.449 0.413
0.56 0.559 0.491 0.486 0.56 0.448 0.452 0.393
0.549 0.546 0.508 0.51 0.55 0.41 0.419 0.393
0.565 0.565 0.461 0.488 0.566 0.447 0.444 0.436
0.572 0.584 0.493 0.457 0.572 0.447 0.447 0.4
0.547 0.535 0.48 0.478 0.534 0.445 0.443 0.411
0.562 0.554 0.479 0.476 0.564 0.458 0.456 0.433
0.523 0.528 0.483 0.454 0.526 0.466 0.458 0.414
0.544 0.549 0.474 0.463 0.545 0.477 0.472 0.432
0.563 0.564 0.521 0.483 0.563 0.463 0.463 0.449
0.569 0.561 0.504 0.506 0.575 0.462 0.467 0.442
0.574 0.587 0.485 0.457 0.575 0.452 0.45 0.4
0.573 0.567 0.472 0.496 0.563 0.461 0.45 0.424
0.541 0.548 0.474 0.482 0.541 0.449 0.438 0.39
0.567 0.569 0.489 0.49 0.57 0.467 0.469 0.445
0.571 0.581 0.489 0.496 0.573 0.464 0.453 0.368
0.57 0.57 0.466 0.481 0.555 0.439 0.44 0.423
0.574 0.588 0.498 0.479 0.577 0.446 0.446 0.402
0.572 0.58 0.504 0.482 0.564 0.46 0.459 0.399
0.584 0.602 0.49 0.502 0.587 0.476 0.475 0.45
0.553 0.569 0.479 0.502 0.553 0.451 0.449 0.405
0.587 0.605 0.479 0.487 0.6 0.412 0.409 0.376
0.553 0.568 0.48 0.48 0.566 0.478 0.478 0.412
0.546 0.541 0.477 0.506 0.555 0.45 0.453 0.43
0.556 0.58 0.47 0.481 0.565 0.45 0.452 0.412
0.548 0.56 0.46 0.468 0.549 0.444 0.441 0.411
0.583 0.582 0.494 0.495 0.579 0.457 0.462 0.379
0.578 0.583 0.494 0.458 0.578 0.469 0.452 0.403
0.572 0.568 0.472 0.465 0.568 0.45 0.45 0.384
0.564 0.542 0.496 0.49 0.551 0.478 0.475 0.427
0.526 0.532 0.434 0.463 0.526 0.457 0.448 0.389
0.543 0.547 0.477 0.463 0.543 0.45 0.446 0.402
0.569 0.589 0.499 0.49 0.586 0.447 0.446 0.394
0.596 0.586 0.503 0.488 0.587 0.442 0.442 0.421
0.57 0.593 0.465 0.463 0.581 0.455 0.454 0.402
0.573 0.581 0.442 0.442 0.558 0.448 0.436 0.383
0.591 0.597 0.491 0.495 0.591 0.459 0.458 0.423
0.558 0.555 0.469 0.48 0.558 0.471 0.471 0.419
0.568 0.572 0.477 0.475 0.558 0.465 0.459 0.426
0.551 0.57 0.483 0.497 0.557 0.431 0.428 0.431
0.514 0.534 0.467 0.459 0.515 0.454 0.45 0.405
0.544 0.56 0.488 0.451 0.548 0.434 0.434 0.408
0.575 0.575 0.498 0.476 0.578 0.43 0.429 0.401
0.569 0.559 0.463 0.448 0.563 0.417 0.417 0.402
0.549 0.534 0.476 0.461 0.535 0.458 0.453 0.407
0.582 0.581 0.46 0.469 0.567 0.441 0.434 0.38
0.581 0.591 0.461 0.501 0.58 0.432 0.431 0.401
0.584 0.567 0.517 0.487 0.585 0.423 0.432 0.422
0.562 0.561 0.496 0.465 0.561 0.465 0.466 0.421
0.571 0.582 0.489 0.465 0.574 0.461 0.45 0.414
0.547 0.551 0.496 0.492 0.56 0.454 0.453 0.453
0.566 0.572 0.466 0.466 0.557 0.436 0.425 0.419
0.553 0.559 0.479 0.497 0.575 0.462 0.462 0.433
0.577 0.59 0.474 0.479 0.578 0.455 0.455 0.409
0.541 0.563 0.483 0.479 0.557 0.448 0.449 0.398
0.555 0.57 0.444 0.458 0.544 0.482 0.476 0.404
0.573 0.575 0.494 0.505 0.573 0.401 0.401 0.413
0.553 0.554 0.478 0.465 0.553 0.444 0.436 0.444
0.599 0.601 0.486 0.519 0.607 0.437 0.437 0.404
0.546 0.546 0.461 0.421 0.529 0.426 0.429 0.386
0.578 0.592 0.492 0.506 0.593 0.451 0.441 0.408
0.558 0.552 0.476 0.457 0.553 0.451 0.454 0.392
0.54 0.545 0.439 0.484 0.559 0.437 0.438 0.405
0.563 0.56 0.447 0.455 0.546 0.465 0.467 0.393
0.598 0.598 0.469 0.495 0.592 0.444 0.441 0.413
0.56 0.541 0.478 0.474 0.56 0.489 0.486 0.421
0.55 0.56 0.475 0.486 0.543 0.462 0.462 0.418
0.567 0.544 0.486 0.505 0.559 0.462 0.462 0.452
0.576 0.577 0.485 0.472 0.575 0.456 0.457 0.445
0.53 0.542 0.451 0.444 0.526 0.455 0.45 0.401
0.572 0.597 0.514 0.491 0.587 0.5 0.5 0.445
0.549 0.557 0.475 0.471 0.543 0.482 0.483 0.426
0.585 0.586 0.493 0.499 0.582 0.473 0.473 0.409
0.583 0.593 0.496 0.475 0.596 0.472 0.473 0.423
0.508 0.526 0.434 0.44 0.503 0.449 0.455 0.431
0.549 0.554 0.478 0.486 0.557 0.436 0.432 0.387
0.562 0.58 0.489 0.482 0.574 0.456 0.462 0.402
0.556 0.559 0.483 0.467 0.55 0.451 0.449 0.437
0.557 0.567 0.503 0.477 0.566 0.436 0.437 0.386
0.573 0.57 0.483 0.471 0.57 0.462 0.456 0.392
0.555 0.57 0.469 0.476 0.561 0.447 0.447 0.414
0.58 0.584 0.488 0.483 0.58 0.439 0.434 0.381
0.547 0.558 0.483 0.48 0.554 0.441 0.436 0.414
0.558 0.562 0.471 0.506 0.559 0.446 0.444 0.396
0.589 0.575 0.458 0.485 0.57 0.451 0.451 0.381
0.565 0.551 0.479 0.461 0.55 0.443 0.435 0.395
0.575 0.581 0.488 0.501 0.579 0.437 0.437 0.42
0.53 0.528 0.474 0.462 0.528 0.456 0.455 0.392
0.569 0.582 0.482 0.464 0.572 0.444 0.444 0.394
0.578 0.592 0.508 0.498 0.591 0.434 0.433 0.385
0.541 0.534 0.463 0.456 0.545 0.448 0.443 0.411
0.577 0.59 0.471 0.467 0.572 0.437 0.426 0.384
0.544 0.544 0.449 0.451 0.544 0.416 0.422 0.387
0.558 0.566 0.49 0.478 0.553 0.448 0.459 0.441
0.546 0.554 0.465 0.483 0.561 0.444 0.448 0.408
0.565 0.568 0.491 0.498 0.572 0.453 0.469 0.413
0.568 0.584 0.459 0.473 0.568 0.472 0.465 0.397
0.539 0.559 0.459 0.465 0.545 0.447 0.445 0.412
0.558 0.572 0.476 0.497 0.557 0.447 0.441 0.396
0.559 0.564 0.472 0.453 0.548 0.49 0.492 0.447
0.584 0.565 0.488 0.505 0.583 0.449 0.448 0.429
0.545 0.559 0.418 0.466 0.545 0.433 0.426 0.386
0.549 0.557 0.48 0.464 0.542 0.44 0.434 0.407
0.59 0.598 0.494 0.498 0.595 0.446 0.446 0.393
0.566 0.558 0.494 0.481 0.566 0.478 0.476 0.407
0.559 0.56 0.47 0.489 0.561 0.46 0.46 0.42
0.539 0.545 0.45 0.461 0.54 0.469 0.466 0.424
0.562 0.564 0.475 0.489 0.561 0.457 0.457 0.415
0.546 0.556 0.459 0.468 0.546 0.455 0.447 0.417
0.596 0.602 0.51 0.51 0.608 0.458 0.467 0.431
0.572 0.571 0.476 0.485 0.561 0.458 0.461 0.45
0.551 0.559 0.496 0.447 0.557 0.433 0.43 0.377
0.573 0.576 0.512 0.497 0.572 0.432 0.424 0.406
0.551 0.566 0.493 0.502 0.567 0.463 0.463 0.427
0.551 0.557 0.496 0.477 0.545 0.462 0.461 0.428
0.586 0.59 0.502 0.487 0.582 0.399 0.399 0.396
0.575 0.595 0.476 0.492 0.577 0.445 0.433 0.384
0.58 0.579 0.499 0.489 0.58 0.468 0.46 0.42
0.575 0.579 0.514 0.474 0.57 0.422 0.422 0.407
0.579 0.56 0.501 0.507 0.583 0.469 0.459 0.43
0.583 0.586 0.502 0.481 0.583 0.43 0.429 0.414
0.566 0.565 0.482 0.485 0.568 0.449 0.45 0.401
0.569 0.574 0.492 0.448 0.551 0.476 0.473 0.408
0.533 0.561 0.47 0.474 0.544 0.483 0.484 0.435
0.597 0.599 0.49 0.472 0.591 0.451 0.445 0.38
0.564 0.559 0.471 0.495 0.561 0.45 0.443 0.43
0.587 0.573 0.522 0.524 0.586 0.466 0.467 0.433
0.569 0.579 0.477 0.484 0.57 0.455 0.453 0.423
0.554 0.551 0.487 0.486 0.556 0.438 0.432 0.438
0.543 0.574 0.44 0.454 0.543 0.474 0.463 0.384
0.569 0.572 0.487 0.469 0.568 0.451 0.425 0.393
0.555 0.56 0.501 0.464 0.556 0.456 0.456 0.423
0.572 0.583 0.498 0.504 0.576 0.494 0.489 0.466
0.577 0.567 0.483 0.476 0.567 0.453 0.453 0.423
0.56 0.552 0.49 0.472 0.56 0.432 0.429 0.406
0.556 0.562 0.472 0.487 0.58 0.442 0.442 0.429
0.569 0.57 0.475 0.485 0.578 0.458 0.459 0.397
0.574 0.577 0.494 0.492 0.57 0.417 0.423 0.401
0.539 0.554 0.437 0.464 0.543 0.441 0.438 0.417
0.548 0.566 0.446 0.47 0.553 0.463 0.463 0.422
0.546 0.553 0.474 0.449 0.552 0.436 0.423 0.376
0.556 0.571 0.479 0.476 0.556 0.455 0.449 0.424
0.541 0.553 0.453 0.437 0.54 0.499 0.498 0.446
0.567 0.564 0.482 0.484 0.562 0.444 0.445 0.405
0.58 0.565 0.502 0.49 0.572 0.469 0.469 0.428
0.546 0.56 0.47 0.484 0.558 0.432 0.431 0.424
0.58 0.592 0.488 0.48 0.552 0.453 0.444 0.375
0.557 0.56 0.467 0.477 0.551 0.456 0.458 0.417
0.556 0.551 0.453 0.464 0.533 0.461 0.459 0.427
0.573 0.548 0.48 0.485 0.572 0.411 0.4 0.377
0.573 0.583 0.477 0.456 0.573 0.437 0.437 0.396
0.58 0.59 0.496 0.504 0.598 0.46 0.458 0.398
0.546 0.544 0.463 0.469 0.53 0.43 0.424 0.38
0.586 0.597 0.483 0.485 0.586 0.443 0.429 0.386
0.539 0.539 0.483 0.478 0.541 0.458 0.452 0.416
0.562 0.585 0.458 0.49 0.562 0.449 0.447 0.41
0.552 0.55 0.488 0.463 0.542 0.45 0.463 0.432
0.54 0.555 0.476 0.472 0.54 0.46 0.447 0.416
0.543 0.554 0.472 0.481 0.544 0.438 0.432 0.41
0.539 0.559 0.452 0.452 0.539 0.455 0.431 0.413
0.541 0.565 0.503 0.475 0.54 0.467 0.467 0.418
0.572 0.569 0.462 0.478 0.559 0.448 0.448 0.399
0.592 0.587 0.486 0.519 0.588 0.452 0.45 0.411
0.56 0.589 0.443 0.496 0.577 0.441 0.436 0.406
0.562 0.577 0.491 0.483 0.557 0.458 0.445 0.392
0.578 0.576 0.456 0.503 0.577 0.451 0.454 0.44
0.577 0.572 0.494 0.476 0.572 0.446 0.447 0.46
0.547 0.565 0.459 0.458 0.552 0.418 0.421 0.398
0.565 0.575 0.475 0.488 0.563 0.418 0.419 0.404
0.573 0.595 0.498 0.484 0.585 0.431 0.431 0.405
0.564 0.573 0.45 0.451 0.563 0.46 0.465 0.439
0.566 0.571 0.478 0.482 0.566 0.463 0.468 0.398
0.582 0.582 0.503 0.501 0.577 0.449 0.448 0.409
0.555 0.594 0.484 0.485 0.578 0.428 0.427 0.399
0.568 0.557 0.469 0.483 0.562 0.466 0.457 0.395
0.59 0.585 0.519 0.493 0.582 0.475 0.475 0.428
0.568 0.563 0.498 0.513 0.565 0.476 0.462 0.4
0.543 0.551 0.458 0.44 0.547 0.455 0.454 0.428
0.561 0.566 0.486 0.489 0.568 0.447 0.451 0.406
0.569 0.574 0.466 0.474 0.571 0.488 0.488 0.434
0.574 0.573 0.469 0.471 0.581 0.433 0.433 0.42
0.562 0.59 0.465 0.5 0.585 0.418 0.418 0.386
0.541 0.539 0.474 0.485 0.537 0.455 0.456 0.435
0.538 0.549 0.473 0.466 0.54 0.453 0.448 0.437
0.589 0.593 0.497 0.515 0.605 0.451 0.448 0.403
0.595 0.601 0.49 0.498 0.587 0.44 0.443 0.4
0.563 0.576 0.485 0.49 0.563 0.439 0.434 0.411
0.543 0.543 0.461 0.47 0.547 0.474 0.462 0.438
0.558 0.563 0.473 0.452 0.558 0.483 0.494 0.43
0.541 0.566 0.503 0.499 0.564 0.442 0.442 0.412
0.575 0.586 0.472 0.468 0.576 0.463 0.468 0.405
0.565 0.585 0.475 0.486 0.565 0.461 0.458 0.41
0.575 0.594 0.506 0.493 0.587 0.469 0.479 0.414
0.544 0.571 0.456 0.461 0.544 0.484 0.483 0.421
0.564 0.567 0.457 0.473 0.57 0.444 0.427 0.397
0.561 0.569 0.492 0.483 0.568 0.467 0.467 0.416
0.55 0.555 0.489 0.485 0.551 0.467 0.467 0.413
0.563 0.572 0.48 0.485 0.563 0.473 0.465 0.447
0.56 0.567 0.48 0.495 0.564 0.446 0.441 0.417
0.591 0.588 0.511 0.491 0.59 0.454 0.454 0.396
0.551 0.558 0.502 0.481 0.56 0.472 0.472 0.434
0.557 0.553 0.482 0.481 0.55 0.475 0.473 0.44
0.563 0.583 0.473 0.471 0.564 0.473 0.474 0.414
0.557 0.556 0.495 0.49 0.557 0.463 0.457 0.406
0.569 0.576 0.507 0.491 0.577 0.455 0.46 0.43
0.547 0.548 0.475 0.477 0.558 0.457 0.457 0.407
0.592 0.589 0.484 0.48 0.581 0.442 0.442 0.407
0.58 0.587 0.488 0.482 0.58 0.454 0.444 0.398
0.535 0.547 0.451 0.476 0.541 0.459 0.454 0.415
0.544 0.552 0.455 0.457 0.541 0.454 0.446 0.395
0.56 0.557 0.484 0.467 0.555 0.432 0.433 0.426
0.554 0.564 0.472 0.491 0.554 0.454 0.443 0.434
0.577 0.572 0.496 0.475 0.572 0.464 0.465 0.417
0.58 0.566 0.491 0.496 0.573 0.483 0.487 0.442
0.58 0.586 0.475 0.488 0.579 0.47 0.466 0.403
0.547 0.565 0.479 0.476 0.553 0.457 0.445 0.428
0.57 0.563 0.512 0.49 0.572 0.442 0.441 0.419
0.578 0.57 0.486 0.507 0.564 0.465 0.464 0.42
0.586 0.583 0.514 0.482 0.572 0.5 0.496 0.444
0.57 0.554 0.487 0.499 0.569 0.464 0.464 0.436
0.577 0.578 0.499 0.508 0.579 0.454 0.444 0.4
0.542 0.545 0.478 0.475 0.541 0.455 0.449 0.426
0.551 0.549 0.478 0.494 0.562 0.437 0.439 0.435
0.571 0.58 0.492 0.462 0.571 0.444 0.449 0.403
0.548 0.543 0.475 0.488 0.549 0.421 0.421 0.382
0.568 0.557 0.504 0.508 0.562 0.48 0.467 0.413
0.545 0.552 0.457 0.485 0.542 0.451 0.444 0.394
0.555 0.554 0.466 0.467 0.541 0.464 0.46 0.41
0.604 0.599 0.506 0.487 0.602 0.419 0.417 0.396
0.56 0.574 0.469 0.474 0.561 0.461 0.46 0.409
0.58 0.564 0.496 0.471 0.556 0.47 0.47 0.412
0.562 0.566 0.483 0.498 0.572 0.492 0.492 0.443
0.61 0.612 0.499 0.498 0.59 0.451 0.45 0.391
0.554 0.576 0.478 0.466 0.575 0.484 0.483 0.407
0.561 0.553 0.477 0.485 0.552 0.433 0.432 0.395
0.554 0.577 0.495 0.47 0.565 0.461 0.449 0.389
0.581 0.595 0.475 0.52 0.585 0.48 0.478 0.439
0.573 0.581 0.494 0.487 0.573 0.452 0.458 0.408
0.55 0.539 0.459 0.457 0.53 0.408 0.406 0.403
0.558 0.565 0.464 0.45 0.555 0.474 0.486 0.424
0.57 0.569 0.473 0.44 0.571 0.471 0.472 0.423
0.571 0.566 0.487 0.528 0.583 0.462 0.459 0.417
0.58 0.584 0.502 0.489 0.576 0.459 0.452 0.421
0.563 0.569 0.48 0.459 0.565 0.448 0.438 0.413
0.55 0.545 0.486 0.493 0.551 0.475 0.474 0.418
0.571 0.579 0.481 0.468 0.582 0.455 0.455 0.405
0.61 0.601 0.504 0.493 0.607 0.435 0.434 0.395
0.57 0.562 0.494 0.486 0.57 0.45 0.45 0.42
0.57 0.578 0.48 0.468 0.57 0.428 0.426 0.368
0.539 0.535 0.487 0.489 0.562 0.435 0.442 0.412
0.58 0.58 0.502 0.467 0.587 0.437 0.437 0.421
0.569 0.568 0.474 0.458 0.556 0.438 0.432 0.391
