0.614 0.614 0.502 0.497 0.614 0.468 0.469 0.465
0.61 0.61 0.51 0.49 0.61 0.475 0.475 0.583
0.611 0.611 0.49 0.479 0.611 0.461 0.46 0.584
0.602 0.602 0.505 0.491 0.602 0.485 0.484 0.514
0.632 0.632 0.543 0.501 0.632 0.458 0.453 0.468
0.651 0.651 0.504 0.483 0.651 0.446 0.446 0.482
0.6 0.6 0.503 0.506 0.6 0.515 0.514 0.575
0.62 0.62 0.493 0.484 0.62 0.444 0.443 0.536
0.643 0.643 0.5 0.542 0.643 0.431 0.431 0.518
0.618 0.618 0.506 0.477 0.618 0.457 0.453 0.519
0.613 0.613 0.468 0.506 0.613 0.489 0.491 0.58
0.603 0.603 0.517 0.478 0.603 0.479 0.476 0.531
0.635 0.635 0.495 0.509 0.635 0.457 0.457 0.497
0.629 0.629 0.48 0.473 0.629 0.443 0.447 0.458
0.629 0.629 0.518 0.5 0.629 0.465 0.463 0.514
0.613 0.613 0.496 0.536 0.613 0.485 0.485 0.537
0.639 0.639 0.482 0.512 0.639 0.422 0.421 0.531
0.607 0.607 0.495 0.496 0.607 0.475 0.476 0.535
0.587 0.587 0.506 0.493 0.587 0.485 0.483 0.519
0.627 0.627 0.49 0.52 0.627 0.472 0.472 0.551
0.608 0.608 0.499 0.498 0.608 0.479 0.482 0.568
0.64 0.64 0.474 0.504 0.64 0.438 0.438 0.529
0.593 0.593 0.488 0.519 0.593 0.499 0.499 0.557
0.636 0.636 0.508 0.492 0.636 0.447 0.447 0.495
0.611 0.611 0.487 0.496 0.611 0.475 0.471 0.554
0.609 0.609 0.522 0.494 0.609 0.476 0.477 0.57
0.611 0.611 0.514 0.502 0.611 0.456 0.456 0.507
0.612 0.612 0.501 0.516 0.612 0.423 0.425 0.514
0.61 0.61 0.507 0.524 0.61 0.488 0.487 0.564
0.609 0.609 0.528 0.512 0.609 0.479 0.476 0.575
0.62 0.62 0.492 0.499 0.62 0.452 0.447 0.467
0.619 0.619 0.498 0.498 0.619 0.428 0.428 0.502
0.605 0.605 0.489 0.469 0.605 0.481 0.48 0.559
0.597 0.597 0.498 0.518 0.597 0.459 0.46 0.49
0.628 0.628 0.49 0.485 0.628 0.451 0.45 0.48
0.621 0.621 0.504 0.49 0.621 0.456 0.454 0.555
0.605 0.605 0.524 0.486 0.605 0.473 0.476 0.525
0.601 0.601 0.502 0.502 0.601 0.495 0.497 0.596
0.625 0.625 0.5 0.518 0.625 0.435 0.432 0.524
0.62 0.62 0.483 0.481 0.62 0.472 0.476 0.499
0.616 0.616 0.51 0.506 0.616 0.473 0.472 0.525
0.656 0.656 0.492 0.485 0.656 0.483 0.482 0.587
0.594 0.594 0.494 0.494 0.594 0.467 0.469 0.525
0.606 0.606 0.515 0.522 0.606 0.477 0.478 0.5
0.62 0.62 0.52 0.492 0.62 0.46 0.459 0.527
0.606 0.606 0.513 0.488 0.606 0.472 0.474 0.516
0.604 0.604 0.517 0.508 0.604 0.485 0.485 0.525
0.605 0.605 0.491 0.493 0.605 0.468 0.465 0.506
0.639 0.639 0.485 0.488 0.639 0.438 0.434 0.505
0.61 0.61 0.505 0.511 0.61 0.472 0.47 0.534
0.612 0.612 0.489 0.485 0.612 0.462 0.458 0.509
0.616 0.616 0.483 0.505 0.616 0.489 0.489 0.537
0.611 0.611 0.522 0.484 0.611 0.494 0.494 0.544
0.605 0.605 0.522 0.466 0.605 0.483 0.484 0.526
0.592 0.592 0.502 0.496 0.592 0.453 0.454 0.515
0.588 0.588 0.507 0.506 0.588 0.483 0.484 0.559
0.609 0.609 0.503 0.504 0.609 0.463 0.458 0.526
0.604 0.604 0.497 0.492 0.604 0.491 0.491 0.559
0.622 0.622 0.503 0.525 0.622 0.495 0.494 0.584
0.595 0.595 0.492 0.51 0.595 0.469 0.468 0.512
0.611 0.611 0.507 0.517 0.611 0.468 0.465 0.535
0.647 0.647 0.476 0.483 0.647 0.47 0.47 0.521
0.622 0.622 0.51 0.478 0.622 0.498 0.5 0.585
0.627 0.627 0.497 0.478 0.627 0.473 0.472 0.51
0.62 0.62 0.482 0.473 0.62 0.482 0.482 0.592
0.616 0.616 0.485 0.47 0.616 0.498 0.497 0.573
0.601 0.601 0.521 0.505 0.601 0.476 0.476 0.574
0.578 0.578 0.495 0.497 0.578 0.475 0.471 0.547
0.598 0.598 0.491 0.488 0.598 0.468 0.473 0.548
0.612 0.612 0.525 0.511 0.612 0.479 0.478 0.553
0.611 0.611 0.492 0.495 0.611 0.468 0.467 0.548
0.594 0.594 0.466 0.494 0.594 0.464 0.465 0.564
0.632 0.632 0.479 0.487 0.632 0.451 0.454 0.517
0.599 0.599 0.486 0.498 0.599 0.49 0.488 0.574
0.595 0.595 0.487 0.519 0.595 0.477 0.479 0.514
0.581 0.581 0.537 0.488 0.581 0.473 0.473 0.511
0.606 0.606 0.482 0.51 0.606 0.482 0.48 0.573
0.612 0.612 0.502 0.486 0.612 0.471 0.475 0.539
0.617 0.617 0.498 0.463 0.617 0.456 0.452 0.495
0.629 0.629 0.481 0.472 0.629 0.469 0.467 0.506
0.629 0.629 0.492 0.484 0.629 0.466 0.468 0.548
0.617 0.617 0.511 0.525 0.617 0.434 0.436 0.551
0.617 0.617 0.492 0.5 0.617 0.508 0.504 0.577
0.598 0.598 0.526 0.5 0.598 0.438 0.441 0.499
0.604 0.604 0.493 0.492 0.604 0.469 0.47 0.564
0.606 0.606 0.493 0.495 0.606 0.487 0.488 0.546
0.597 0.597 0.501 0.503 0.597 0.451 0.451 0.493
0.63 0.63 0.503 0.531 0.63 0.465 0.464 0.513
0.589 0.589 0.473 0.494 0.589 0.491 0.493 0.566
0.609 0.609 0.509 0.492 0.609 0.46 0.46 0.506
0.564 0.564 0.521 0.481 0.564 0.512 0.511 0.536
0.627 0.627 0.511 0.497 0.627 0.425 0.425 0.455
0.607 0.607 0.531 0.468 0.607 0.467 0.47 0.526
0.624 0.624 0.492 0.507 0.624 0.493 0.49 0.551
0.624 0.624 0.49 0.511 0.624 0.452 0.451 0.495
0.611 0.611 0.449 0.49 0.611 0.467 0.464 0.523
0.61 0.61 0.495 0.488 0.61 0.472 0.469 0.534
0.612 0.612 0.498 0.499 0.612 0.474 0.476 0.541
0.625 0.625 0.489 0.486 0.625 0.446 0.444 0.493
0.619 0.619 0.505 0.476 0.619 0.467 0.466 0.52
0.63 0.63 0.511 0.488 0.63 0.459 0.46 0.564
0.614 0.614 0.481 0.493 0.614 0.452 0.449 0.495
0.641 0.641 0.477 0.497 0.641 0.442 0.443 0.52
0.628 0.628 0.465 0.539 0.628 0.506 0.509 0.569
0.615 0.615 0.495 0.482 0.615 0.47 0.468 0.56
0.616 0.616 0.497 0.507 0.616 0.483 0.481 0.547
0.625 0.625 0.528 0.466 0.625 0.465 0.465 0.54
0.604 0.604 0.494 0.536 0.604 0.467 0.468 0.553
0.587 0.587 0.52 0.506 0.587 0.491 0.489 0.572
0.577 0.577 0.499 0.49 0.577 0.475 0.474 0.53
0.588 0.588 0.522 0.5 0.588 0.497 0.495 0.537
0.591 0.591 0.489 0.495 0.591 0.471 0.474 0.516
0.625 0.625 0.484 0.481 0.625 0.479 0.475 0.538
0.609 0.609 0.495 0.467 0.609 0.47 0.472 0.557
0.62 0.62 0.495 0.52 0.62 0.466 0.465 0.548
0.604 0.604 0.502 0.524 0.604 0.466 0.461 0.553
0.636 0.636 0.5 0.474 0.636 0.467 0.467 0.547
0.598 0.598 0.534 0.509 0.598 0.465 0.463 0.559
0.618 0.618 0.496 0.531 0.618 0.461 0.463 0.489
0.594 0.594 0.49 0.49 0.594 0.442 0.444 0.525
0.606 0.606 0.517 0.512 0.606 0.45 0.446 0.493
0.604 0.604 0.473 0.508 0.604 0.483 0.481 0.558
0.612 0.612 0.493 0.492 0.612 0.489 0.484 0.536
0.614 0.614 0.482 0.527 0.614 0.47 0.471 0.512
0.612 0.612 0.512 0.495 0.612 0.451 0.452 0.515
0.63 0.63 0.476 0.497 0.63 0.463 0.463 0.567
0.62 0.62 0.511 0.509 0.62 0.47 0.468 0.555
0.606 0.606 0.506 0.477 0.606 0.463 0.463 0.517
0.616 0.616 0.516 0.501 0.616 0.427 0.421 0.482
0.619 0.619 0.499 0.465 0.619 0.491 0.488 0.592
0.596 0.596 0.506 0.511 0.596 0.474 0.477 0.533
0.641 0.641 0.484 0.501 0.641 0.469 0.466 0.509
0.641 0.641 0.491 0.459 0.641 0.441 0.437 0.441
0.62 0.62 0.497 0.488 0.62 0.434 0.44 0.496
0.589 0.589 0.503 0.51 0.589 0.483 0.478 0.544
0.597 0.597 0.536 0.467 0.597 0.495 0.494 0.521
0.601 0.601 0.486 0.532 0.601 0.497 0.497 0.558
0.587 0.587 0.489 0.489 0.587 0.487 0.485 0.558
0.617 0.617 0.506 0.502 0.617 0.469 0.467 0.582
0.614 0.614 0.496 0.506 0.614 0.466 0.463 0.53
0.609 0.609 0.448 0.506 0.609 0.493 0.495 0.587
0.613 0.613 0.48 0.499 0.613 0.45 0.447 0.488
0.614 0.614 0.497 0.53 0.614 0.48 0.488 0.564
0.629 0.629 0.477 0.497 0.629 0.42 0.418 0.465
0.615 0.615 0.533 0.485 0.615 0.465 0.466 0.558
0.619 0.619 0.497 0.486 0.619 0.442 0.443 0.494
0.627 0.627 0.51 0.497 0.627 0.457 0.459 0.531
0.612 0.612 0.518 0.491 0.612 0.468 0.464 0.53
0.615 0.615 0.508 0.466 0.615 0.489 0.488 0.539
0.594 0.594 0.497 0.451 0.594 0.47 0.47 0.536
0.609 0.609 0.506 0.517 0.609 0.467 0.462 0.546
0.592 0.592 0.491 0.499 0.592 0.455 0.454 0.577
0.625 0.625 0.491 0.501 0.625 0.5 0.5 0.586
0.615 0.615 0.496 0.479 0.615 0.476 0.473 0.56
0.578 0.578 0.473 0.539 0.578 0.463 0.466 0.526
0.613 0.613 0.531 0.497 0.613 0.455 0.46 0.58
0.607 0.607 0.498 0.485 0.607 0.479 0.478 0.564
0.612 0.612 0.502 0.47 0.612 0.493 0.491 0.579
0.613 0.613 0.524 0.494 0.613 0.487 0.488 0.56
0.649 0.649 0.519 0.496 0.649 0.464 0.463 0.586
0.634 0.634 0.482 0.489 0.634 0.476 0.478 0.57
0.643 0.643 0.499 0.485 0.643 0.453 0.452 0.503
0.618 0.618 0.491 0.53 0.618 0.49 0.489 0.585
0.64 0.64 0.465 0.512 0.64 0.427 0.43 0.492
0.605 0.605 0.519 0.537 0.605 0.474 0.476 0.554
0.626 0.626 0.495 0.509 0.626 0.461 0.46 0.501
0.617 0.617 0.513 0.485 0.617 0.459 0.46 0.555
0.629 0.629 0.499 0.502 0.629 0.445 0.444 0.497
0.623 0.623 0.509 0.485 0.623 0.477 0.477 0.537
0.6 0.6 0.519 0.477 0.6 0.488 0.482 0.541
0.64 0.64 0.498 0.491 0.64 0.491 0.489 0.571
0.598 0.598 0.502 0.502 0.598 0.471 0.47 0.516
0.62 0.62 0.503 0.499 0.62 0.465 0.464 0.534
0.616 0.616 0.528 0.49 0.616 0.45 0.451 0.533
0.597 0.597 0.497 0.504 0.597 0.475 0.477 0.54
0.629 0.629 0.485 0.502 0.629 0.449 0.451 0.568
0.632 0.632 0.503 0.511 0.632 0.452 0.448 0.494
0.617 0.617 0.513 0.507 0.617 0.466 0.466 0.535
0.621 0.621 0.496 0.522 0.621 0.473 0.475 0.568
0.627 0.627 0.513 0.481 0.627 0.453 0.448 0.474
0.618 0.618 0.498 0.482 0.618 0.474 0.475 0.537
0.637 0.637 0.501 0.523 0.637 0.454 0.454 0.517
0.615 0.615 0.486 0.486 0.615 0.487 0.484 0.563
0.617 0.617 0.493 0.494 0.617 0.475 0.477 0.53
0.619 0.619 0.506 0.505 0.619 0.444 0.441 0.493
0.582 0.582 0.484 0.506 0.582 0.495 0.501 0.58
0.61 0.61 0.508 0.496 0.61 0.439 0.439 0.516
0.587 0.587 0.489 0.485 0.587 0.47 0.47 0.558
0.625 0.625 0.508 0.473 0.625 0.475 0.474 0.53
0.587 0.587 0.509 0.488 0.587 0.478 0.48 0.485
0.636 0.636 0.48 0.469 0.636 0.459 0.46 0.495
0.618 0.618 0.481 0.505 0.618 0.447 0.442 0.488
0.618 0.618 0.466 0.502 0.618 0.491 0.495 0.56
0.585 0.585 0.488 0.483 0.585 0.456 0.459 0.535
0.626 0.626 0.503 0.514 0.626 0.435 0.433 0.58
0.603 0.603 0.498 0.484 0.603 0.471 0.47 0.52
0.616 0.616 0.483 0.481 0.616 0.472 0.471 0.525
0.595 0.595 0.496 0.509 0.595 0.471 0.47 0.484
0.612 0.612 0.495 0.51 0.612 0.463 0.46 0.496
0.609 0.609 0.469 0.503 0.609 0.487 0.484 0.547
0.6 0.6 0.528 0.516 0.6 0.478 0.479 0.558
0.621 0.621 0.523 0.465 0.621 0.45 0.448 0.514
0.598 0.598 0.505 0.494 0.598 0.458 0.458 0.524
0.603 0.603 0.497 0.499 0.603 0.486 0.486 0.551
0.617 0.617 0.481 0.496 0.617 0.439 0.44 0.473
0.604 0.604 0.544 0.495 0.604 0.482 0.484 0.586
0.611 0.611 0.513 0.501 0.611 0.456 0.456 0.535
0.612 0.612 0.485 0.497 0.612 0.476 0.474 0.577
0.583 0.583 0.492 0.498 0.583 0.497 0.496 0.533
0.6 0.6 0.487 0.495 0.6 0.467 0.462 0.513
0.606 0.606 0.51 0.52 0.606 0.443 0.442 0.452
0.594 0.594 0.5 0.524 0.594 0.471 0.468 0.523
0.607 0.607 0.526 0.503 0.607 0.469 0.464 0.528
0.588 0.588 0.509 0.494 0.588 0.501 0.5 0.54
0.6 0.6 0.499 0.49 0.6 0.519 0.519 0.538
0.621 0.621 0.515 0.507 0.621 0.435 0.434 0.465
0.625 0.625 0.51 0.488 0.625 0.467 0.464 0.528
0.639 0.639 0.521 0.499 0.639 0.445 0.45 0.534
0.622 0.622 0.496 0.513 0.622 0.431 0.429 0.48
0.595 0.595 0.493 0.503 0.595 0.478 0.476 0.562
0.602 0.602 0.506 0.496 0.602 0.472 0.469 0.494
0.625 0.625 0.516 0.498 0.625 0.456 0.454 0.559
0.611 0.611 0.5 0.534 0.611 0.447 0.449 0.479
0.628 0.628 0.504 0.51 0.628 0.508 0.504 0.593
0.62 0.62 0.501 0.477 0.62 0.467 0.47 0.521
0.598 0.598 0.525 0.449 0.598 0.464 0.462 0.502
0.623 0.623 0.522 0.52 0.623 0.481 0.482 0.501
0.63 0.63 0.51 0.509 0.63 0.464 0.463 0.519
0.615 0.615 0.511 0.497 0.615 0.497 0.494 0.535
0.585 0.585 0.483 0.494 0.585 0.468 0.466 0.543
0.588 0.588 0.477 0.51 0.588 0.493 0.488 0.528
0.614 0.614 0.516 0.505 0.614 0.433 0.438 0.473
0.592 0.592 0.458 0.526 0.592 0.503 0.505 0.497
0.609 0.609 0.522 0.491 0.609 0.452 0.451 0.457
0.596 0.596 0.503 0.481 0.596 0.426 0.422 0.504
0.61 0.61 0.487 0.496 0.61 0.454 0.454 0.542
0.614 0.614 0.518 0.498 0.614 0.469 0.468 0.55
0.596 0.596 0.528 0.497 0.596 0.469 0.468 0.494
0.585 0.585 0.516 0.472 0.585 0.484 0.484 0.529
0.6 0.6 0.516 0.515 0.6 0.476 0.473 0.528
0.615 0.615 0.498 0.498 0.615 0.439 0.438 0.542
0.622 0.622 0.504 0.528 0.622 0.482 0.484 0.557
0.611 0.611 0.531 0.488 0.611 0.468 0.47 0.551
0.603 0.603 0.496 0.516 0.603 0.462 0.463 0.533
0.6 0.6 0.517 0.539 0.6 0.456 0.458 0.488
0.636 0.636 0.503 0.489 0.636 0.465 0.468 0.537
0.621 0.621 0.507 0.498 0.621 0.453 0.455 0.526
0.636 0.636 0.511 0.503 0.636 0.445 0.446 0.575
0.611 0.611 0.526 0.541 0.611 0.488 0.49 0.56
0.621 0.621 0.493 0.467 0.621 0.469 0.469 0.586
0.64 0.64 0.471 0.536 0.64 0.465 0.465 0.539
0.624 0.624 0.493 0.527 0.624 0.455 0.455 0.521
0.619 0.619 0.508 0.506 0.619 0.479 0.48 0.516
0.616 0.616 0.502 0.517 0.616 0.459 0.459 0.531
0.624 0.624 0.501 0.477 0.624 0.494 0.492 0.556
0.596 0.596 0.505 0.52 0.596 0.497 0.497 0.525
0.612 0.612 0.493 0.51 0.612 0.462 0.458 0.514
0.612 0.612 0.518 0.499 0.612 0.468 0.469 0.543
0.621 0.621 0.509 0.497 0.621 0.46 0.462 0.524
0.646 0.646 0.5 0.493 0.646 0.444 0.444 0.485
0.572 0.572 0.502 0.499 0.572 0.484 0.481 0.553
0.624 0.624 0.537 0.466 0.624 0.471 0.475 0.533
0.64 0.64 0.485 0.506 0.64 0.464 0.458 0.567
0.591 0.591 0.501 0.5 0.591 0.488 0.487 0.586
0.61 0.61 0.481 0.515 0.61 0.478 0.475 0.565
0.626 0.626 0.485 0.507 0.626 0.439 0.437 0.492
0.587 0.587 0.503 0.508 0.587 0.47 0.468 0.526
0.596 0.596 0.483 0.474 0.596 0.465 0.465 0.551
0.616 0.616 0.477 0.476 0.616 0.488 0.484 0.495
0.608 0.608 0.496 0.492 0.608 0.486 0.481 0.55
0.612 0.612 0.498 0.501 0.612 0.481 0.478 0.556
0.614 0.614 0.52 0.492 0.614 0.507 0.502 0.565
0.612 0.612 0.488 0.501 0.612 0.486 0.484 0.57
0.612 0.612 0.508 0.467 0.612 0.458 0.458 0.508
0.599 0.599 0.492 0.509 0.599 0.471 0.469 0.547
0.626 0.626 0.487 0.485 0.626 0.473 0.472 0.549
0.606 0.606 0.518 0.487 0.606 0.469 0.466 0.524
0.573 0.573 0.456 0.498 0.573 0.475 0.475 0.52
0.581 0.581 0.495 0.499 0.581 0.473 0.469 0.491
0.596 0.596 0.509 0.483 0.596 0.469 0.469 0.558
0.58 0.58 0.503 0.501 0.58 0.487 0.487 0.542
0.588 0.588 0.492 0.496 0.588 0.477 0.476 0.536
0.624 0.624 0.477 0.511 0.624 0.432 0.431 0.514
0.625 0.625 0.494 0.5 0.625 0.461 0.461 0.552
0.613 0.613 0.525 0.497 0.613 0.486 0.48 0.502
0.617 0.617 0.475 0.524 0.617 0.512 0.515 0.58
0.632 0.632 0.491 0.501 0.632 0.472 0.471 0.509
0.611 0.611 0.502 0.517 0.611 0.462 0.462 0.547
0.624 0.624 0.512 0.494 0.624 0.434 0.433 0.484
0.625 0.625 0.488 0.497 0.625 0.461 0.464 0.557
0.591 0.591 0.512 0.483 0.591 0.492 0.491 0.539
0.605 0.605 0.485 0.476 0.605 0.458 0.457 0.492
0.58 0.58 0.507 0.498 0.58 0.444 0.443 0.542
0.631 0.631 0.507 0.478 0.631 0.451 0.457 0.524
0.605 0.605 0.515 0.524 0.605 0.477 0.473 0.608
0.616 0.616 0.493 0.515 0.616 0.506 0.498 0.572
0.617 0.617 0.456 0.498 0.617 0.469 0.47 0.597
0.63 0.63 0.521 0.496 0.63 0.461 0.46 0.48
0.608 0.608 0.51 0.519 0.608 0.458 0.453 0.537
0.602 0.602 0.45 0.494 0.602 0.462 0.459 0.522
0.638 0.638 0.496 0.477 0.638 0.453 0.45 0.552
0.614 0.614 0.506 0.488 0.614 0.468 0.468 0.483
0.602 0.602 0.5 0.484 0.602 0.46 0.461 0.519
0.608 0.608 0.513 0.488 0.608 0.464 0.465 0.56
0.619 0.619 0.499 0.51 0.619 0.447 0.445 0.491
0.594 0.594 0.488 0.499 0.594 0.474 0.472 0.528
0.63 0.63 0.483 0.471 0.63 0.459 0.461 0.504
0.602 0.602 0.491 0.511 0.602 0.451 0.444 0.517
0.612 0.612 0.491 0.503 0.612 0.502 0.503 0.579
0.608 0.608 0.489 0.503 0.608 0.462 0.462 0.501
0.618 0.618 0.497 0.487 0.618 0.474 0.474 0.561
0.595 0.595 0.477 0.507 0.595 0.474 0.47 0.546
0.589 0.589 0.528 0.496 0.589 0.497 0.497 0.526
0.636 0.636 0.511 0.519 0.636 0.43 0.43 0.561
0.575 0.575 0.498 0.495 0.575 0.464 0.466 0.541
0.609 0.609 0.505 0.509 0.609 0.441 0.437 0.534
0.604 0.604 0.46 0.484 0.604 0.466 0.463 0.566
0.594 0.594 0.491 0.521 0.594 0.479 0.479 0.569
0.587 0.587 0.474 0.513 0.587 0.468 0.463 0.532
0.617 0.617 0.521 0.47 0.617 0.493 0.493 0.554
0.617 0.617 0.495 0.456 0.617 0.468 0.47 0.54
0.621 0.621 0.489 0.459 0.621 0.447 0.448 0.483
0.627 0.627 0.508 0.504 0.627 0.475 0.471 0.489
0.603 0.603 0.505 0.498 0.603 0.465 0.465 0.568
0.621 0.621 0.519 0.488 0.621 0.476 0.479 0.503
0.62 0.62 0.5 0.472 0.62 0.469 0.467 0.54
0.603 0.603 0.508 0.512 0.603 0.467 0.464 0.524
0.597 0.597 0.523 0.505 0.597 0.503 0.506 0.577
0.619 0.619 0.543 0.505 0.619 0.453 0.452 0.497
0.607 0.607 0.491 0.519 0.607 0.468 0.468 0.471
0.61 0.61 0.489 0.495 0.61 0.462 0.463 0.551
0.604 0.604 0.511 0.484 0.604 0.445 0.447 0.532
0.618 0.618 0.488 0.493 0.618 0.49 0.49 0.582
0.612 0.612 0.515 0.508 0.612 0.491 0.49 0.538
0.643 0.643 0.52 0.517 0.643 0.458 0.456 0.492
0.611 0.611 0.501 0.484 0.611 0.455 0.451 0.551
0.621 0.621 0.51 0.479 0.621 0.466 0.465 0.511
0.619 0.619 0.518 0.513 0.619 0.444 0.446 0.544
0.63 0.63 0.493 0.499 0.63 0.484 0.487 0.575
0.619 0.619 0.507 0.524 0.619 0.476 0.473 0.579
0.615 0.615 0.484 0.492 0.615 0.475 0.474 0.583
0.595 0.595 0.496 0.518 0.595 0.491 0.493 0.548
0.65 0.65 0.526 0.533 0.65 0.456 0.457 0.562
0.626 0.626 0.488 0.498 0.626 0.467 0.47 0.529
0.577 0.577 0.497 0.522 0.577 0.462 0.462 0.555
0.592 0.592 0.511 0.481 0.592 0.461 0.461 0.525
0.619 0.619 0.48 0.482 0.619 0.443 0.444 0.529
0.626 0.626 0.493 0.501 0.626 0.452 0.451 0.486
0.635 0.635 0.489 0.511 0.635 0.487 0.483 0.59
0.622 0.622 0.471 0.46 0.622 0.486 0.487 0.506
0.614 0.614 0.5 0.493 0.614 0.478 0.478 0.509
0.641 0.641 0.494 0.532 0.641 0.419 0.418 0.449
0.633 0.633 0.488 0.469 0.633 0.5 0.499 0.564
0.62 0.62 0.494 0.507 0.62 0.467 0.468 0.53
0.623 0.623 0.512 0.509 0.623 0.474 0.472 0.542
0.617 0.617 0.475 0.532 0.617 0.46 0.455 0.524
0.608 0.608 0.496 0.49 0.608 0.466 0.466 0.578
0.626 0.626 0.503 0.485 0.626 0.504 0.503 0.569
0.625 0.625 0.484 0.478 0.625 0.437 0.436 0.517
0.628 0.628 0.483 0.478 0.628 0.486 0.49 0.582
0.624 0.624 0.507 0.515 0.624 0.465 0.466 0.526
0.605 0.605 0.501 0.507 0.605 0.444 0.444 0.474
0.64 0.64 0.511 0.481 0.64 0.43 0.43 0.483
0.634 0.634 0.521 0.499 0.634 0.447 0.443 0.515
0.622 0.622 0.454 0.513 0.622 0.472 0.476 0.519
0.651 0.651 0.514 0.514 0.651 0.432 0.43 0.443
0.597 0.597 0.5 0.466 0.597 0.49 0.492 0.535
0.613 0.613 0.504 0.501 0.613 0.471 0.47 0.491
0.61 0.61 0.501 0.508 0.61 0.482 0.481 0.503
0.6 0.6 0.479 0.509 0.6 0.496 0.496 0.549
0.612 0.612 0.488 0.496 0.612 0.467 0.463 0.521
0.633 0.633 0.519 0.51 0.633 0.457 0.46 0.504
0.587 0.587 0.503 0.506 0.587 0.482 0.481 0.569
0.623 0.623 0.468 0.495 0.623 0.454 0.455 0.536
0.605 0.605 0.474 0.5 0.605 0.475 0.475 0.555
0.597 0.597 0.509 0.502 0.597 0.453 0.449 0.506
0.618 0.618 0.507 0.514 0.618 0.48 0.481 0.534
0.605 0.605 0.517 0.504 0.605 0.46 0.457 0.488
0.589 0.589 0.485 0.505 0.589 0.447 0.445 0.49
0.62 0.62 0.51 0.494 0.62 0.463 0.461 0.514
0.604 0.604 0.501 0.483 0.604 0.465 0.461 0.473
0.599 0.599 0.502 0.489 0.599 0.479 0.481 0.551
0.619 0.619 0.494 0.515 0.619 0.462 0.46 0.556
0.607 0.607 0.51 0.5 0.607 0.464 0.461 0.488
0.61 0.61 0.484 0.524 0.61 0.467 0.468 0.535
0.593 0.593 0.534 0.468 0.593 0.453 0.457 0.497
0.626 0.626 0.498 0.509 0.626 0.444 0.444 0.524
0.607 0.607 0.47 0.53 0.607 0.52 0.519 0.585
0.635 0.635 0.518 0.501 0.635 0.477 0.471 0.561
0.615 0.615 0.502 0.472 0.615 0.466 0.468 0.519
0.584 0.584 0.522 0.505 0.584 0.522 0.524 0.572
0.609 0.609 0.533 0.499 0.609 0.493 0.495 0.562
0.655 0.655 0.497 0.503 0.655 0.436 0.435 0.502
0.613 0.613 0.523 0.517 0.613 0.467 0.464 0.516
0.636 0.636 0.471 0.494 0.636 0.458 0.458 0.51
0.593 0.593 0.506 0.493 0.593 0.493 0.492 0.535
0.601 0.601 0.508 0.496 0.601 0.475 0.475 0.54
0.603 0.603 0.498 0.495 0.603 0.481 0.482 0.514
0.598 0.598 0.51 0.488 0.598 0.474 0.475 0.528
0.611 0.611 0.488 0.511 0.611 0.498 0.498 0.527
0.59 0.59 0.506 0.502 0.59 0.488 0.485 0.58
0.601 0.601 0.477 0.495 0.601 0.465 0.466 0.521
0.609 0.609 0.475 0.49 0.609 0.456 0.457 0.568
0.62 0.62 0.507 0.459 0.62 0.44 0.444 0.532
0.614 0.614 0.501 0.514 0.614 0.441 0.441 0.491
0.615 0.615 0.475 0.498 0.615 0.478 0.479 0.553
0.608 0.608 0.474 0.498 0.608 0.465 0.465 0.512
0.607 0.607 0.506 0.497 0.607 0.489 0.489 0.528
0.603 0.603 0.48 0.516 0.603 0.482 0.48 0.511
0.627 0.627 0.511 0.535 0.627 0.454 0.451 0.491
0.634 0.634 0.522 0.485 0.634 0.454 0.454 0.541
0.617 0.617 0.513 0.514 0.617 0.466 0.461 0.518
0.625 0.625 0.485 0.512 0.625 0.45 0.452 0.504
0.606 0.606 0.476 0.496 0.606 0.47 0.463 0.527
0.604 0.604 0.496 0.497 0.604 0.49 0.491 0.563
0.609 0.609 0.489 0.465 0.609 0.452 0.451 0.551
0.631 0.631 0.482 0.514 0.631 0.468 0.467 0.56
0.623 0.623 0.495 0.508 0.623 0.463 0.462 0.528
0.582 0.582 0.513 0.493 0.582 0.491 0.494 0.547
0.603 0.603 0.493 0.509 0.603 0.466 0.464 0.558
0.605 0.605 0.487 0.486 0.605 0.471 0.47 0.517
0.639 0.639 0.499 0.498 0.639 0.458 0.457 0.517
0.616 0.616 0.485 0.525 0.616 0.444 0.447 0.484
0.599 0.599 0.511 0.484 0.599 0.46 0.459 0.538
0.619 0.619 0.481 0.493 0.619 0.474 0.471 0.486
0.615 0.615 0.495 0.471 0.615 0.472 0.473 0.572
0.632 0.632 0.499 0.492 0.632 0.442 0.439 0.517
0.614 0.614 0.493 0.484 0.614 0.472 0.474 0.55
0.625 0.625 0.495 0.512 0.625 0.487 0.489 0.567
0.637 0.637 0.483 0.506 0.637 0.479 0.479 0.536
0.622 0.622 0.481 0.507 0.622 0.47 0.47 0.494
0.602 0.602 0.489 0.516 0.602 0.481 0.486 0.559
0.6 0.6 0.512 0.523 0.6 0.48 0.482 0.504
0.622 0.622 0.473 0.499 0.622 0.474 0.473 0.52
0.613 0.613 0.47 0.492 0.613 0.46 0.46 0.555
0.621 0.621 0.485 0.501 0.621 0.466 0.46 0.59
0.63 0.63 0.498 0.491 0.63 0.468 0.469 0.523
0.634 0.634 0.491 0.512 0.634 0.476 0.477 0.518
0.617 0.617 0.511 0.527 0.617 0.481 0.476 0.553
0.612 0.612 0.515 0.486 0.612 0.482 0.475 0.51
0.612 0.612 0.496 0.497 0.612 0.45 0.451 0.534
0.621 0.621 0.491 0.509 0.621 0.453 0.453 0.493
0.599 0.599 0.502 0.505 0.599 0.476 0.478 0.505
0.611 0.611 0.492 0.507 0.611 0.491 0.495 0.594
0.595 0.595 0.526 0.486 0.595 0.458 0.455 0.47
0.61 0.61 0.496 0.503 0.61 0.431 0.434 0.509
0.628 0.628 0.551 0.508 0.628 0.496 0.498 0.553
0.609 0.609 0.511 0.501 0.609 0.463 0.464 0.519
0.607 0.607 0.504 0.514 0.607 0.45 0.447 0.54
0.628 0.628 0.491 0.476 0.628 0.442 0.443 0.487
0.59 0.59 0.504 0.488 0.59 0.498 0.497 0.545
0.634 0.634 0.512 0.507 0.634 0.474 0.473 0.56
0.63 0.63 0.501 0.498 0.63 0.439 0.437 0.495
0.6 0.6 0.512 0.494 0.6 0.452 0.45 0.516
0.612 0.612 0.486 0.486 0.612 0.479 0.48 0.499
0.644 0.644 0.49 0.514 0.644 0.484 0.481 0.574
0.615 0.615 0.502 0.487 0.615 0.464 0.464 0.524
0.617 0.617 0.498 0.505 0.617 0.457 0.456 0.564
0.58 0.58 0.495 0.493 0.58 0.489 0.489 0.538
0.604 0.604 0.532 0.516 0.604 0.465 0.465 0.575
0.622 0.622 0.493 0.493 0.622 0.466 0.466 0.524
0.622 0.622 0.481 0.487 0.622 0.486 0.485 0.571
0.621 0.621 0.498 0.492 0.621 0.453 0.454 0.485
0.623 0.623 0.507 0.497 0.623 0.469 0.47 0.505
0.623 0.623 0.515 0.499 0.623 0.466 0.467 0.554
0.611 0.611 0.517 0.483 0.611 0.49 0.489 0.546
0.591 0.591 0.521 0.503 0.591 0.441 0.439 0.548
0.618 0.618 0.501 0.479 0.618 0.463 0.464 0.549
0.607 0.607 0.488 0.519 0.607 0.461 0.464 0.513
0.644 0.644 0.533 0.499 0.644 0.451 0.45 0.514
0.631 0.631 0.506 0.494 0.631 0.457 0.456 0.495
0.632 0.632 0.516 0.506 0.632 0.451 0.451 0.468
0.625 0.625 0.515 0.484 0.625 0.474 0.474 0.537
0.616 0.616 0.51 0.473 0.616 0.437 0.433 0.548
0.614 0.614 0.478 0.501 0.614 0.47 0.469 0.497
0.631 0.631 0.519 0.52 0.631 0.46 0.461 0.596
0.618 0.618 0.537 0.499 0.618 0.459 0.457 0.539
0.619 0.619 0.507 0.519 0.619 0.458 0.462 0.525
0.605 0.605 0.522 0.487 0.605 0.47 0.47 0.537
0.592 0.592 0.479 0.511 0.592 0.458 0.456 0.554
0.609 0.609 0.51 0.487 0.609 0.465 0.461 0.534
0.623 0.623 0.489 0.483 0.623 0.464 0.463 0.548
0.641 0.641 0.514 0.474 0.641 0.457 0.459 0.518
0.623 0.623 0.503 0.502 0.623 0.475 0.474 0.544
0.608 0.608 0.512 0.524 0.608 0.499 0.496 0.525
0.601 0.601 0.488 0.489 0.601 0.481 0.479 0.507
0.636 0.636 0.489 0.513 0.636 0.488 0.489 0.576
0.655 0.655 0.498 0.484 0.655 0.453 0.454 0.497
0.628 0.628 0.495 0.5 0.628 0.464 0.465 0.527
0.636 0.636 0.497 0.49 0.636 0.475 0.477 0.577
0.618 0.618 0.5 0.487 0.618 0.464 0.466 0.57
0.618 0.618 0.478 0.522 0.618 0.482 0.479 0.558
0.587 0.587 0.497 0.489 0.587 0.453 0.455 0.534
0.599 0.599 0.504 0.523 0.599 0.481 0.483 0.538
0.601 0.601 0.492 0.518 0.601 0.479 0.48 0.52
0.605 0.605 0.494 0.501 0.605 0.481 0.48 0.541
0.618 0.618 0.494 0.494 0.618 0.47 0.47 0.567
0.62 0.62 0.504 0.476 0.62 0.472 0.474 0.547
0.61 0.61 0.494 0.514 0.61 0.474 0.472 0.528
0.592 0.592 0.489 0.512 0.592 0.473 0.472 0.522
0.608 0.608 0.488 0.475 0.608 0.476 0.469 0.486
0.604 0.604 0.53 0.478 0.604 0.467 0.465 0.537
0.606 0.606 0.502 0.503 0.606 0.441 0.44 0.486
0.6 0.6 0.505 0.513 0.6 0.46 0.461 0.503
0.613 0.613 0.506 0.509 0.613 0.474 0.475 0.517
0.61 0.61 0.465 0.479 0.61 0.468 0.466 0.55
0.615 0.615 0.477 0.52 0.615 0.449 0.448 0.499
0.603 0.603 0.526 0.493 0.603 0.446 0.446 0.475
0.598 0.598 0.495 0.484 0.598 0.457 0.454 0.507
0.627 0.627 0.493 0.502 0.627 0.485 0.486 0.547
0.591 0.591 0.483 0.481 0.591 0.456 0.459 0.532
0.593 0.593 0.511 0.492 0.593 0.452 0.453 0.529
0.594 0.594 0.496 0.485 0.594 0.494 0.493 0.543
0.6 0.6 0.487 0.472 0.6 0.467 0.462 0.51
0.615 0.615 0.512 0.477 0.615 0.466 0.47 0.505
0.61 0.61 0.51 0.461 0.61 0.518 0.516 0.607
0.64 0.64 0.502 0.492 0.64 0.457 0.46 0.552
0.608 0.608 0.512 0.489 0.608 0.466 0.469 0.545
0.612 0.612 0.49 0.506 0.612 0.477 0.479 0.542
0.641 0.641 0.497 0.496 0.641 0.459 0.46 0.56
0.59 0.59 0.486 0.512 0.59 0.493 0.493 0.569
0.578 0.578 0.511 0.492 0.578 0.488 0.489 0.544
0.603 0.603 0.512 0.508 0.603 0.45 0.448 0.528
0.578 0.578 0.504 0.505 0.578 0.466 0.468 0.581
0.6 0.6 0.499 0.476 0.6 0.467 0.465 0.563
0.603 0.603 0.523 0.488 0.603 0.467 0.469 0.571
0.606 0.606 0.503 0.516 0.606 0.477 0.475 0.505
0.622 0.622 0.463 0.483 0.622 0.429 0.429 0.484
0.622 0.622 0.501 0.525 0.622 0.446 0.445 0.53
0.63 0.63 0.502 0.476 0.63 0.474 0.474 0.543
0.641 0.641 0.494 0.498 0.641 0.467 0.467 0.573
0.58 0.58 0.494 0.482 0.58 0.471 0.472 0.557
0.633 0.633 0.483 0.478 0.633 0.467 0.47 0.485
0.62 0.62 0.502 0.501 0.62 0.467 0.46 0.544
0.595 0.595 0.513 0.495 0.595 0.467 0.467 0.543
0.62 0.62 0.521 0.506 0.62 0.442 0.448 0.51
0.63 0.63 0.469 0.489 0.63 0.453 0.454 0.506
0.588 0.588 0.504 0.512 0.588 0.477 0.478 0.547
0.624 0.624 0.519 0.493 0.624 0.459 0.454 0.527
0.605 0.605 0.473 0.513 0.605 0.478 0.476 0.508
0.639 0.639 0.499 0.532 0.639 0.439 0.439 0.538
0.616 0.616 0.491 0.513 0.616 0.445 0.444 0.494
0.585 0.585 0.514 0.475 0.585 0.518 0.515 0.563
0.569 0.569 0.487 0.489 0.569 0.466 0.466 0.541
0.584 0.584 0.484 0.512 0.584 0.486 0.484 0.52
0.604 0.604 0.504 0.491 0.604 0.467 0.462 0.531
0.626 0.626 0.525 0.484 0.626 0.482 0.482 0.532
0.618 0.618 0.486 0.504 0.618 0.446 0.445 0.481
0.614 0.614 0.503 0.484 0.614 0.483 0.482 0.592
0.625 0.625 0.48 0.507 0.625 0.445 0.445 0.575
0.616 0.616 0.498 0.506 0.616 0.481 0.482 0.574
0.623 0.623 0.489 0.517 0.623 0.44 0.438 0.506
0.632 0.632 0.518 0.5 0.632 0.475 0.471 0.579
0.648 0.648 0.485 0.514 0.648 0.46 0.456 0.467
0.601 0.601 0.504 0.494 0.601 0.479 0.479 0.535
0.617 0.617 0.495 0.488 0.617 0.468 0.47 0.538
0.623 0.623 0.477 0.503 0.623 0.488 0.487 0.557
0.596 0.596 0.503 0.497 0.596 0.446 0.448 0.535
0.644 0.644 0.492 0.532 0.644 0.449 0.447 0.542
0.611 0.611 0.486 0.503 0.611 0.473 0.473 0.554
0.623 0.623 0.492 0.483 0.623 0.454 0.449 0.454
0.615 0.615 0.521 0.519 0.615 0.458 0.459 0.514
0.64 0.64 0.514 0.523 0.64 0.457 0.456 0.517
0.601 0.601 0.539 0.478 0.601 0.483 0.478 0.547
0.613 0.613 0.502 0.485 0.613 0.425 0.421 0.512
0.607 0.607 0.528 0.491 0.607 0.495 0.493 0.481
0.607 0.607 0.52 0.484 0.607 0.473 0.473 0.53
0.62 0.62 0.51 0.503 0.62 0.44 0.434 0.565
0.624 0.624 0.5 0.463 0.624 0.475 0.476 0.559
0.593 0.593 0.491 0.483 0.593 0.479 0.474 0.538
0.629 0.629 0.488 0.497 0.629 0.447 0.446 0.513
0.612 0.612 0.491 0.491 0.612 0.48 0.475 0.482
0.61 0.61 0.484 0.492 0.61 0.472 0.468 0.515
0.611 0.611 0.496 0.481 0.611 0.486 0.488 0.555
0.596 0.596 0.493 0.482 0.596 0.466 0.464 0.562
0.644 0.644 0.489 0.486 0.644 0.433 0.434 0.46
0.583 0.583 0.506 0.486 0.583 0.456 0.456 0.553
0.603 0.603 0.548 0.481 0.603 0.468 0.466 0.611
0.614 0.614 0.487 0.517 0.614 0.461 0.461 0.48
0.607 0.607 0.492 0.47 0.607 0.479 0.477 0.527
0.578 0.578 0.523 0.493 0.578 0.456 0.452 0.488
0.597 0.597 0.496 0.519 0.597 0.488 0.488 0.512
0.635 0.635 0.496 0.508 0.635 0.473 0.471 0.541
0.589 0.589 0.514 0.5 0.589 0.481 0.483 0.539
0.625 0.625 0.489 0.491 0.625 0.452 0.447 0.531
0.594 0.594 0.479 0.514 0.594 0.487 0.481 0.538
0.608 0.608 0.502 0.473 0.608 0.456 0.449 0.543
0.61 0.61 0.525 0.49 0.61 0.464 0.464 0.522
0.635 0.635 0.493 0.493 0.635 0.46 0.459 0.483
0.627 0.627 0.512 0.504 0.627 0.447 0.445 0.445
0.602 0.602 0.51 0.493 0.602 0.493 0.494 0.587
0.6 0.6 0.522 0.502 0.6 0.5 0.499 0.528
0.621 0.621 0.495 0.505 0.621 0.441 0.445 0.485
0.611 0.611 0.491 0.495 0.611 0.453 0.453 0.555
0.614 0.614 0.5 0.509 0.614 0.491 0.493 0.568
0.608 0.608 0.508 0.497 0.608 0.471 0.469 0.543
0.642 0.642 0.482 0.5 0.642 0.421 0.421 0.487
0.619 0.619 0.507 0.485 0.619 0.481 0.481 0.575
0.628 0.628 0.492 0.496 0.628 0.451 0.452 0.54
0.607 0.607 0.49 0.49 0.607 0.459 0.455 0.547
0.641 0.641 0.488 0.516 0.641 0.44 0.44 0.505
0.626 0.626 0.534 0.468 0.626 0.428 0.427 0.509
0.636 0.636 0.49 0.491 0.636 0.499 0.499 0.569
0.592 0.592 0.508 0.491 0.592 0.469 0.467 0.481
0.624 0.624 0.508 0.491 0.624 0.479 0.476 0.525
0.591 0.591 0.522 0.485 0.591 0.482 0.48 0.52
0.628 0.628 0.494 0.49 0.628 0.481 0.483 0.524
0.607 0.607 0.475 0.514 0.607 0.472 0.472 0.579
0.629 0.629 0.505 0.523 0.629 0.461 0.463 0.547
0.621 0.621 0.502 0.487 0.621 0.477 0.476 0.489
0.636 0.636 0.497 0.499 0.636 0.441 0.442 0.472
0.589 0.589 0.509 0.518 0.589 0.454 0.454 0.577
0.617 0.617 0.507 0.515 0.617 0.502 0.506 0.564
0.587 0.587 0.487 0.51 0.587 0.476 0.476 0.537
0.63 0.63 0.528 0.495 0.63 0.48 0.48 0.574
0.611 0.611 0.489 0.458 0.611 0.445 0.443 0.538
0.643 0.643 0.531 0.502 0.643 0.426 0.426 0.491
0.624 0.624 0.53 0.515 0.624 0.453 0.452 0.493
0.597 0.597 0.529 0.482 0.597 0.509 0.508 0.539
0.586 0.586 0.509 0.484 0.586 0.502 0.499 0.551
0.622 0.622 0.503 0.516 0.622 0.475 0.473 0.537
0.616 0.616 0.488 0.51 0.616 0.487 0.487 0.522
0.619 0.619 0.508 0.465 0.619 0.45 0.449 0.52
0.593 0.593 0.507 0.489 0.593 0.434 0.432 0.463
0.598 0.598 0.495 0.5 0.598 0.442 0.44 0.537
0.63 0.63 0.515 0.495 0.63 0.482 0.486 0.507
0.615 0.615 0.518 0.511 0.615 0.453 0.452 0.48
0.631 0.631 0.489 0.534 0.631 0.41 0.408 0.49
0.617 0.617 0.478 0.489 0.617 0.467 0.466 0.543
0.603 0.603 0.488 0.507 0.603 0.496 0.497 0.556
0.606 0.606 0.48 0.492 0.606 0.485 0.484 0.558
0.639 0.639 0.486 0.483 0.639 0.455 0.453 0.548
0.621 0.621 0.49 0.487 0.621 0.471 0.472 0.558
0.609 0.609 0.505 0.482 0.609 0.477 0.478 0.539
0.644 0.644 0.492 0.512 0.644 0.456 0.449 0.506
0.587 0.587 0.515 0.502 0.587 0.468 0.47 0.535
0.641 0.641 0.492 0.503 0.641 0.451 0.451 0.475
0.594 0.594 0.517 0.48 0.594 0.473 0.473 0.539
0.62 0.62 0.499 0.486 0.62 0.452 0.45 0.519
0.619 0.619 0.462 0.508 0.619 0.519 0.52 0.564
0.592 0.592 0.499 0.48 0.592 0.494 0.494 0.508
0.601 0.601 0.484 0.526 0.601 0.456 0.455 0.527
0.625 0.625 0.489 0.505 0.625 0.494 0.493 0.561
0.597 0.597 0.502 0.488 0.597 0.484 0.484 0.503
0.635 0.635 0.487 0.51 0.635 0.483 0.485 0.564
0.62 0.62 0.529 0.494 0.62 0.474 0.473 0.556
0.609 0.609 0.521 0.485 0.609 0.474 0.473 0.506
0.59 0.59 0.51 0.489 0.59 0.495 0.495 0.569
0.624 0.624 0.491 0.496 0.624 0.475 0.471 0.504
0.596 0.596 0.519 0.488 0.596 0.476 0.474 0.527
0.608 0.608 0.527 0.526 0.608 0.471 0.467 0.566
0.623 0.623 0.517 0.497 0.623 0.455 0.452 0.524
0.618 0.618 0.521 0.492 0.618 0.464 0.463 0.506
0.628 0.628 0.462 0.492 0.628 0.483 0.482 0.57
0.618 0.618 0.49 0.49 0.618 0.435 0.435 0.448
0.618 0.618 0.502 0.476 0.618 0.514 0.514 0.573
0.6 0.6 0.498 0.515 0.6 0.465 0.462 0.535
0.623 0.623 0.507 0.523 0.623 0.454 0.454 0.504
0.608 0.608 0.493 0.499 0.608 0.477 0.478 0.541
0.614 0.614 0.457 0.473 0.614 0.458 0.455 0.515
0.63 0.63 0.515 0.483 0.63 0.465 0.466 0.548
0.625 0.625 0.521 0.508 0.625 0.469 0.465 0.491
0.62 0.62 0.498 0.528 0.62 0.468 0.466 0.557
0.624 0.624 0.511 0.49 0.624 0.462 0.459 0.55
0.624 0.624 0.511 0.486 0.624 0.44 0.437 0.506
0.639 0.639 0.516 0.466 0.639 0.479 0.476 0.538
0.612 0.612 0.491 0.493 0.612 0.497 0.498 0.505
0.593 0.593 0.498 0.495 0.593 0.486 0.486 0.561
0.643 0.643 0.511 0.464 0.643 0.462 0.463 0.554
0.602 0.602 0.512 0.51 0.602 0.467 0.464 0.514
0.598 0.598 0.493 0.5 0.598 0.464 0.463 0.466
0.641 0.641 0.498 0.496 0.641 0.439 0.438 0.515
0.598 0.598 0.471 0.477 0.598 0.451 0.454 0.514
0.617 0.617 0.493 0.502 0.617 0.495 0.488 0.555
0.645 0.645 0.495 0.509 0.645 0.46 0.458 0.529
0.602 0.602 0.486 0.499 0.602 0.471 0.471 0.529
0.62 0.62 0.512 0.492 0.62 0.457 0.456 0.549
0.6 0.6 0.506 0.49 0.6 0.464 0.463 0.517
0.613 0.613 0.518 0.5 0.613 0.481 0.482 0.576
0.586 0.586 0.509 0.493 0.586 0.489 0.487 0.537
0.604 0.604 0.495 0.499 0.604 0.451 0.447 0.551
0.604 0.604 0.491 0.512 0.604 0.46 0.464 0.55
0.621 0.621 0.473 0.495 0.621 0.448 0.445 0.545
0.631 0.631 0.502 0.48 0.631 0.463 0.462 0.543
0.595 0.595 0.509 0.511 0.595 0.487 0.489 0.556
0.627 0.627 0.502 0.498 0.627 0.496 0.498 0.527
0.633 0.633 0.52 0.491 0.633 0.436 0.441 0.51
0.618 0.618 0.501 0.509 0.618 0.448 0.448 0.484
0.603 0.603 0.532 0.493 0.603 0.479 0.479 0.507
0.609 0.609 0.51 0.493 0.609 0.463 0.46 0.523
0.622 0.622 0.496 0.493 0.622 0.456 0.458 0.496
0.598 0.598 0.473 0.488 0.598 0.481 0.485 0.537
0.594 0.594 0.481 0.494 0.594 0.463 0.464 0.524
0.63 0.63 0.511 0.491 0.63 0.44 0.438 0.589
0.613 0.613 0.499 0.501 0.613 0.444 0.444 0.49
0.605 0.605 0.526 0.51 0.605 0.473 0.476 0.543
0.63 0.63 0.514 0.516 0.63 0.459 0.462 0.504
0.602 0.602 0.513 0.514 0.602 0.461 0.457 0.493
0.58 0.58 0.475 0.493 0.58 0.474 0.474 0.544
0.623 0.623 0.5 0.498 0.623 0.453 0.45 0.503
0.624 0.624 0.532 0.502 0.624 0.474 0.474 0.591
0.633 0.633 0.483 0.514 0.633 0.473 0.472 0.568
0.63 0.63 0.506 0.518 0.63 0.479 0.479 0.556
0.628 0.628 0.502 0.504 0.628 0.454 0.454 0.503
0.609 0.609 0.487 0.522 0.609 0.469 0.47 0.501
0.627 0.627 0.511 0.494 0.627 0.442 0.445 0.494
0.624 0.624 0.483 0.509 0.624 0.445 0.445 0.487
0.634 0.634 0.528 0.493 0.634 0.496 0.497 0.517
0.617 0.617 0.503 0.51 0.617 0.452 0.451 0.499
0.609 0.609 0.494 0.514 0.609 0.458 0.459 0.556
0.604 0.604 0.495 0.455 0.604 0.482 0.48 0.544
0.61 0.61 0.495 0.479 0.61 0.484 0.481 0.538
0.62 0.62 0.52 0.475 0.62 0.513 0.508 0.553
0.607 0.607 0.508 0.504 0.607 0.486 0.486 0.596
0.625 0.625 0.508 0.541 0.625 0.451 0.453 0.528
0.618 0.618 0.493 0.51 0.618 0.443 0.445 0.5
0.604 0.604 0.509 0.511 0.604 0.433 0.433 0.507
0.618 0.618 0.502 0.518 0.618 0.498 0.5 0.569
0.616 0.616 0.513 0.515 0.616 0.501 0.499 0.567
0.61 0.61 0.487 0.496 0.61 0.432 0.431 0.505
0.611 0.611 0.508 0.496 0.611 0.495 0.499 0.57
0.606 0.606 0.496 0.497 0.606 0.445 0.446 0.483
0.626 0.626 0.501 0.511 0.626 0.468 0.47 0.529
0.603 0.603 0.481 0.498 0.603 0.493 0.491 0.555
0.647 0.647 0.469 0.484 0.647 0.457 0.449 0.462
0.6 0.6 0.506 0.5 0.6 0.482 0.481 0.567
0.629 0.629 0.523 0.517 0.629 0.449 0.449 0.501
0.604 0.604 0.501 0.515 0.604 0.431 0.434 0.509
0.627 0.627 0.51 0.492 0.627 0.446 0.447 0.527
0.624 0.624 0.487 0.497 0.624 0.487 0.484 0.601
0.605 0.605 0.518 0.497 0.605 0.469 0.471 0.507
0.634 0.634 0.499 0.496 0.634 0.459 0.462 0.532
0.632 0.632 0.514 0.514 0.632 0.447 0.444 0.496
0.618 0.618 0.481 0.483 0.618 0.445 0.446 0.456
0.642 0.642 0.505 0.505 0.642 0.453 0.451 0.534
0.604 0.604 0.512 0.497 0.604 0.477 0.472 0.503
0.613 0.613 0.481 0.513 0.613 0.489 0.49 0.544
0.626 0.626 0.529 0.49 0.626 0.446 0.444 0.498
0.615 0.615 0.469 0.501 0.615 0.441 0.44 0.465
0.594 0.594 0.487 0.494 0.594 0.511 0.511 0.629
0.608 0.608 0.488 0.488 0.608 0.498 0.495 0.586
0.62 0.62 0.536 0.498 0.62 0.472 0.47 0.542
0.619 0.619 0.509 0.51 0.619 0.469 0.467 0.5
0.605 0.605 0.495 0.49 0.605 0.479 0.474 0.521
0.585 0.585 0.503 0.492 0.585 0.466 0.465 0.522
0.587 0.587 0.479 0.508 0.587 0.454 0.453 0.562
0.602 0.602 0.49 0.505 0.602 0.458 0.461 0.5
0.624 0.624 0.491 0.494 0.624 0.457 0.458 0.5
0.599 0.599 0.484 0.504 0.599 0.46 0.46 0.53
0.606 0.606 0.524 0.498 0.606 0.463 0.462 0.533
0.614 0.614 0.542 0.492 0.614 0.497 0.498 0.586
0.612 0.612 0.505 0.509 0.612 0.475 0.474 0.479
0.618 0.618 0.487 0.476 0.618 0.439 0.438 0.477
0.599 0.599 0.512 0.515 0.599 0.457 0.451 0.512
0.622 0.622 0.517 0.511 0.622 0.451 0.453 0.516
0.603 0.603 0.493 0.506 0.603 0.472 0.473 0.515
0.581 0.581 0.501 0.488 0.581 0.493 0.492 0.51
0.617 0.617 0.493 0.495 0.617 0.483 0.482 0.547
0.627 0.627 0.496 0.499 0.627 0.457 0.453 0.522
0.624 0.624 0.49 0.491 0.624 0.489 0.485 0.555
0.616 0.616 0.534 0.495 0.616 0.453 0.449 0.469
0.589 0.589 0.501 0.497 0.589 0.458 0.46 0.517
0.61 0.61 0.482 0.512 0.61 0.473 0.471 0.557
0.612 0.612 0.503 0.504 0.612 0.468 0.469 0.545
0.593 0.593 0.515 0.51 0.593 0.494 0.496 0.532
0.632 0.632 0.505 0.501 0.632 0.467 0.462 0.478
0.637 0.637 0.489 0.498 0.637 0.454 0.45 0.539
0.592 0.592 0.524 0.491 0.592 0.463 0.463 0.499
0.595 0.595 0.486 0.519 0.595 0.488 0.489 0.541
0.613 0.613 0.499 0.472 0.613 0.454 0.455 0.555
0.605 0.605 0.496 0.482 0.605 0.458 0.457 0.495
0.633 0.633 0.484 0.541 0.633 0.486 0.486 0.537
0.625 0.625 0.488 0.48 0.625 0.46 0.459 0.536
0.609 0.609 0.494 0.522 0.609 0.456 0.459 0.505
0.639 0.639 0.531 0.496 0.639 0.468 0.47 0.539
0.611 0.611 0.486 0.513 0.611 0.474 0.475 0.538
0.606 0.606 0.489 0.507 0.606 0.478 0.479 0.517
0.636 0.636 0.508 0.483 0.636 0.459 0.458 0.561
0.626 0.626 0.509 0.487 0.626 0.483 0.479 0.55
0.634 0.634 0.509 0.511 0.634 0.456 0.458 0.538
0.624 0.624 0.521 0.521 0.624 0.48 0.479 0.594
0.621 0.621 0.507 0.521 0.621 0.501 0.502 0.623
0.606 0.606 0.522 0.499 0.606 0.478 0.483 0.535
0.629 0.629 0.503 0.491 0.629 0.451 0.452 0.5
0.595 0.595 0.522 0.52 0.595 0.479 0.48 0.537
0.604 0.604 0.476 0.476 0.604 0.466 0.461 0.477
0.647 0.647 0.497 0.511 0.647 0.451 0.452 0.523
0.604 0.604 0.502 0.475 0.604 0.466 0.466 0.54
0.611 0.611 0.481 0.513 0.611 0.456 0.454 0.531
0.614 0.614 0.532 0.522 0.614 0.465 0.47 0.587
0.621 0.621 0.509 0.509 0.621 0.458 0.453 0.526
0.63 0.63 0.484 0.487 0.63 0.492 0.489 0.53
0.626 0.626 0.504 0.52 0.626 0.456 0.454 0.515
0.611 0.611 0.498 0.5 0.611 0.474 0.475 0.535
0.616 0.616 0.507 0.504 0.616 0.452 0.453 0.512
0.611 0.611 0.508 0.5 0.611 0.48 0.477 0.498
0.608 0.608 0.45 0.477 0.608 0.444 0.444 0.539
0.641 0.641 0.49 0.527 0.641 0.429 0.427 0.448
0.619 0.619 0.514 0.515 0.619 0.49 0.49 0.61
0.644 0.644 0.489 0.532 0.644 0.446 0.45 0.488
0.609 0.609 0.49 0.512 0.609 0.486 0.485 0.534
0.6 0.6 0.489 0.493 0.6 0.474 0.472 0.514
0.637 0.637 0.519 0.518 0.637 0.454 0.455 0.519
0.6 0.6 0.513 0.505 0.6 0.442 0.442 0.554
0.631 0.631 0.467 0.501 0.631 0.46 0.465 0.501
0.599 0.599 0.525 0.528 0.599 0.474 0.474 0.512
0.603 0.603 0.485 0.543 0.603 0.493 0.486 0.576
0.634 0.634 0.525 0.49 0.634 0.473 0.475 0.544
0.634 0.634 0.476 0.491 0.634 0.469 0.472 0.577
0.624 0.624 0.497 0.516 0.624 0.446 0.446 0.497
0.6 0.6 0.524 0.494 0.6 0.481 0.479 0.543
0.626 0.626 0.49 0.482 0.626 0.481 0.484 0.534
0.608 0.608 0.487 0.507 0.608 0.479 0.48 0.561
0.617 0.617 0.482 0.514 0.617 0.456 0.455 0.51
0.621 0.621 0.502 0.49 0.621 0.451 0.451 0.538
0.6 0.6 0.477 0.506 0.6 0.468 0.468 0.566
0.604 0.604 0.492 0.497 0.604 0.486 0.485 0.543
0.618 0.618 0.494 0.5 0.618 0.454 0.454 0.488
0.612 0.612 0.479 0.488 0.612 0.449 0.453 0.51
0.641 0.641 0.485 0.485 0.641 0.469 0.466 0.539
0.592 0.592 0.482 0.467 0.592 0.48 0.484 0.513
0.626 0.626 0.493 0.498 0.626 0.447 0.445 0.471
0.62 0.62 0.498 0.49 0.62 0.447 0.448 0.56
0.582 0.582 0.498 0.501 0.582 0.502 0.501 0.546
0.607 0.607 0.515 0.492 0.607 0.453 0.454 0.599
0.599 0.599 0.507 0.492 0.599 0.472 0.47 0.504
0.599 0.599 0.524 0.492 0.599 0.49 0.492 0.552
0.616 0.616 0.496 0.479 0.616 0.451 0.45 0.512
0.638 0.638 0.492 0.495 0.638 0.429 0.426 0.431
0.595 0.595 0.494 0.539 0.595 0.478 0.478 0.572
0.623 0.623 0.505 0.484 0.623 0.442 0.437 0.475
0.62 0.62 0.497 0.526 0.62 0.442 0.442 0.483
0.62 0.62 0.519 0.511 0.62 0.451 0.452 0.52
0.596 0.596 0.502 0.484 0.596 0.463 0.464 0.512
0.589 0.589 0.515 0.498 0.589 0.486 0.485 0.541
0.596 0.596 0.52 0.487 0.596 0.476 0.48 0.521
0.604 0.604 0.505 0.507 0.604 0.489 0.486 0.511
0.612 0.612 0.506 0.498 0.612 0.446 0.444 0.509
0.625 0.625 0.505 0.486 0.625 0.46 0.46 0.533
0.589 0.589 0.48 0.479 0.589 0.468 0.468 0.568
0.587 0.587 0.513 0.496 0.587 0.49 0.494 0.589
0.611 0.611 0.512 0.49 0.611 0.465 0.46 0.574
0.628 0.628 0.519 0.501 0.628 0.464 0.464 0.529
0.627 0.627 0.492 0.484 0.627 0.457 0.458 0.478
0.608 0.608 0.47 0.526 0.608 0.491 0.49 0.575
0.622 0.622 0.496 0.523 0.622 0.462 0.46 0.522
0.598 0.598 0.516 0.489 0.598 0.455 0.458 0.534
0.607 0.607 0.521 0.505 0.607 0.46 0.459 0.505
0.645 0.645 0.503 0.47 0.645 0.448 0.452 0.514
0.591 0.591 0.509 0.464 0.591 0.464 0.46 0.504
0.608 0.608 0.494 0.504 0.608 0.465 0.469 0.503
0.639 0.639 0.525 0.487 0.639 0.426 0.423 0.453
0.621 0.621 0.472 0.514 0.621 0.448 0.445 0.539
0.602 0.602 0.473 0.525 0.602 0.454 0.458 0.519
0.58 0.58 0.517 0.505 0.58 0.489 0.489 0.572
0.619 0.619 0.488 0.473 0.619 0.449 0.447 0.51
0.598 0.598 0.499 0.515 0.598 0.504 0.504 0.496
0.634 0.634 0.492 0.494 0.634 0.471 0.47 0.514
0.643 0.643 0.502 0.505 0.643 0.472 0.468 0.472
0.613 0.613 0.493 0.51 0.613 0.442 0.442 0.539
0.612 0.612 0.503 0.485 0.612 0.462 0.459 0.534
0.58 0.58 0.513 0.492 0.58 0.485 0.487 0.569
0.63 0.63 0.477 0.507 0.63 0.435 0.435 0.478
0.627 0.627 0.524 0.495 0.627 0.481 0.482 0.521
0.622 0.622 0.504 0.49 0.622 0.455 0.456 0.529
0.613 0.613 0.481 0.473 0.613 0.479 0.481 0.53
0.64 0.64 0.492 0.52 0.64 0.448 0.447 0.501
0.603 0.603 0.507 0.523 0.603 0.454 0.461 0.528
0.606 0.606 0.482 0.511 0.606 0.434 0.435 0.495
0.631 0.631 0.517 0.525 0.631 0.448 0.444 0.45
0.634 0.634 0.524 0.489 0.634 0.469 0.468 0.449
0.647 0.647 0.485 0.489 0.647 0.445 0.443 0.489
0.604 0.604 0.511 0.527 0.604 0.464 0.464 0.555
0.61 0.61 0.507 0.468 0.61 0.46 0.458 0.534
0.625 0.625 0.472 0.512 0.625 0.465 0.466 0.491
0.615 0.615 0.537 0.48 0.615 0.447 0.447 0.447
0.617 0.617 0.468 0.508 0.617 0.456 0.456 0.517
0.581 0.581 0.509 0.472 0.581 0.479 0.478 0.547
0.612 0.612 0.494 0.485 0.612 0.462 0.463 0.558
0.631 0.631 0.488 0.492 0.631 0.471 0.471 0.564
0.6 0.6 0.487 0.51 0.6 0.516 0.518 0.572
0.622 0.622 0.491 0.494 0.622 0.45 0.446 0.547
0.603 0.603 0.507 0.513 0.603 0.457 0.459 0.529
0.593 0.593 0.489 0.516 0.593 0.501 0.501 0.563
0.611 0.611 0.494 0.516 0.611 0.478 0.475 0.54
0.611 0.611 0.504 0.474 0.611 0.478 0.476 0.468
0.622 0.622 0.508 0.513 0.622 0.439 0.44 0.443
0.622 0.622 0.502 0.482 0.622 0.437 0.435 0.506
0.624 0.624 0.521 0.474 0.624 0.447 0.447 0.524
0.6 0.6 0.498 0.495 0.6 0.506 0.501 0.56
0.585 0.585 0.486 0.479 0.585 0.466 0.462 0.528
0.632 0.632 0.5 0.489 0.632 0.432 0.432 0.558
0.604 0.604 0.487 0.499 0.604 0.458 0.454 0.514
0.624 0.624 0.515 0.521 0.624 0.452 0.455 0.536
0.624 0.624 0.49 0.519 0.624 0.443 0.441 0.506
0.602 0.602 0.519 0.509 0.602 0.457 0.455 0.541
0.625 0.625 0.479 0.484 0.625 0.473 0.473 0.581
0.621 0.621 0.498 0.5 0.621 0.429 0.424 0.553
0.603 0.603 0.475 0.507 0.603 0.478 0.48 0.557
0.584 0.584 0.466 0.501 0.584 0.465 0.467 0.568
0.637 0.637 0.491 0.487 0.637 0.481 0.482 0.515
0.636 0.636 0.511 0.502 0.636 0.455 0.45 0.505
0.649 0.649 0.475 0.508 0.649 0.483 0.484 0.516
0.621 0.621 0.519 0.505 0.621 0.446 0.446 0.484
0.635 0.635 0.497 0.501 0.635 0.426 0.425 0.478
0.62 0.62 0.502 0.513 0.62 0.45 0.455 0.535
0.612 0.612 0.501 0.485 0.612 0.481 0.484 0.526
0.624 0.624 0.496 0.479 0.624 0.466 0.466 0.559
0.597 0.597 0.525 0.499 0.597 0.479 0.478 0.538
0.611 0.611 0.514 0.485 0.611 0.473 0.474 0.513
0.603 0.603 0.479 0.49 0.603 0.463 0.462 0.542
0.61 0.61 0.51 0.497 0.61 0.459 0.454 0.546
0.601 0.601 0.513 0.509 0.601 0.528 0.525 0.578
0.628 0.628 0.497 0.488 0.628 0.464 0.462 0.524
0.572 0.572 0.515 0.512 0.572 0.487 0.487 0.531
0.62 0.62 0.49 0.524 0.62 0.477 0.476 0.558
0.619 0.619 0.49 0.506 0.619 0.439 0.436 0.501
0.589 0.589 0.517 0.508 0.589 0.489 0.487 0.572
0.588 0.588 0.51 0.492 0.588 0.444 0.444 0.559
0.609 0.609 0.489 0.483 0.609 0.463 0.465 0.548
0.62 0.62 0.494 0.497 0.62 0.484 0.478 0.52
0.62 0.62 0.493 0.488 0.62 0.48 0.48 0.514
0.614 0.614 0.501 0.501 0.614 0.455 0.455 0.506
0.612 0.612 0.498 0.509 0.612 0.445 0.445 0.505
0.617 0.617 0.516 0.516 0.617 0.455 0.455 0.521
0.621 0.621 0.48 0.478 0.621 0.439 0.439 0.549
0.608 0.608 0.51 0.502 0.608 0.466 0.463 0.538
0.628 0.628 0.48 0.499 0.628 0.452 0.451 0.489
0.594 0.594 0.493 0.495 0.594 0.455 0.453 0.497
0.602 0.602 0.502 0.512 0.602 0.452 0.452 0.522
0.634 0.634 0.482 0.461 0.634 0.463 0.458 0.532
0.596 0.596 0.504 0.475 0.596 0.478 0.475 0.548
0.612 0.612 0.516 0.519 0.612 0.458 0.458 0.522
0.627 0.627 0.475 0.489 0.627 0.467 0.467 0.548
0.608 0.608 0.508 0.528 0.608 0.432 0.434 0.508
0.626 0.626 0.522 0.509 0.626 0.47 0.47 0.556
0.609 0.609 0.493 0.502 0.609 0.466 0.467 0.559
0.635 0.635 0.505 0.511 0.635 0.488 0.484 0.573
0.628 0.628 0.515 0.508 0.628 0.458 0.459 0.549
0.604 0.604 0.476 0.482 0.604 0.478 0.477 0.562
0.622 0.622 0.495 0.481 0.622 0.495 0.497 0.554
0.64 0.64 0.492 0.487 0.64 0.463 0.463 0.552
0.609 0.609 0.499 0.504 0.609 0.456 0.45 0.51
0.635 0.635 0.526 0.525 0.635 0.425 0.426 0.517
0.613 0.613 0.517 0.49 0.613 0.446 0.44 0.508
0.632 0.632 0.503 0.516 0.632 0.471 0.47 0.603
0.643 0.643 0.491 0.507 0.643 0.435 0.434 0.498
0.615 0.615 0.52 0.493 0.615 0.473 0.472 0.508
0.585 0.585 0.502 0.454 0.585 0.498 0.493 0.557
0.591 0.591 0.502 0.491 0.591 0.489 0.493 0.54
0.619 0.619 0.493 0.471 0.619 0.456 0.455 0.497
0.632 0.632 0.518 0.526 0.632 0.456 0.457 0.549
0.601 0.601 0.505 0.516 0.601 0.468 0.468 0.519
0.636 0.636 0.473 0.534 0.636 0.45 0.45 0.533
0.606 0.606 0.494 0.51 0.606 0.473 0.473 0.542
0.602 0.602 0.506 0.49 0.602 0.474 0.475 0.551
0.596 0.596 0.501 0.506 0.596 0.483 0.478 0.542
0.583 0.583 0.513 0.523 0.583 0.505 0.502 0.559
0.63 0.63 0.513 0.504 0.63 0.439 0.441 0.505
0.588 0.588 0.488 0.492 0.588 0.49 0.488 0.509
0.618 0.618 0.526 0.488 0.618 0.462 0.458 0.485
0.569 0.569 0.505 0.504 0.569 0.491 0.486 0.566
0.616 0.616 0.525 0.508 0.616 0.467 0.466 0.494
0.606 0.606 0.497 0.507 0.606 0.462 0.462 0.524
0.616 0.616 0.511 0.492 0.616 0.465 0.464 0.48
0.642 0.642 0.489 0.481 0.642 0.457 0.458 0.563
0.608 0.608 0.503 0.5 0.608 0.492 0.493 0.57
0.597 0.597 0.499 0.472 0.597 0.48 0.479 0.497
0.623 0.623 0.504 0.514 0.623 0.435 0.436 0.492
0.597 0.597 0.519 0.518 0.597 0.465 0.465 0.549
0.629 0.629 0.524 0.482 0.629 0.451 0.447 0.499
0.598 0.598 0.506 0.501 0.598 0.48 0.476 0.525
0.622 0.622 0.504 0.511 0.622 0.485 0.489 0.571
0.614 0.614 0.509 0.485 0.614 0.437 0.435 0.555
0.611 0.611 0.494 0.504 0.611 0.437 0.434 0.503
0.615 0.615 0.486 0.494 0.615 0.469 0.468 0.529
0.635 0.635 0.497 0.503 0.635 0.452 0.449 0.51
0.599 0.599 0.494 0.466 0.599 0.463 0.459 0.553
0.601 0.601 0.495 0.505 0.601 0.472 0.472 0.52
0.599 0.599 0.51 0.484 0.599 0.478 0.478 0.518
0.598 0.598 0.478 0.549 0.598 0.5 0.498 0.563
0.597 0.597 0.507 0.494 0.597 0.451 0.451 0.549
0.627 0.627 0.506 0.508 0.627 0.457 0.459 0.511
0.635 0.635 0.52 0.501 0.635 0.466 0.466 0.543
0.626 0.626 0.502 0.514 0.626 0.483 0.49 0.586
0.589 0.589 0.461 0.514 0.589 0.475 0.473 0.55
0.587 0.587 0.496 0.508 0.587 0.476 0.476 0.546
0.601 0.601 0.49 0.49 0.601 0.482 0.485 0.566
0.598 0.598 0.51 0.505 0.598 0.461 0.466 0.51
0.604 0.604 0.493 0.506 0.604 0.458 0.457 0.566
0.637 0.637 0.508 0.47 0.637 0.435 0.433 0.52
0.604 0.604 0.496 0.49 0.604 0.459 0.458 0.514
0.606 0.606 0.49 0.473 0.606 0.503 0.503 0.551
0.615 0.615 0.496 0.518 0.615 0.471 0.472 0.499
0.626 0.626 0.533 0.513 0.626 0.463 0.464 0.486
0.617 0.617 0.474 0.521 0.617 0.479 0.481 0.526
0.604 0.604 0.466 0.487 0.604 0.467 0.466 0.529
0.604 0.604 0.509 0.487 0.604 0.487 0.486 0.565
0.606 0.606 0.495 0.473 0.606 0.467 0.468 0.574
0.609 0.609 0.493 0.533 0.609 0.457 0.456 0.473
