0.59 0.59 0.519 0.499 0.59 0.445 0.444 0.42
0.589 0.588 0.513 0.501 0.589 0.468 0.465 0.434
0.589 0.589 0.534 0.487 0.589 0.466 0.461 0.438
0.594 0.593 0.511 0.518 0.594 0.502 0.496 0.457
0.582 0.582 0.475 0.525 0.582 0.447 0.441 0.455
0.585 0.586 0.548 0.484 0.585 0.452 0.452 0.437
0.598 0.599 0.504 0.512 0.599 0.487 0.49 0.487
0.589 0.589 0.515 0.504 0.589 0.454 0.46 0.451
0.613 0.613 0.523 0.472 0.613 0.483 0.478 0.444
0.58 0.581 0.528 0.502 0.58 0.449 0.432 0.455
0.613 0.613 0.511 0.501 0.613 0.445 0.459 0.437
0.594 0.594 0.496 0.485 0.594 0.439 0.445 0.432
0.589 0.588 0.485 0.497 0.59 0.438 0.438 0.42
0.608 0.608 0.488 0.504 0.608 0.443 0.441 0.418
0.633 0.632 0.497 0.503 0.633 0.415 0.411 0.395
0.578 0.578 0.495 0.506 0.578 0.464 0.46 0.461
0.584 0.584 0.487 0.491 0.584 0.426 0.428 0.44
0.57 0.571 0.505 0.514 0.569 0.48 0.473 0.451
0.578 0.578 0.508 0.527 0.578 0.434 0.434 0.456
0.594 0.594 0.5 0.503 0.594 0.462 0.454 0.443
0.61 0.611 0.47 0.515 0.612 0.498 0.481 0.454
0.601 0.6 0.485 0.5 0.601 0.475 0.466 0.411
0.604 0.604 0.492 0.481 0.604 0.46 0.461 0.475
0.578 0.578 0.5 0.482 0.578 0.46 0.45 0.469
0.593 0.593 0.496 0.479 0.593 0.445 0.449 0.421
0.596 0.596 0.472 0.489 0.597 0.427 0.426 0.424
0.617 0.616 0.514 0.512 0.617 0.446 0.446 0.423
0.603 0.6 0.5 0.507 0.603 0.465 0.461 0.441
0.581 0.582 0.503 0.499 0.589 0.461 0.461 0.47
0.603 0.603 0.507 0.495 0.603 0.443 0.445 0.418
0.597 0.597 0.485 0.505 0.594 0.457 0.457 0.454
0.573 0.572 0.485 0.483 0.573 0.468 0.47 0.461
0.577 0.578 0.498 0.49 0.577 0.456 0.447 0.456
0.593 0.593 0.525 0.513 0.595 0.444 0.453 0.43
0.572 0.572 0.487 0.5 0.572 0.469 0.471 0.441
0.615 0.616 0.518 0.474 0.616 0.467 0.464 0.432
0.59 0.59 0.503 0.488 0.59 0.441 0.443 0.441
0.595 0.595 0.488 0.472 0.595 0.472 0.472 0.481
0.577 0.58 0.508 0.504 0.577 0.453 0.445 0.439
0.587 0.586 0.516 0.508 0.587 0.484 0.472 0.458
0.598 0.598 0.464 0.488 0.599 0.418 0.417 0.405
0.618 0.618 0.518 0.503 0.618 0.47 0.469 0.446
0.59 0.591 0.487 0.48 0.589 0.434 0.425 0.418
0.582 0.582 0.492 0.491 0.582 0.436 0.434 0.443
0.598 0.598 0.48 0.515 0.598 0.452 0.452 0.432
0.611 0.611 0.496 0.503 0.611 0.419 0.419 0.391
0.601 0.6 0.471 0.51 0.598 0.463 0.463 0.47
0.614 0.614 0.488 0.495 0.615 0.437 0.433 0.431
0.594 0.594 0.496 0.511 0.594 0.438 0.438 0.423
0.582 0.582 0.508 0.517 0.582 0.489 0.489 0.458
0.616 0.617 0.5 0.522 0.616 0.431 0.429 0.402
0.598 0.598 0.487 0.518 0.598 0.447 0.435 0.423
0.569 0.568 0.494 0.49 0.569 0.462 0.465 0.448
0.604 0.604 0.481 0.505 0.604 0.415 0.416 0.414
0.56 0.56 0.51 0.495 0.56 0.459 0.443 0.45
0.567 0.567 0.494 0.516 0.567 0.48 0.487 0.46
0.595 0.596 0.482 0.501 0.595 0.461 0.457 0.421
0.596 0.597 0.492 0.509 0.597 0.44 0.442 0.423
0.598 0.598 0.503 0.521 0.598 0.446 0.434 0.422
0.605 0.605 0.512 0.483 0.605 0.433 0.424 0.423
0.582 0.582 0.549 0.521 0.582 0.469 0.449 0.452
0.586 0.587 0.504 0.505 0.586 0.472 0.464 0.434
0.578 0.578 0.487 0.507 0.578 0.47 0.468 0.465
0.601 0.601 0.495 0.512 0.601 0.482 0.495 0.469
0.585 0.585 0.492 0.498 0.586 0.444 0.439 0.442
0.565 0.565 0.532 0.514 0.565 0.471 0.47 0.477
0.58 0.58 0.491 0.469 0.58 0.461 0.465 0.467
0.615 0.615 0.487 0.505 0.615 0.43 0.428 0.444
0.589 0.589 0.507 0.523 0.589 0.47 0.476 0.454
0.598 0.596 0.492 0.495 0.596 0.464 0.461 0.455
0.589 0.589 0.478 0.507 0.589 0.463 0.462 0.429
0.601 0.601 0.497 0.496 0.602 0.432 0.427 0.408
0.548 0.551 0.463 0.486 0.548 0.47 0.478 0.466
0.587 0.587 0.515 0.511 0.588 0.455 0.448 0.457
0.609 0.608 0.474 0.512 0.608 0.459 0.455 0.436
0.622 0.623 0.488 0.5 0.622 0.465 0.458 0.438
0.592 0.592 0.472 0.526 0.592 0.451 0.445 0.413
0.628 0.628 0.473 0.529 0.628 0.477 0.465 0.425
0.573 0.573 0.493 0.483 0.573 0.461 0.452 0.437
0.597 0.598 0.503 0.513 0.597 0.461 0.449 0.454
0.623 0.623 0.474 0.494 0.623 0.476 0.49 0.489
0.591 0.591 0.514 0.51 0.591 0.444 0.447 0.449
0.587 0.59 0.491 0.495 0.587 0.459 0.455 0.431
0.591 0.593 0.496 0.497 0.589 0.45 0.45 0.431
0.555 0.555 0.528 0.472 0.558 0.494 0.49 0.473
0.581 0.581 0.513 0.517 0.583 0.463 0.468 0.448
0.611 0.611 0.522 0.505 0.611 0.446 0.436 0.41
0.594 0.594 0.527 0.49 0.594 0.471 0.471 0.47
0.628 0.629 0.487 0.498 0.628 0.464 0.453 0.425
0.58 0.58 0.489 0.484 0.583 0.47 0.471 0.449
0.583 0.583 0.49 0.482 0.583 0.453 0.439 0.429
0.592 0.592 0.496 0.517 0.592 0.466 0.458 0.43
0.593 0.593 0.491 0.495 0.593 0.464 0.467 0.476
0.586 0.587 0.474 0.482 0.586 0.43 0.428 0.457
0.602 0.602 0.501 0.523 0.602 0.452 0.456 0.415
0.589 0.588 0.533 0.511 0.589 0.456 0.446 0.436
0.577 0.577 0.461 0.482 0.577 0.468 0.462 0.462
0.587 0.587 0.5 0.528 0.591 0.425 0.424 0.421
0.618 0.618 0.5 0.493 0.619 0.466 0.461 0.457
0.611 0.611 0.492 0.484 0.61 0.45 0.445 0.413
0.586 0.586 0.513 0.489 0.586 0.465 0.464 0.469
0.582 0.581 0.495 0.509 0.582 0.463 0.467 0.473
0.597 0.597 0.504 0.51 0.597 0.454 0.447 0.449
0.589 0.59 0.5 0.48 0.59 0.462 0.455 0.428
0.587 0.587 0.495 0.494 0.587 0.484 0.477 0.476
0.583 0.583 0.497 0.518 0.585 0.47 0.468 0.438
0.592 0.59 0.499 0.503 0.592 0.482 0.478 0.474
0.592 0.592 0.53 0.51 0.592 0.464 0.465 0.435
0.601 0.601 0.52 0.508 0.601 0.463 0.464 0.45
0.599 0.599 0.499 0.501 0.599 0.442 0.439 0.42
0.606 0.604 0.485 0.485 0.606 0.459 0.443 0.433
0.591 0.592 0.499 0.522 0.591 0.46 0.453 0.448
0.59 0.589 0.52 0.505 0.59 0.478 0.476 0.464
0.602 0.601 0.5 0.501 0.601 0.447 0.454 0.421
0.608 0.605 0.497 0.484 0.607 0.463 0.46 0.435
0.591 0.593 0.496 0.502 0.593 0.448 0.453 0.45
0.612 0.612 0.508 0.499 0.612 0.451 0.452 0.449
0.602 0.602 0.488 0.515 0.602 0.45 0.453 0.444
0.604 0.603 0.522 0.513 0.604 0.48 0.479 0.469
0.596 0.597 0.514 0.481 0.596 0.452 0.454 0.43
0.623 0.623 0.485 0.508 0.623 0.471 0.465 0.414
0.604 0.604 0.49 0.49 0.604 0.447 0.447 0.429
0.6 0.6 0.471 0.508 0.6 0.48 0.466 0.436
0.583 0.583 0.512 0.505 0.583 0.458 0.456 0.443
0.581 0.582 0.503 0.504 0.584 0.463 0.452 0.46
0.63 0.63 0.511 0.474 0.63 0.444 0.439 0.389
0.615 0.615 0.501 0.496 0.615 0.424 0.424 0.397
0.59 0.589 0.506 0.507 0.59 0.461 0.454 0.435
0.619 0.619 0.491 0.503 0.622 0.437 0.431 0.397
0.629 0.628 0.515 0.508 0.629 0.446 0.447 0.441
0.609 0.609 0.502 0.489 0.61 0.431 0.424 0.411
0.591 0.591 0.5 0.517 0.591 0.452 0.443 0.433
0.601 0.601 0.47 0.504 0.602 0.454 0.45 0.434
0.595 0.595 0.519 0.526 0.595 0.457 0.46 0.468
0.594 0.594 0.486 0.506 0.594 0.431 0.428 0.419
0.607 0.607 0.493 0.519 0.608 0.447 0.447 0.434
0.6 0.6 0.5 0.532 0.6 0.483 0.496 0.477
0.6 0.601 0.479 0.479 0.601 0.492 0.489 0.492
0.58 0.58 0.509 0.5 0.58 0.487 0.487 0.477
0.612 0.612 0.521 0.497 0.615 0.41 0.401 0.395
0.604 0.602 0.494 0.522 0.602 0.457 0.454 0.44
0.579 0.579 0.514 0.488 0.577 0.479 0.489 0.508
0.578 0.579 0.49 0.478 0.581 0.461 0.461 0.483
0.59 0.59 0.491 0.473 0.59 0.477 0.471 0.445
0.608 0.608 0.488 0.493 0.608 0.428 0.422 0.42
0.607 0.607 0.501 0.504 0.607 0.453 0.441 0.426
0.593 0.593 0.534 0.507 0.593 0.455 0.443 0.417
0.576 0.576 0.495 0.505 0.576 0.475 0.476 0.469
0.606 0.609 0.545 0.471 0.608 0.471 0.472 0.423
0.577 0.578 0.507 0.49 0.577 0.458 0.458 0.46
0.614 0.614 0.504 0.51 0.614 0.449 0.452 0.422
0.618 0.617 0.509 0.492 0.618 0.447 0.452 0.438
0.585 0.585 0.522 0.508 0.585 0.433 0.438 0.476
0.586 0.586 0.51 0.483 0.586 0.483 0.479 0.472
0.582 0.582 0.532 0.504 0.582 0.481 0.485 0.476
0.593 0.593 0.476 0.464 0.593 0.445 0.436 0.426
0.59 0.59 0.493 0.512 0.59 0.45 0.449 0.447
0.593 0.593 0.504 0.518 0.593 0.442 0.442 0.436
0.626 0.626 0.479 0.512 0.626 0.418 0.416 0.4
0.588 0.588 0.541 0.513 0.588 0.47 0.471 0.47
0.585 0.585 0.473 0.449 0.585 0.447 0.435 0.448
0.598 0.598 0.488 0.499 0.598 0.445 0.429 0.415
0.615 0.615 0.489 0.493 0.615 0.447 0.441 0.429
0.606 0.607 0.476 0.537 0.606 0.488 0.489 0.466
0.594 0.594 0.484 0.503 0.594 0.474 0.471 0.468
0.614 0.614 0.492 0.501 0.614 0.47 0.46 0.441
0.597 0.597 0.489 0.49 0.595 0.487 0.483 0.462
0.581 0.581 0.487 0.483 0.581 0.471 0.477 0.444
0.609 0.609 0.518 0.496 0.61 0.417 0.42 0.415
0.609 0.609 0.519 0.492 0.609 0.414 0.413 0.398
0.622 0.621 0.488 0.48 0.622 0.416 0.41 0.392
0.628 0.628 0.489 0.51 0.628 0.418 0.41 0.439
0.599 0.6 0.541 0.497 0.6 0.447 0.445 0.434
0.589 0.589 0.491 0.498 0.589 0.449 0.455 0.458
0.578 0.578 0.493 0.512 0.576 0.462 0.462 0.487
0.583 0.583 0.517 0.508 0.586 0.459 0.46 0.457
0.625 0.625 0.51 0.475 0.625 0.467 0.467 0.469
0.597 0.593 0.484 0.528 0.593 0.442 0.448 0.427
0.62 0.62 0.507 0.526 0.62 0.44 0.426 0.399
0.571 0.571 0.489 0.509 0.571 0.468 0.466 0.472
0.594 0.594 0.51 0.512 0.594 0.45 0.444 0.45
0.589 0.589 0.485 0.52 0.589 0.467 0.471 0.443
0.595 0.595 0.484 0.494 0.595 0.451 0.444 0.465
0.593 0.592 0.499 0.496 0.593 0.43 0.426 0.404
0.602 0.602 0.532 0.487 0.602 0.429 0.426 0.418
0.611 0.611 0.474 0.505 0.611 0.494 0.491 0.447
0.567 0.567 0.503 0.478 0.567 0.451 0.44 0.444
0.606 0.606 0.496 0.5 0.606 0.45 0.453 0.444
0.587 0.591 0.521 0.513 0.588 0.427 0.426 0.431
0.627 0.627 0.491 0.515 0.627 0.482 0.486 0.433
0.605 0.606 0.523 0.521 0.603 0.474 0.469 0.456
0.597 0.597 0.525 0.496 0.598 0.468 0.457 0.434
0.587 0.586 0.514 0.514 0.587 0.454 0.448 0.449
0.581 0.581 0.535 0.495 0.581 0.465 0.459 0.447
0.619 0.619 0.53 0.495 0.623 0.43 0.423 0.411
0.601 0.601 0.489 0.487 0.601 0.455 0.451 0.444
0.608 0.608 0.492 0.514 0.608 0.441 0.441 0.434
0.61 0.61 0.494 0.504 0.61 0.426 0.409 0.396
0.611 0.61 0.49 0.495 0.611 0.502 0.505 0.549
0.602 0.602 0.503 0.481 0.602 0.461 0.46 0.438
0.61 0.611 0.479 0.505 0.61 0.469 0.468 0.444
0.62 0.621 0.49 0.501 0.62 0.463 0.46 0.474
0.6 0.6 0.496 0.495 0.6 0.467 0.467 0.444
0.594 0.594 0.496 0.496 0.594 0.459 0.46 0.47
0.613 0.614 0.496 0.477 0.613 0.438 0.438 0.454
0.608 0.606 0.514 0.505 0.606 0.456 0.445 0.432
0.618 0.618 0.533 0.497 0.619 0.444 0.45 0.464
0.605 0.606 0.5 0.527 0.605 0.438 0.438 0.412
0.594 0.594 0.502 0.483 0.594 0.461 0.459 0.452
0.589 0.589 0.488 0.497 0.589 0.455 0.451 0.469
0.588 0.588 0.499 0.52 0.588 0.43 0.431 0.426
0.614 0.614 0.49 0.485 0.614 0.441 0.44 0.411
0.593 0.593 0.496 0.479 0.593 0.476 0.479 0.441
0.624 0.625 0.481 0.487 0.624 0.442 0.435 0.406
0.61 0.61 0.481 0.494 0.61 0.422 0.403 0.394
0.624 0.624 0.492 0.512 0.624 0.454 0.465 0.416
0.585 0.585 0.489 0.491 0.585 0.446 0.445 0.432
0.6 0.6 0.511 0.502 0.6 0.451 0.46 0.437
0.604 0.604 0.516 0.489 0.604 0.451 0.45 0.424
0.609 0.609 0.528 0.495 0.61 0.45 0.446 0.444
0.585 0.584 0.483 0.485 0.584 0.473 0.47 0.453
0.597 0.598 0.482 0.529 0.597 0.472 0.466 0.463
0.636 0.635 0.52 0.484 0.636 0.476 0.476 0.456
0.581 0.58 0.502 0.519 0.581 0.457 0.457 0.439
0.612 0.613 0.507 0.477 0.612 0.465 0.462 0.439
0.591 0.591 0.492 0.497 0.591 0.478 0.469 0.455
0.596 0.596 0.514 0.488 0.595 0.45 0.442 0.432
0.575 0.575 0.502 0.477 0.575 0.475 0.479 0.436
0.6 0.6 0.512 0.481 0.598 0.479 0.468 0.441
0.602 0.602 0.533 0.502 0.601 0.447 0.44 0.468
0.597 0.598 0.493 0.459 0.597 0.45 0.45 0.449
0.59 0.59 0.492 0.492 0.59 0.457 0.455 0.466
0.597 0.597 0.49 0.502 0.597 0.441 0.446 0.434
0.597 0.597 0.523 0.486 0.597 0.454 0.45 0.463
0.597 0.597 0.518 0.511 0.597 0.437 0.427 0.414
0.615 0.615 0.491 0.477 0.615 0.457 0.461 0.441
0.65 0.649 0.503 0.506 0.65 0.403 0.391 0.389
0.601 0.601 0.508 0.505 0.601 0.481 0.484 0.449
0.602 0.602 0.471 0.489 0.602 0.423 0.419 0.429
0.588 0.588 0.5 0.498 0.588 0.47 0.477 0.449
0.597 0.597 0.476 0.495 0.597 0.465 0.455 0.449
0.603 0.602 0.514 0.506 0.603 0.443 0.438 0.433
0.612 0.611 0.515 0.487 0.612 0.412 0.407 0.42
0.616 0.615 0.501 0.527 0.616 0.448 0.45 0.438
0.604 0.604 0.542 0.477 0.604 0.433 0.427 0.422
0.578 0.578 0.518 0.512 0.578 0.468 0.468 0.475
0.589 0.588 0.51 0.509 0.589 0.472 0.471 0.466
0.594 0.594 0.492 0.452 0.595 0.46 0.446 0.446
0.619 0.619 0.53 0.508 0.619 0.477 0.472 0.487
0.616 0.616 0.496 0.502 0.616 0.477 0.477 0.456
0.602 0.601 0.516 0.516 0.602 0.48 0.482 0.447
0.602 0.603 0.492 0.482 0.602 0.443 0.444 0.428
0.595 0.595 0.537 0.506 0.598 0.443 0.443 0.429
0.573 0.571 0.487 0.498 0.573 0.443 0.446 0.456
0.598 0.598 0.497 0.482 0.598 0.49 0.484 0.499
0.58 0.58 0.483 0.508 0.58 0.463 0.45 0.444
0.611 0.611 0.501 0.481 0.611 0.423 0.42 0.416
0.59 0.59 0.502 0.503 0.59 0.428 0.43 0.453
0.595 0.595 0.489 0.519 0.595 0.473 0.474 0.449
0.595 0.596 0.507 0.531 0.595 0.426 0.43 0.412
0.599 0.599 0.498 0.488 0.599 0.46 0.454 0.444
0.605 0.605 0.499 0.491 0.604 0.469 0.468 0.454
0.587 0.587 0.52 0.515 0.587 0.482 0.485 0.499
0.623 0.623 0.515 0.502 0.623 0.481 0.471 0.442
0.611 0.611 0.499 0.487 0.611 0.452 0.446 0.438
0.596 0.596 0.493 0.506 0.596 0.449 0.449 0.431
0.609 0.609 0.488 0.538 0.609 0.426 0.426 0.429
0.585 0.585 0.515 0.504 0.585 0.462 0.46 0.45
0.593 0.589 0.484 0.53 0.593 0.485 0.485 0.499
0.569 0.569 0.497 0.502 0.571 0.468 0.469 0.459
0.591 0.591 0.493 0.519 0.591 0.442 0.453 0.44
0.614 0.614 0.506 0.483 0.614 0.428 0.439 0.437
0.574 0.574 0.489 0.516 0.574 0.456 0.467 0.454
0.596 0.596 0.495 0.506 0.597 0.447 0.432 0.46
0.598 0.598 0.496 0.487 0.599 0.445 0.446 0.425
0.618 0.618 0.506 0.503 0.618 0.461 0.46 0.459
0.613 0.613 0.495 0.491 0.615 0.471 0.466 0.499
0.581 0.581 0.493 0.484 0.581 0.455 0.45 0.458
0.581 0.579 0.519 0.469 0.58 0.45 0.45 0.46
0.617 0.617 0.493 0.487 0.618 0.485 0.482 0.46
0.618 0.616 0.537 0.502 0.618 0.423 0.42 0.399
0.591 0.591 0.503 0.511 0.592 0.451 0.451 0.458
0.59 0.589 0.464 0.498 0.59 0.453 0.449 0.447
0.606 0.606 0.507 0.479 0.606 0.451 0.443 0.408
0.584 0.583 0.503 0.495 0.584 0.462 0.462 0.456
0.585 0.585 0.523 0.518 0.585 0.494 0.491 0.48
0.6 0.599 0.523 0.501 0.6 0.428 0.423 0.418
0.607 0.607 0.53 0.468 0.607 0.487 0.465 0.484
0.599 0.599 0.486 0.496 0.599 0.462 0.455 0.472
0.586 0.588 0.506 0.492 0.589 0.45 0.449 0.456
0.581 0.581 0.501 0.501 0.58 0.469 0.469 0.45
0.61 0.609 0.527 0.489 0.61 0.458 0.448 0.427
0.595 0.595 0.493 0.495 0.593 0.468 0.468 0.459
0.593 0.593 0.507 0.516 0.593 0.461 0.461 0.44
0.598 0.598 0.498 0.509 0.598 0.444 0.444 0.425
0.575 0.575 0.493 0.477 0.575 0.43 0.429 0.434
0.589 0.589 0.506 0.465 0.593 0.482 0.489 0.441
0.603 0.603 0.481 0.489 0.603 0.433 0.421 0.43
0.595 0.595 0.515 0.495 0.598 0.445 0.445 0.451
0.612 0.612 0.508 0.53 0.612 0.454 0.455 0.447
0.588 0.587 0.512 0.523 0.594 0.476 0.478 0.486
0.612 0.612 0.49 0.485 0.615 0.479 0.467 0.438
0.608 0.608 0.531 0.472 0.606 0.433 0.43 0.399
0.572 0.572 0.479 0.488 0.572 0.478 0.473 0.458
0.603 0.603 0.502 0.5 0.603 0.449 0.449 0.452
0.59 0.59 0.511 0.5 0.59 0.447 0.449 0.436
0.577 0.576 0.512 0.497 0.576 0.485 0.485 0.474
0.592 0.592 0.487 0.471 0.592 0.438 0.437 0.419
0.586 0.586 0.528 0.496 0.586 0.459 0.459 0.466
0.599 0.599 0.496 0.51 0.599 0.435 0.431 0.416
0.587 0.587 0.499 0.515 0.587 0.446 0.449 0.434
0.578 0.578 0.5 0.508 0.578 0.458 0.463 0.46
0.616 0.616 0.536 0.503 0.616 0.432 0.413 0.425
0.589 0.589 0.515 0.476 0.589 0.465 0.468 0.445
0.569 0.569 0.504 0.469 0.569 0.463 0.458 0.455
0.595 0.595 0.516 0.53 0.595 0.487 0.476 0.473
0.607 0.607 0.536 0.491 0.607 0.446 0.446 0.456
0.593 0.594 0.502 0.52 0.594 0.465 0.463 0.456
0.601 0.603 0.479 0.505 0.601 0.456 0.465 0.485
0.598 0.598 0.501 0.523 0.598 0.423 0.421 0.419
0.605 0.605 0.504 0.508 0.605 0.433 0.436 0.461
0.588 0.588 0.512 0.524 0.588 0.481 0.479 0.438
0.621 0.623 0.487 0.502 0.621 0.445 0.438 0.418
0.608 0.61 0.507 0.528 0.608 0.428 0.43 0.423
0.609 0.609 0.515 0.466 0.609 0.442 0.445 0.429
0.564 0.566 0.504 0.512 0.565 0.485 0.484 0.46
0.608 0.608 0.523 0.491 0.608 0.461 0.462 0.453
0.617 0.615 0.537 0.501 0.617 0.439 0.433 0.43
0.593 0.593 0.515 0.506 0.592 0.461 0.467 0.437
0.596 0.595 0.511 0.473 0.596 0.467 0.469 0.45
0.565 0.565 0.495 0.507 0.569 0.482 0.482 0.466
0.578 0.578 0.505 0.492 0.578 0.46 0.464 0.455
0.604 0.604 0.519 0.481 0.604 0.476 0.476 0.464
0.604 0.604 0.507 0.513 0.604 0.438 0.432 0.423
0.58 0.58 0.506 0.476 0.58 0.448 0.453 0.453
0.616 0.615 0.487 0.496 0.616 0.452 0.433 0.425
0.605 0.608 0.504 0.476 0.608 0.461 0.45 0.463
0.585 0.585 0.527 0.48 0.585 0.487 0.479 0.454
0.611 0.611 0.495 0.514 0.613 0.446 0.458 0.447
0.622 0.622 0.482 0.517 0.622 0.451 0.446 0.44
0.62 0.621 0.487 0.516 0.62 0.45 0.448 0.405
0.592 0.592 0.49 0.488 0.592 0.485 0.494 0.474
0.591 0.592 0.519 0.512 0.592 0.465 0.455 0.416
0.595 0.595 0.497 0.49 0.595 0.45 0.45 0.451
0.591 0.591 0.49 0.512 0.591 0.476 0.475 0.439
0.59 0.59 0.467 0.472 0.588 0.451 0.452 0.425
0.594 0.593 0.491 0.49 0.594 0.471 0.453 0.449
0.617 0.617 0.502 0.522 0.617 0.438 0.429 0.419
0.6 0.599 0.492 0.487 0.603 0.452 0.455 0.461
0.602 0.602 0.506 0.497 0.602 0.489 0.49 0.498
0.599 0.597 0.508 0.501 0.599 0.455 0.457 0.425
0.589 0.589 0.48 0.497 0.589 0.431 0.427 0.43
0.579 0.581 0.498 0.534 0.579 0.482 0.482 0.474
0.612 0.612 0.477 0.498 0.609 0.434 0.436 0.435
0.611 0.611 0.53 0.487 0.61 0.427 0.429 0.415
0.629 0.629 0.521 0.506 0.629 0.44 0.427 0.403
0.592 0.592 0.507 0.504 0.594 0.456 0.45 0.431
0.597 0.597 0.494 0.476 0.597 0.497 0.498 0.456
0.616 0.617 0.512 0.5 0.615 0.473 0.466 0.443
0.606 0.606 0.494 0.514 0.606 0.451 0.446 0.416
0.597 0.597 0.518 0.473 0.597 0.466 0.465 0.452
0.601 0.601 0.496 0.497 0.601 0.47 0.471 0.45
0.599 0.599 0.484 0.514 0.599 0.459 0.458 0.457
0.595 0.595 0.516 0.529 0.595 0.451 0.446 0.44
0.59 0.588 0.511 0.516 0.588 0.478 0.479 0.449
0.622 0.622 0.509 0.492 0.621 0.442 0.444 0.423
0.591 0.591 0.516 0.469 0.592 0.431 0.434 0.431
0.598 0.599 0.516 0.504 0.596 0.442 0.442 0.437
0.614 0.614 0.527 0.52 0.614 0.435 0.419 0.399
0.598 0.598 0.5 0.491 0.598 0.455 0.453 0.429
0.594 0.594 0.53 0.469 0.593 0.448 0.447 0.418
0.619 0.619 0.494 0.508 0.622 0.436 0.434 0.433
0.601 0.601 0.528 0.471 0.601 0.466 0.461 0.466
0.601 0.603 0.509 0.514 0.604 0.449 0.449 0.441
0.594 0.594 0.488 0.496 0.594 0.463 0.451 0.448
0.558 0.558 0.512 0.487 0.558 0.464 0.457 0.446
0.6 0.603 0.499 0.49 0.602 0.453 0.451 0.43
0.615 0.613 0.51 0.499 0.613 0.45 0.444 0.411
0.603 0.603 0.497 0.487 0.603 0.431 0.432 0.425
0.623 0.625 0.516 0.476 0.623 0.45 0.452 0.437
0.616 0.616 0.517 0.491 0.615 0.453 0.452 0.416
0.608 0.608 0.481 0.494 0.608 0.416 0.41 0.404
0.617 0.617 0.52 0.499 0.618 0.458 0.45 0.428
0.617 0.618 0.508 0.51 0.617 0.444 0.437 0.408
0.625 0.625 0.515 0.506 0.625 0.473 0.473 0.453
0.589 0.589 0.487 0.483 0.589 0.482 0.483 0.495
0.611 0.611 0.511 0.482 0.611 0.476 0.464 0.434
0.581 0.582 0.502 0.505 0.58 0.445 0.438 0.428
0.585 0.585 0.482 0.506 0.587 0.456 0.455 0.442
0.59 0.59 0.504 0.517 0.59 0.456 0.463 0.462
0.595 0.595 0.502 0.489 0.595 0.435 0.428 0.427
0.585 0.585 0.495 0.524 0.585 0.486 0.482 0.459
0.612 0.611 0.485 0.484 0.613 0.462 0.459 0.436
0.595 0.595 0.514 0.51 0.599 0.454 0.457 0.443
0.586 0.584 0.483 0.487 0.586 0.444 0.443 0.439
0.594 0.593 0.501 0.496 0.594 0.476 0.484 0.473
0.63 0.629 0.514 0.486 0.631 0.472 0.475 0.465
0.613 0.613 0.495 0.489 0.613 0.432 0.432 0.436
0.582 0.582 0.504 0.509 0.582 0.502 0.496 0.484
0.611 0.611 0.485 0.481 0.611 0.459 0.445 0.417
0.582 0.582 0.514 0.514 0.582 0.464 0.453 0.454
0.606 0.603 0.5 0.481 0.604 0.417 0.422 0.421
0.579 0.579 0.482 0.508 0.579 0.471 0.467 0.437
0.598 0.598 0.478 0.489 0.6 0.469 0.478 0.457
0.608 0.609 0.519 0.493 0.607 0.401 0.405 0.394
0.572 0.571 0.504 0.485 0.572 0.474 0.47 0.452
0.584 0.584 0.502 0.542 0.585 0.465 0.459 0.449
0.605 0.601 0.452 0.498 0.6 0.45 0.443 0.418
0.601 0.601 0.493 0.516 0.605 0.469 0.461 0.434
0.571 0.571 0.503 0.521 0.571 0.483 0.483 0.487
0.586 0.586 0.497 0.489 0.586 0.45 0.444 0.437
0.597 0.597 0.517 0.468 0.596 0.447 0.445 0.429
0.586 0.586 0.474 0.522 0.586 0.465 0.455 0.461
0.613 0.613 0.518 0.541 0.613 0.434 0.433 0.417
0.595 0.595 0.502 0.469 0.595 0.451 0.449 0.467
0.589 0.588 0.497 0.49 0.588 0.444 0.438 0.453
0.612 0.612 0.5 0.511 0.612 0.44 0.431 0.411
0.602 0.603 0.469 0.515 0.602 0.474 0.476 0.468
0.611 0.611 0.533 0.526 0.611 0.449 0.453 0.427
0.583 0.583 0.507 0.512 0.583 0.482 0.475 0.444
0.613 0.613 0.502 0.513 0.613 0.426 0.42 0.405
0.601 0.6 0.49 0.507 0.601 0.462 0.463 0.443
0.603 0.603 0.531 0.502 0.603 0.468 0.476 0.463
0.621 0.621 0.493 0.498 0.621 0.473 0.47 0.425
0.602 0.602 0.507 0.491 0.602 0.441 0.439 0.467
0.603 0.603 0.518 0.5 0.604 0.456 0.444 0.451
0.615 0.616 0.494 0.491 0.615 0.476 0.465 0.422
0.601 0.601 0.501 0.514 0.601 0.416 0.422 0.425
0.604 0.605 0.509 0.48 0.604 0.5 0.484 0.479
0.606 0.606 0.515 0.465 0.606 0.431 0.428 0.422
0.596 0.596 0.495 0.499 0.596 0.485 0.483 0.461
0.58 0.581 0.504 0.521 0.58 0.488 0.478 0.467
0.597 0.598 0.504 0.53 0.599 0.47 0.468 0.442
0.581 0.58 0.494 0.52 0.581 0.487 0.488 0.442
0.605 0.605 0.465 0.5 0.605 0.463 0.448 0.46
0.598 0.598 0.51 0.522 0.598 0.456 0.456 0.462
0.595 0.595 0.501 0.493 0.595 0.474 0.476 0.452
0.583 0.585 0.515 0.49 0.586 0.454 0.447 0.444
0.593 0.593 0.518 0.512 0.593 0.452 0.452 0.428
0.609 0.61 0.489 0.524 0.609 0.46 0.46 0.435
0.575 0.575 0.502 0.525 0.578 0.456 0.458 0.444
0.608 0.608 0.502 0.513 0.608 0.426 0.43 0.445
0.591 0.591 0.488 0.499 0.591 0.466 0.46 0.461
0.583 0.583 0.508 0.511 0.583 0.477 0.48 0.472
0.587 0.587 0.506 0.526 0.587 0.479 0.479 0.491
0.587 0.587 0.471 0.511 0.587 0.469 0.46 0.439
0.603 0.602 0.489 0.501 0.603 0.433 0.433 0.419
0.604 0.604 0.503 0.5 0.604 0.447 0.446 0.452
0.581 0.582 0.52 0.484 0.581 0.453 0.454 0.44
0.616 0.616 0.521 0.5 0.616 0.448 0.448 0.419
0.603 0.603 0.494 0.482 0.603 0.451 0.448 0.419
0.605 0.605 0.483 0.509 0.605 0.48 0.477 0.459
0.571 0.571 0.533 0.471 0.572 0.443 0.441 0.452
0.625 0.625 0.512 0.516 0.625 0.46 0.464 0.449
0.603 0.604 0.518 0.527 0.603 0.45 0.439 0.426
0.61 0.61 0.524 0.512 0.61 0.471 0.466 0.461
0.58 0.58 0.5 0.5 0.579 0.457 0.457 0.455
0.586 0.586 0.525 0.524 0.585 0.431 0.43 0.457
0.604 0.604 0.484 0.506 0.606 0.47 0.469 0.442
0.604 0.604 0.518 0.479 0.604 0.458 0.456 0.46
0.59 0.591 0.505 0.485 0.59 0.447 0.441 0.421
0.549 0.548 0.501 0.501 0.549 0.458 0.459 0.469
0.587 0.587 0.496 0.5 0.589 0.462 0.452 0.437
0.58 0.58 0.481 0.494 0.58 0.451 0.452 0.455
0.61 0.613 0.496 0.484 0.612 0.424 0.418 0.398
0.588 0.588 0.499 0.507 0.588 0.482 0.471 0.482
0.611 0.611 0.508 0.5 0.611 0.418 0.413 0.405
0.615 0.615 0.513 0.519 0.615 0.454 0.457 0.427
0.579 0.579 0.489 0.515 0.579 0.454 0.452 0.445
0.626 0.626 0.503 0.49 0.626 0.46 0.456 0.427
0.62 0.62 0.513 0.48 0.62 0.457 0.44 0.424
0.608 0.607 0.505 0.527 0.608 0.436 0.439 0.462
0.561 0.562 0.535 0.509 0.563 0.469 0.46 0.48
0.61 0.61 0.479 0.519 0.61 0.427 0.423 0.415
0.602 0.602 0.479 0.499 0.602 0.466 0.452 0.411
0.594 0.594 0.505 0.493 0.594 0.46 0.458 0.468
0.61 0.61 0.492 0.469 0.61 0.456 0.458 0.44
0.58 0.58 0.523 0.499 0.58 0.431 0.433 0.446
0.602 0.601 0.497 0.494 0.602 0.456 0.456 0.443
0.584 0.584 0.504 0.501 0.584 0.462 0.458 0.456
0.608 0.608 0.474 0.509 0.608 0.449 0.449 0.447
0.596 0.596 0.47 0.49 0.598 0.424 0.427 0.413
0.624 0.624 0.487 0.511 0.624 0.463 0.464 0.412
0.58 0.58 0.507 0.479 0.58 0.476 0.472 0.442
0.624 0.624 0.533 0.492 0.623 0.416 0.404 0.392
0.592 0.592 0.49 0.494 0.592 0.514 0.505 0.468
0.599 0.599 0.52 0.523 0.599 0.458 0.446 0.425
0.598 0.598 0.491 0.463 0.598 0.441 0.441 0.438
0.616 0.616 0.51 0.494 0.616 0.437 0.432 0.424
0.607 0.607 0.491 0.502 0.607 0.414 0.41 0.411
0.571 0.571 0.499 0.508 0.571 0.486 0.492 0.472
0.589 0.59 0.514 0.504 0.589 0.448 0.444 0.425
0.587 0.588 0.502 0.501 0.587 0.453 0.453 0.461
0.591 0.591 0.52 0.535 0.591 0.454 0.436 0.411
0.61 0.61 0.476 0.519 0.612 0.431 0.431 0.429
0.591 0.591 0.507 0.497 0.591 0.463 0.468 0.484
0.592 0.593 0.515 0.509 0.594 0.435 0.426 0.427
0.595 0.595 0.508 0.538 0.595 0.494 0.493 0.486
0.599 0.599 0.537 0.514 0.599 0.47 0.465 0.459
0.588 0.589 0.507 0.505 0.588 0.469 0.466 0.442
0.6 0.6 0.503 0.472 0.6 0.466 0.464 0.435
0.597 0.597 0.527 0.488 0.597 0.437 0.437 0.438
0.613 0.613 0.492 0.49 0.613 0.401 0.401 0.398
0.604 0.603 0.524 0.497 0.604 0.436 0.437 0.435
0.6 0.6 0.484 0.526 0.603 0.44 0.427 0.433
0.643 0.641 0.484 0.507 0.643 0.474 0.463 0.486
0.572 0.572 0.499 0.519 0.573 0.444 0.444 0.445
0.589 0.589 0.499 0.499 0.59 0.442 0.443 0.443
0.603 0.603 0.492 0.516 0.603 0.467 0.465 0.422
0.569 0.569 0.506 0.499 0.568 0.45 0.448 0.444
0.587 0.587 0.533 0.473 0.587 0.447 0.448 0.438
0.619 0.62 0.491 0.477 0.619 0.43 0.426 0.416
0.594 0.594 0.504 0.504 0.594 0.461 0.46 0.438
0.609 0.608 0.502 0.506 0.609 0.445 0.436 0.424
0.601 0.601 0.499 0.508 0.601 0.475 0.473 0.435
0.597 0.599 0.496 0.468 0.597 0.447 0.444 0.442
0.616 0.615 0.486 0.503 0.615 0.455 0.465 0.418
0.628 0.628 0.499 0.461 0.628 0.455 0.445 0.448
0.588 0.588 0.508 0.49 0.587 0.458 0.459 0.471
0.606 0.606 0.516 0.527 0.607 0.419 0.402 0.415
0.576 0.576 0.481 0.527 0.576 0.471 0.467 0.452
0.577 0.577 0.505 0.515 0.577 0.457 0.459 0.465
0.588 0.585 0.513 0.511 0.585 0.461 0.46 0.425
0.601 0.601 0.484 0.512 0.605 0.465 0.451 0.475
0.573 0.573 0.516 0.494 0.573 0.448 0.45 0.455
0.594 0.594 0.499 0.516 0.594 0.483 0.48 0.417
0.602 0.601 0.499 0.515 0.602 0.463 0.469 0.427
0.588 0.587 0.52 0.496 0.588 0.462 0.458 0.437
0.602 0.602 0.504 0.494 0.601 0.429 0.416 0.429
0.621 0.621 0.489 0.506 0.621 0.416 0.419 0.427
0.593 0.593 0.502 0.505 0.593 0.438 0.439 0.453
0.593 0.593 0.454 0.533 0.593 0.425 0.421 0.417
0.58 0.58 0.516 0.505 0.58 0.436 0.434 0.425
0.57 0.57 0.525 0.498 0.57 0.469 0.456 0.447
0.616 0.617 0.506 0.504 0.616 0.458 0.455 0.462
0.579 0.579 0.492 0.503 0.579 0.454 0.452 0.443
0.592 0.592 0.483 0.525 0.592 0.46 0.453 0.426
0.591 0.591 0.477 0.49 0.591 0.486 0.477 0.456
0.606 0.606 0.514 0.511 0.606 0.434 0.436 0.418
0.589 0.589 0.526 0.523 0.589 0.461 0.461 0.432
0.601 0.601 0.486 0.497 0.601 0.404 0.407 0.43
0.612 0.612 0.503 0.49 0.613 0.44 0.425 0.398
0.594 0.594 0.509 0.475 0.594 0.453 0.449 0.468
0.604 0.605 0.501 0.5 0.603 0.437 0.438 0.446
0.595 0.595 0.498 0.496 0.595 0.456 0.455 0.452
0.624 0.624 0.481 0.487 0.624 0.473 0.469 0.404
0.605 0.605 0.532 0.52 0.605 0.479 0.485 0.473
0.606 0.606 0.491 0.497 0.606 0.448 0.451 0.44
0.617 0.616 0.503 0.505 0.619 0.471 0.471 0.459
0.609 0.608 0.494 0.477 0.611 0.434 0.426 0.413
0.603 0.603 0.506 0.481 0.602 0.444 0.445 0.42
0.59 0.591 0.49 0.475 0.591 0.496 0.496 0.46
0.614 0.616 0.492 0.485 0.616 0.447 0.445 0.431
0.582 0.582 0.511 0.502 0.582 0.456 0.46 0.471
0.588 0.588 0.487 0.498 0.587 0.45 0.447 0.432
0.598 0.598 0.485 0.503 0.597 0.456 0.456 0.446
0.582 0.583 0.517 0.491 0.582 0.462 0.464 0.456
0.605 0.605 0.507 0.493 0.605 0.449 0.448 0.428
0.615 0.615 0.477 0.509 0.615 0.429 0.429 0.43
0.584 0.584 0.495 0.481 0.585 0.456 0.447 0.446
0.605 0.604 0.516 0.482 0.605 0.445 0.446 0.419
0.591 0.591 0.491 0.514 0.592 0.459 0.454 0.445
0.612 0.611 0.504 0.498 0.611 0.423 0.416 0.418
0.616 0.616 0.512 0.511 0.616 0.421 0.416 0.44
0.596 0.593 0.501 0.507 0.596 0.431 0.438 0.425
0.59 0.59 0.504 0.491 0.59 0.497 0.497 0.458
0.58 0.58 0.502 0.513 0.58 0.472 0.475 0.467
0.564 0.564 0.513 0.486 0.564 0.464 0.463 0.474
0.59 0.59 0.521 0.456 0.59 0.432 0.431 0.439
0.614 0.613 0.454 0.503 0.615 0.44 0.437 0.408
0.588 0.588 0.503 0.516 0.592 0.47 0.47 0.467
0.596 0.595 0.477 0.501 0.596 0.46 0.459 0.433
0.592 0.59 0.511 0.505 0.596 0.497 0.491 0.47
0.616 0.616 0.51 0.505 0.614 0.435 0.435 0.424
0.593 0.592 0.486 0.504 0.593 0.443 0.447 0.439
0.609 0.609 0.501 0.493 0.61 0.422 0.425 0.413
0.592 0.592 0.498 0.504 0.592 0.455 0.453 0.471
0.579 0.579 0.5 0.483 0.579 0.458 0.461 0.431
0.594 0.594 0.529 0.488 0.597 0.465 0.457 0.453
0.595 0.596 0.508 0.501 0.595 0.459 0.456 0.445
0.609 0.609 0.5 0.505 0.609 0.428 0.419 0.398
0.642 0.642 0.486 0.494 0.642 0.424 0.409 0.41
0.601 0.601 0.486 0.483 0.603 0.449 0.437 0.424
0.628 0.627 0.51 0.524 0.628 0.444 0.443 0.416
0.615 0.615 0.497 0.491 0.615 0.408 0.409 0.403
0.593 0.593 0.51 0.479 0.593 0.462 0.463 0.462
0.598 0.598 0.489 0.501 0.598 0.47 0.471 0.451
0.616 0.612 0.515 0.49 0.612 0.47 0.467 0.472
0.602 0.602 0.488 0.5 0.602 0.423 0.431 0.425
0.584 0.584 0.483 0.508 0.584 0.477 0.473 0.446
0.578 0.578 0.477 0.508 0.58 0.443 0.434 0.453
0.604 0.604 0.494 0.513 0.604 0.445 0.439 0.443
0.591 0.591 0.506 0.491 0.591 0.452 0.452 0.426
0.582 0.582 0.488 0.521 0.582 0.483 0.483 0.454
0.565 0.566 0.475 0.518 0.571 0.468 0.467 0.458
0.592 0.592 0.517 0.486 0.592 0.414 0.413 0.419
0.586 0.586 0.511 0.495 0.585 0.441 0.444 0.434
0.588 0.588 0.507 0.507 0.588 0.468 0.468 0.455
0.601 0.601 0.499 0.501 0.601 0.48 0.485 0.466
0.593 0.593 0.471 0.505 0.593 0.457 0.456 0.435
0.579 0.579 0.502 0.496 0.579 0.468 0.469 0.437
0.607 0.607 0.492 0.504 0.607 0.416 0.413 0.401
0.575 0.574 0.505 0.504 0.575 0.486 0.482 0.464
0.584 0.585 0.465 0.522 0.584 0.479 0.473 0.484
0.581 0.58 0.502 0.516 0.585 0.438 0.439 0.431
0.601 0.6 0.471 0.49 0.601 0.46 0.45 0.425
0.595 0.593 0.511 0.487 0.594 0.449 0.436 0.424
0.579 0.58 0.502 0.518 0.579 0.479 0.478 0.467
0.597 0.596 0.487 0.497 0.6 0.446 0.444 0.454
0.616 0.616 0.517 0.487 0.616 0.426 0.425 0.408
0.58 0.58 0.498 0.488 0.58 0.451 0.442 0.452
0.583 0.583 0.506 0.511 0.587 0.462 0.465 0.457
0.598 0.597 0.516 0.484 0.598 0.488 0.488 0.458
0.585 0.586 0.507 0.504 0.585 0.439 0.437 0.432
0.594 0.594 0.489 0.523 0.594 0.459 0.459 0.453
0.582 0.582 0.514 0.484 0.579 0.449 0.443 0.42
0.633 0.633 0.492 0.499 0.633 0.454 0.442 0.415
0.596 0.596 0.48 0.505 0.596 0.44 0.445 0.432
0.597 0.596 0.513 0.489 0.595 0.421 0.413 0.423
0.59 0.59 0.499 0.492 0.59 0.439 0.435 0.428
0.594 0.592 0.505 0.504 0.594 0.459 0.453 0.439
0.588 0.588 0.507 0.494 0.586 0.453 0.453 0.429
0.594 0.593 0.486 0.492 0.594 0.459 0.44 0.42
0.6 0.6 0.497 0.477 0.6 0.456 0.447 0.423
0.605 0.605 0.509 0.529 0.608 0.458 0.455 0.449
0.62 0.618 0.527 0.498 0.62 0.415 0.413 0.4
0.584 0.583 0.494 0.499 0.584 0.435 0.429 0.442
0.612 0.612 0.495 0.492 0.612 0.448 0.446 0.452
0.617 0.617 0.48 0.505 0.617 0.42 0.41 0.403
0.597 0.596 0.498 0.508 0.597 0.482 0.479 0.489
0.617 0.617 0.496 0.491 0.615 0.469 0.464 0.476
0.621 0.621 0.491 0.49 0.621 0.408 0.405 0.411
0.606 0.608 0.489 0.501 0.606 0.438 0.437 0.438
0.599 0.599 0.474 0.516 0.599 0.495 0.49 0.425
0.604 0.604 0.495 0.496 0.604 0.424 0.412 0.425
0.593 0.593 0.514 0.503 0.594 0.473 0.466 0.434
0.608 0.608 0.493 0.538 0.612 0.431 0.431 0.431
0.591 0.591 0.515 0.492 0.591 0.441 0.449 0.446
0.596 0.596 0.486 0.493 0.596 0.449 0.445 0.43
0.606 0.608 0.51 0.516 0.605 0.452 0.451 0.454
0.607 0.606 0.484 0.493 0.607 0.425 0.427 0.428
0.593 0.593 0.534 0.484 0.593 0.463 0.45 0.446
0.625 0.619 0.475 0.496 0.619 0.438 0.436 0.421
0.574 0.574 0.484 0.5 0.575 0.449 0.452 0.463
0.608 0.608 0.485 0.493 0.608 0.47 0.468 0.45
0.602 0.602 0.492 0.509 0.602 0.455 0.455 0.42
0.613 0.613 0.495 0.498 0.613 0.439 0.43 0.409
0.62 0.619 0.521 0.505 0.617 0.433 0.429 0.402
0.605 0.605 0.505 0.532 0.605 0.493 0.493 0.451
0.574 0.574 0.485 0.495 0.572 0.476 0.476 0.439
0.585 0.585 0.481 0.494 0.583 0.449 0.448 0.433
0.581 0.581 0.484 0.501 0.581 0.475 0.477 0.452
0.595 0.595 0.508 0.508 0.596 0.458 0.463 0.465
0.587 0.586 0.508 0.492 0.588 0.46 0.465 0.457
0.599 0.599 0.488 0.5 0.599 0.483 0.479 0.458
0.61 0.61 0.505 0.5 0.61 0.475 0.471 0.491
0.601 0.601 0.464 0.508 0.599 0.45 0.449 0.442
0.62 0.62 0.531 0.485 0.62 0.428 0.423 0.444
0.611 0.611 0.5 0.53 0.611 0.459 0.453 0.436
0.612 0.612 0.494 0.484 0.612 0.446 0.446 0.426
0.584 0.584 0.47 0.501 0.583 0.461 0.46 0.444
0.581 0.58 0.485 0.501 0.581 0.428 0.432 0.437
0.612 0.611 0.489 0.463 0.613 0.441 0.44 0.394
0.573 0.575 0.514 0.508 0.573 0.469 0.465 0.441
0.581 0.581 0.522 0.491 0.581 0.458 0.448 0.442
0.608 0.608 0.477 0.485 0.608 0.449 0.442 0.43
0.584 0.584 0.515 0.506 0.585 0.462 0.455 0.446
0.604 0.604 0.511 0.51 0.604 0.469 0.469 0.466
0.599 0.598 0.505 0.507 0.599 0.456 0.452 0.436
0.596 0.596 0.489 0.494 0.599 0.437 0.42 0.421
0.585 0.585 0.484 0.496 0.585 0.459 0.454 0.438
0.632 0.632 0.516 0.509 0.632 0.471 0.465 0.438
0.602 0.602 0.478 0.5 0.602 0.456 0.455 0.444
0.595 0.592 0.488 0.473 0.594 0.469 0.474 0.448
0.625 0.625 0.529 0.525 0.625 0.466 0.465 0.462
0.597 0.597 0.492 0.481 0.597 0.426 0.423 0.416
0.574 0.574 0.518 0.495 0.574 0.468 0.456 0.428
0.614 0.614 0.504 0.489 0.614 0.482 0.482 0.46
0.607 0.604 0.501 0.502 0.607 0.438 0.439 0.443
0.594 0.594 0.508 0.48 0.594 0.472 0.468 0.457
0.565 0.565 0.523 0.487 0.565 0.456 0.457 0.471
0.582 0.581 0.503 0.47 0.582 0.453 0.451 0.431
0.584 0.584 0.507 0.517 0.584 0.455 0.448 0.445
0.598 0.599 0.459 0.501 0.598 0.45 0.446 0.437
0.601 0.6 0.49 0.528 0.602 0.502 0.497 0.477
0.597 0.596 0.486 0.526 0.597 0.46 0.456 0.442
0.616 0.616 0.516 0.53 0.616 0.449 0.462 0.432
0.6 0.6 0.489 0.502 0.6 0.417 0.417 0.432
0.583 0.583 0.51 0.489 0.583 0.437 0.436 0.424
0.592 0.593 0.492 0.509 0.592 0.457 0.455 0.457
0.596 0.595 0.496 0.499 0.595 0.447 0.45 0.434
0.582 0.582 0.514 0.508 0.583 0.433 0.427 0.434
0.576 0.576 0.503 0.488 0.576 0.468 0.46 0.429
0.621 0.621 0.483 0.503 0.621 0.44 0.43 0.428
0.592 0.593 0.496 0.506 0.592 0.457 0.442 0.425
0.596 0.597 0.509 0.482 0.596 0.425 0.424 0.438
0.594 0.593 0.497 0.476 0.594 0.425 0.425 0.439
0.608 0.607 0.495 0.495 0.608 0.47 0.463 0.429
0.615 0.613 0.508 0.494 0.615 0.434 0.434 0.428
0.613 0.612 0.492 0.512 0.615 0.444 0.443 0.435
0.583 0.583 0.493 0.523 0.582 0.472 0.472 0.453
0.593 0.593 0.461 0.503 0.595 0.445 0.441 0.425
0.607 0.606 0.481 0.493 0.607 0.427 0.43 0.416
0.614 0.614 0.509 0.546 0.615 0.456 0.442 0.423
0.605 0.605 0.496 0.502 0.605 0.452 0.459 0.456
0.618 0.618 0.51 0.549 0.618 0.427 0.43 0.443
0.62 0.622 0.481 0.494 0.62 0.436 0.441 0.424
0.606 0.607 0.507 0.498 0.607 0.423 0.423 0.397
0.614 0.614 0.5 0.533 0.614 0.43 0.428 0.425
0.624 0.624 0.497 0.499 0.621 0.455 0.453 0.424
0.598 0.598 0.498 0.511 0.598 0.441 0.435 0.427
0.573 0.573 0.503 0.498 0.573 0.454 0.446 0.462
0.598 0.597 0.502 0.502 0.598 0.422 0.426 0.436
0.595 0.595 0.469 0.5 0.596 0.449 0.446 0.449
0.609 0.61 0.5 0.521 0.606 0.43 0.412 0.405
0.622 0.626 0.496 0.497 0.624 0.412 0.415 0.4
0.585 0.584 0.521 0.474 0.583 0.443 0.444 0.456
0.599 0.599 0.514 0.472 0.599 0.477 0.466 0.461
0.597 0.597 0.529 0.504 0.597 0.466 0.467 0.416
0.58 0.581 0.496 0.52 0.58 0.43 0.427 0.436
0.589 0.589 0.514 0.501 0.589 0.467 0.465 0.456
0.623 0.623 0.526 0.49 0.625 0.496 0.49 0.456
0.59 0.59 0.473 0.51 0.59 0.464 0.463 0.445
0.589 0.589 0.5 0.526 0.589 0.46 0.46 0.455
0.619 0.62 0.485 0.503 0.62 0.465 0.45 0.431
0.623 0.623 0.503 0.517 0.623 0.429 0.427 0.414
0.594 0.594 0.475 0.521 0.594 0.453 0.446 0.435
0.611 0.612 0.5 0.509 0.611 0.452 0.451 0.413
0.599 0.6 0.485 0.495 0.599 0.453 0.447 0.434
0.601 0.601 0.482 0.493 0.601 0.438 0.445 0.45
0.584 0.585 0.502 0.496 0.584 0.455 0.46 0.41
0.595 0.595 0.491 0.526 0.595 0.477 0.471 0.463
0.605 0.604 0.479 0.518 0.605 0.463 0.459 0.434
0.609 0.608 0.503 0.495 0.61 0.433 0.432 0.416
0.579 0.579 0.503 0.497 0.579 0.457 0.454 0.455
0.575 0.576 0.513 0.495 0.577 0.456 0.456 0.456
0.618 0.617 0.493 0.535 0.619 0.414 0.408 0.421
0.624 0.624 0.547 0.48 0.624 0.418 0.407 0.416
0.598 0.598 0.497 0.479 0.598 0.459 0.459 0.441
0.578 0.577 0.491 0.532 0.578 0.486 0.475 0.453
0.604 0.604 0.518 0.516 0.604 0.418 0.412 0.4
0.602 0.604 0.517 0.478 0.602 0.467 0.469 0.458
0.623 0.623 0.496 0.501 0.623 0.445 0.437 0.424
0.619 0.619 0.502 0.493 0.619 0.421 0.419 0.391
0.567 0.567 0.498 0.528 0.567 0.484 0.486 0.464
0.612 0.612 0.491 0.499 0.613 0.407 0.399 0.405
0.607 0.607 0.505 0.511 0.607 0.439 0.44 0.418
0.59 0.591 0.505 0.472 0.591 0.424 0.417 0.424
0.595 0.595 0.523 0.477 0.595 0.447 0.441 0.461
0.603 0.603 0.475 0.518 0.604 0.454 0.463 0.419
0.596 0.596 0.523 0.517 0.596 0.475 0.476 0.47
0.577 0.576 0.471 0.507 0.577 0.445 0.445 0.448
0.625 0.625 0.508 0.502 0.625 0.431 0.435 0.403
0.599 0.601 0.503 0.484 0.599 0.456 0.441 0.442
0.608 0.607 0.513 0.492 0.608 0.435 0.43 0.431
0.578 0.578 0.497 0.504 0.578 0.494 0.477 0.45
0.593 0.593 0.534 0.498 0.596 0.472 0.469 0.465
0.589 0.589 0.477 0.482 0.588 0.453 0.45 0.443
0.597 0.596 0.519 0.487 0.597 0.437 0.433 0.423
0.592 0.592 0.511 0.496 0.592 0.429 0.423 0.425
0.592 0.592 0.504 0.484 0.592 0.444 0.45 0.449
0.587 0.587 0.491 0.498 0.586 0.453 0.451 0.45
0.598 0.597 0.471 0.52 0.598 0.467 0.458 0.438
0.602 0.601 0.519 0.499 0.603 0.432 0.432 0.442
0.569 0.569 0.469 0.503 0.569 0.449 0.453 0.494
0.606 0.606 0.516 0.506 0.606 0.468 0.471 0.428
0.585 0.585 0.502 0.469 0.585 0.429 0.424 0.435
0.604 0.604 0.541 0.504 0.608 0.43 0.431 0.415
0.611 0.611 0.488 0.495 0.611 0.476 0.473 0.424
0.6 0.6 0.52 0.498 0.6 0.446 0.437 0.445
0.595 0.594 0.499 0.5 0.595 0.449 0.445 0.41
0.604 0.604 0.508 0.487 0.604 0.469 0.459 0.452
0.592 0.592 0.515 0.478 0.592 0.434 0.437 0.442
0.591 0.591 0.503 0.505 0.592 0.455 0.455 0.42
0.612 0.612 0.483 0.504 0.612 0.449 0.452 0.405
0.587 0.587 0.526 0.513 0.589 0.457 0.455 0.445
0.602 0.602 0.472 0.505 0.601 0.448 0.43 0.425
0.605 0.604 0.482 0.475 0.606 0.435 0.436 0.432
0.577 0.577 0.49 0.485 0.577 0.467 0.479 0.434
0.579 0.58 0.51 0.535 0.579 0.443 0.441 0.448
0.632 0.632 0.513 0.5 0.633 0.448 0.444 0.396
0.587 0.587 0.535 0.52 0.587 0.502 0.493 0.448
0.595 0.595 0.501 0.479 0.595 0.444 0.451 0.449
0.586 0.584 0.486 0.498 0.585 0.433 0.429 0.439
0.573 0.573 0.468 0.486 0.574 0.45 0.446 0.447
0.595 0.595 0.515 0.493 0.595 0.476 0.475 0.481
0.587 0.587 0.493 0.494 0.587 0.473 0.47 0.462
0.592 0.592 0.51 0.481 0.592 0.458 0.463 0.455
0.577 0.576 0.488 0.492 0.577 0.457 0.449 0.439
0.61 0.61 0.515 0.508 0.61 0.471 0.453 0.451
0.613 0.615 0.508 0.484 0.615 0.454 0.449 0.43
0.599 0.599 0.518 0.505 0.599 0.472 0.467 0.438
0.59 0.591 0.512 0.495 0.59 0.483 0.487 0.462
0.591 0.591 0.486 0.519 0.59 0.477 0.466 0.448
0.601 0.601 0.478 0.471 0.601 0.458 0.454 0.433
0.589 0.589 0.517 0.491 0.59 0.444 0.442 0.443
0.6 0.6 0.489 0.48 0.6 0.47 0.449 0.436
0.605 0.605 0.517 0.486 0.605 0.458 0.442 0.445
0.587 0.587 0.509 0.505 0.587 0.453 0.441 0.438
0.63 0.63 0.476 0.508 0.63 0.419 0.407 0.405
0.61 0.609 0.493 0.478 0.61 0.47 0.476 0.463
0.595 0.594 0.493 0.483 0.595 0.481 0.475 0.464
0.602 0.601 0.478 0.512 0.602 0.412 0.413 0.41
0.611 0.611 0.484 0.501 0.611 0.446 0.439 0.406
0.585 0.585 0.517 0.522 0.585 0.44 0.434 0.449
0.575 0.575 0.499 0.489 0.575 0.457 0.464 0.467
0.571 0.571 0.507 0.494 0.571 0.46 0.451 0.432
0.611 0.611 0.487 0.484 0.607 0.48 0.473 0.454
0.605 0.604 0.489 0.488 0.605 0.451 0.461 0.421
0.615 0.616 0.511 0.503 0.615 0.473 0.471 0.456
0.577 0.577 0.469 0.507 0.577 0.465 0.474 0.48
0.574 0.574 0.464 0.501 0.572 0.461 0.453 0.47
0.581 0.58 0.491 0.493 0.581 0.48 0.472 0.455
0.592 0.592 0.486 0.475 0.592 0.46 0.465 0.46
0.609 0.609 0.492 0.477 0.609 0.469 0.457 0.425
0.585 0.584 0.503 0.506 0.585 0.458 0.452 0.441
0.591 0.591 0.492 0.499 0.59 0.448 0.443 0.432
0.595 0.595 0.513 0.541 0.595 0.422 0.422 0.441
0.62 0.62 0.499 0.513 0.62 0.443 0.435 0.418
0.586 0.586 0.493 0.464 0.586 0.454 0.463 0.441
0.591 0.591 0.485 0.497 0.591 0.44 0.441 0.43
0.622 0.622 0.496 0.526 0.622 0.465 0.467 0.429
0.59 0.59 0.53 0.486 0.59 0.458 0.461 0.435
0.594 0.594 0.492 0.517 0.594 0.452 0.455 0.422
0.61 0.617 0.507 0.494 0.614 0.423 0.416 0.425
0.605 0.604 0.508 0.485 0.605 0.447 0.446 0.453
0.569 0.569 0.495 0.502 0.568 0.449 0.449 0.441
0.586 0.586 0.523 0.495 0.591 0.475 0.472 0.443
0.596 0.596 0.496 0.516 0.596 0.433 0.44 0.438
0.576 0.576 0.491 0.501 0.578 0.492 0.492 0.483
0.599 0.599 0.509 0.519 0.599 0.46 0.46 0.463
0.62 0.62 0.498 0.511 0.62 0.442 0.444 0.454
0.606 0.606 0.508 0.504 0.606 0.46 0.457 0.452
0.594 0.594 0.525 0.482 0.597 0.468 0.467 0.476
0.593 0.593 0.514 0.472 0.593 0.49 0.493 0.492
0.605 0.604 0.479 0.477 0.607 0.448 0.443 0.425
0.625 0.625 0.507 0.486 0.625 0.473 0.471 0.424
0.629 0.626 0.499 0.512 0.627 0.434 0.435 0.422
0.594 0.594 0.505 0.478 0.594 0.448 0.432 0.442
0.598 0.598 0.496 0.507 0.597 0.458 0.451 0.452
0.571 0.57 0.528 0.525 0.572 0.473 0.47 0.466
0.585 0.585 0.493 0.511 0.585 0.461 0.466 0.428
0.591 0.584 0.498 0.517 0.585 0.485 0.484 0.465
0.565 0.565 0.508 0.519 0.565 0.473 0.474 0.49
0.595 0.595 0.494 0.513 0.595 0.448 0.445 0.432
0.589 0.589 0.487 0.503 0.591 0.45 0.438 0.437
0.625 0.624 0.498 0.502 0.625 0.471 0.485 0.465
0.601 0.601 0.475 0.486 0.601 0.464 0.469 0.443
0.611 0.61 0.476 0.503 0.61 0.443 0.438 0.429
0.596 0.595 0.527 0.515 0.595 0.46 0.462 0.451
0.578 0.578 0.492 0.525 0.578 0.45 0.45 0.46
0.596 0.595 0.481 0.483 0.596 0.463 0.461 0.467
0.573 0.573 0.506 0.514 0.573 0.491 0.491 0.476
0.591 0.59 0.507 0.483 0.592 0.479 0.478 0.453
0.594 0.594 0.506 0.507 0.594 0.456 0.447 0.425
0.616 0.621 0.53 0.462 0.616 0.449 0.453 0.44
0.587 0.587 0.497 0.508 0.587 0.47 0.461 0.468
0.587 0.587 0.53 0.495 0.589 0.458 0.46 0.442
0.61 0.613 0.498 0.529 0.61 0.486 0.481 0.488
0.599 0.599 0.501 0.515 0.599 0.481 0.482 0.453
0.605 0.605 0.505 0.508 0.605 0.482 0.48 0.468
0.562 0.562 0.502 0.458 0.561 0.46 0.451 0.451
0.592 0.592 0.504 0.469 0.592 0.423 0.429 0.435
0.608 0.608 0.497 0.501 0.608 0.43 0.413 0.411
0.615 0.615 0.502 0.49 0.615 0.44 0.435 0.402
0.594 0.594 0.497 0.481 0.594 0.449 0.45 0.441
0.6 0.599 0.482 0.512 0.6 0.454 0.443 0.426
0.614 0.614 0.518 0.528 0.613 0.484 0.483 0.501
0.619 0.619 0.515 0.52 0.619 0.46 0.452 0.462
0.594 0.594 0.445 0.513 0.594 0.494 0.475 0.435
0.599 0.599 0.524 0.509 0.599 0.447 0.453 0.432
0.602 0.602 0.514 0.494 0.604 0.458 0.453 0.443
0.636 0.635 0.498 0.492 0.636 0.44 0.438 0.39
0.588 0.588 0.522 0.525 0.588 0.469 0.461 0.447
0.586 0.586 0.519 0.524 0.585 0.439 0.44 0.464
0.589 0.589 0.508 0.515 0.587 0.492 0.491 0.467
0.627 0.627 0.493 0.496 0.626 0.445 0.445 0.42
0.603 0.603 0.481 0.493 0.603 0.439 0.435 0.423
0.619 0.619 0.535 0.494 0.619 0.457 0.465 0.454
0.604 0.603 0.521 0.495 0.604 0.442 0.441 0.464
0.594 0.595 0.519 0.472 0.594 0.487 0.488 0.44
0.581 0.581 0.503 0.516 0.581 0.473 0.461 0.439
0.584 0.584 0.516 0.502 0.584 0.496 0.494 0.456
0.572 0.572 0.529 0.501 0.572 0.462 0.461 0.45
0.595 0.595 0.491 0.479 0.595 0.449 0.443 0.433
0.601 0.601 0.476 0.525 0.601 0.446 0.449 0.41
0.602 0.602 0.493 0.499 0.602 0.481 0.489 0.444
0.578 0.578 0.515 0.521 0.578 0.452 0.445 0.459
0.603 0.603 0.516 0.492 0.604 0.436 0.435 0.439
0.615 0.615 0.478 0.495 0.618 0.426 0.424 0.416
0.61 0.612 0.465 0.534 0.612 0.479 0.476 0.467
0.591 0.591 0.513 0.509 0.591 0.442 0.442 0.47
0.604 0.603 0.508 0.514 0.604 0.471 0.464 0.483
0.611 0.611 0.508 0.517 0.611 0.453 0.453 0.443
0.6 0.601 0.503 0.502 0.6 0.454 0.456 0.421
0.604 0.604 0.506 0.503 0.604 0.433 0.422 0.432
0.595 0.595 0.487 0.519 0.595 0.495 0.496 0.457
0.622 0.621 0.498 0.513 0.62 0.44 0.435 0.407
0.607 0.607 0.507 0.497 0.607 0.455 0.45 0.43
0.581 0.581 0.483 0.513 0.583 0.456 0.459 0.465
0.602 0.602 0.505 0.522 0.601 0.433 0.434 0.426
0.601 0.602 0.47 0.504 0.598 0.425 0.425 0.428
0.591 0.591 0.501 0.509 0.591 0.471 0.461 0.423
0.598 0.598 0.506 0.48 0.598 0.43 0.433 0.413
0.629 0.629 0.512 0.514 0.631 0.419 0.417 0.414
0.57 0.571 0.488 0.492 0.57 0.478 0.478 0.454
0.601 0.601 0.508 0.499 0.607 0.469 0.469 0.444
0.585 0.585 0.473 0.467 0.587 0.455 0.454 0.465
0.606 0.606 0.498 0.502 0.606 0.49 0.485 0.465
0.615 0.611 0.508 0.483 0.613 0.412 0.415 0.397
0.618 0.618 0.476 0.513 0.621 0.418 0.414 0.39
0.604 0.604 0.482 0.502 0.603 0.506 0.489 0.497
0.625 0.625 0.497 0.478 0.625 0.439 0.438 0.433
0.592 0.592 0.503 0.509 0.592 0.455 0.46 0.438
0.57 0.571 0.513 0.476 0.571 0.472 0.466 0.465
0.612 0.612 0.466 0.498 0.612 0.459 0.466 0.44
0.603 0.603 0.502 0.505 0.603 0.455 0.457 0.44
0.591 0.589 0.476 0.506 0.591 0.446 0.439 0.454
0.556 0.557 0.488 0.51 0.556 0.474 0.47 0.471
0.586 0.586 0.509 0.475 0.586 0.477 0.478 0.464
0.602 0.602 0.475 0.487 0.602 0.485 0.476 0.462
0.595 0.595 0.534 0.536 0.595 0.452 0.447 0.433
0.607 0.605 0.482 0.516 0.607 0.433 0.441 0.421
0.584 0.584 0.507 0.506 0.584 0.472 0.481 0.474
0.607 0.606 0.499 0.517 0.607 0.434 0.418 0.419
0.598 0.596 0.489 0.526 0.598 0.431 0.421 0.428
0.592 0.593 0.512 0.501 0.591 0.444 0.442 0.455
0.604 0.602 0.511 0.492 0.601 0.477 0.461 0.426
0.622 0.622 0.499 0.496 0.622 0.457 0.457 0.446
0.592 0.592 0.493 0.489 0.592 0.433 0.432 0.421
0.629 0.628 0.52 0.492 0.63 0.447 0.436 0.39
0.579 0.579 0.504 0.457 0.579 0.468 0.47 0.452
0.602 0.602 0.504 0.514 0.601 0.452 0.453 0.447
0.575 0.575 0.486 0.51 0.575 0.467 0.461 0.462
0.611 0.61 0.494 0.497 0.609 0.467 0.453 0.442
0.583 0.583 0.473 0.48 0.583 0.473 0.478 0.444
0.598 0.598 0.492 0.494 0.6 0.473 0.471 0.46
0.598 0.596 0.525 0.494 0.596 0.464 0.462 0.452
0.614 0.614 0.534 0.524 0.614 0.434 0.424 0.437
0.592 0.591 0.493 0.509 0.592 0.489 0.472 0.457
0.589 0.589 0.501 0.495 0.589 0.481 0.473 0.439
0.597 0.597 0.49 0.536 0.597 0.448 0.439 0.41
0.58 0.58 0.496 0.513 0.58 0.488 0.481 0.462
0.601 0.601 0.521 0.474 0.603 0.455 0.455 0.424
0.57 0.57 0.529 0.506 0.57 0.469 0.47 0.445
0.594 0.595 0.506 0.504 0.594 0.445 0.446 0.438
0.588 0.588 0.471 0.508 0.588 0.463 0.458 0.447
0.57 0.571 0.479 0.486 0.57 0.475 0.484 0.468
0.58 0.58 0.504 0.478 0.58 0.477 0.463 0.468
0.612 0.609 0.521 0.473 0.61 0.441 0.439 0.445
0.598 0.599 0.479 0.469 0.598 0.439 0.453 0.46
0.595 0.595 0.486 0.488 0.595 0.481 0.476 0.442
0.602 0.602 0.493 0.491 0.602 0.431 0.433 0.437
0.602 0.602 0.513 0.498 0.602 0.408 0.406 0.396
0.623 0.623 0.517 0.476 0.625 0.434 0.422 0.397
0.611 0.611 0.507 0.513 0.613 0.449 0.449 0.441
0.583 0.583 0.483 0.494 0.583 0.481 0.476 0.469
0.578 0.576 0.492 0.531 0.575 0.474 0.473 0.454
0.614 0.614 0.511 0.492 0.614 0.445 0.431 0.408
0.593 0.593 0.489 0.503 0.591 0.444 0.432 0.408
0.576 0.577 0.488 0.488 0.576 0.466 0.465 0.439
0.582 0.582 0.499 0.467 0.583 0.489 0.484 0.49
0.613 0.613 0.503 0.505 0.613 0.479 0.464 0.403
0.606 0.605 0.498 0.512 0.604 0.45 0.453 0.43
0.576 0.576 0.492 0.513 0.576 0.442 0.431 0.431
0.587 0.587 0.493 0.501 0.587 0.427 0.422 0.418
0.58 0.58 0.479 0.511 0.579 0.485 0.48 0.483
0.595 0.595 0.517 0.482 0.595 0.487 0.475 0.466
0.597 0.597 0.508 0.509 0.6 0.44 0.442 0.421
0.594 0.595 0.491 0.504 0.592 0.447 0.441 0.431
0.603 0.603 0.503 0.496 0.603 0.464 0.454 0.466
0.592 0.592 0.508 0.514 0.592 0.471 0.461 0.479
0.601 0.601 0.488 0.498 0.6 0.481 0.479 0.472
0.581 0.581 0.491 0.477 0.581 0.452 0.453 0.442
0.593 0.593 0.493 0.501 0.593 0.471 0.465 0.46
0.612 0.612 0.509 0.487 0.612 0.452 0.443 0.429
0.6 0.597 0.482 0.491 0.6 0.471 0.47 0.431
0.586 0.587 0.537 0.514 0.588 0.485 0.486 0.469
0.623 0.623 0.484 0.505 0.623 0.448 0.449 0.438
0.598 0.598 0.51 0.474 0.6 0.441 0.43 0.432
0.597 0.598 0.498 0.474 0.597 0.445 0.445 0.438
0.586 0.586 0.508 0.512 0.586 0.442 0.432 0.433
0.595 0.592 0.481 0.515 0.592 0.441 0.426 0.435
0.569 0.573 0.512 0.516 0.573 0.461 0.473 0.47
0.613 0.614 0.512 0.49 0.615 0.436 0.428 0.429
0.6 0.6 0.523 0.496 0.605 0.451 0.449 0.433
0.605 0.605 0.49 0.482 0.605 0.45 0.441 0.408
0.581 0.58 0.512 0.491 0.581 0.463 0.461 0.46
0.631 0.631 0.516 0.484 0.631 0.419 0.42 0.388
0.61 0.609 0.483 0.516 0.61 0.449 0.437 0.427
0.594 0.594 0.5 0.491 0.594 0.457 0.459 0.448
0.59 0.59 0.496 0.503 0.59 0.46 0.461 0.458
0.602 0.602 0.505 0.484 0.602 0.456 0.456 0.466
0.625 0.625 0.46 0.507 0.625 0.449 0.447 0.426
0.599 0.6 0.499 0.498 0.599 0.442 0.442 0.437
0.6 0.6 0.5 0.52 0.6 0.434 0.434 0.415
0.589 0.588 0.517 0.486 0.592 0.481 0.481 0.435
0.598 0.598 0.48 0.515 0.598 0.511 0.505 0.5
0.617 0.617 0.488 0.521 0.617 0.441 0.436 0.418
0.591 0.592 0.493 0.479 0.591 0.48 0.47 0.456
