0.614 0.614 0.496 0.477 0.614 0.467 0.468 0.582
0.61 0.61 0.506 0.484 0.61 0.499 0.496 0.6
0.611 0.611 0.539 0.508 0.611 0.461 0.462 0.606
0.602 0.602 0.492 0.514 0.602 0.531 0.531 0.595
0.632 0.632 0.517 0.519 0.632 0.429 0.43 0.596
0.651 0.651 0.491 0.481 0.651 0.493 0.493 0.654
0.6 0.6 0.479 0.51 0.6 0.47 0.473 0.604
0.62 0.62 0.491 0.493 0.62 0.468 0.466 0.583
0.643 0.643 0.508 0.497 0.643 0.489 0.489 0.624
0.618 0.618 0.499 0.506 0.618 0.489 0.491 0.611
0.613 0.613 0.5 0.531 0.613 0.467 0.466 0.57
0.603 0.603 0.496 0.516 0.603 0.451 0.45 0.588
0.635 0.635 0.452 0.494 0.635 0.453 0.454 0.606
0.629 0.629 0.491 0.522 0.629 0.46 0.46 0.609
0.629 0.629 0.536 0.506 0.629 0.453 0.452 0.593
0.613 0.613 0.479 0.502 0.613 0.488 0.488 0.61
0.639 0.639 0.528 0.484 0.639 0.453 0.456 0.591
0.607 0.607 0.503 0.502 0.607 0.432 0.433 0.56
0.587 0.587 0.492 0.518 0.587 0.44 0.44 0.567
0.627 0.627 0.474 0.5 0.627 0.479 0.479 0.621
0.608 0.608 0.489 0.474 0.608 0.485 0.485 0.611
0.64 0.64 0.49 0.479 0.64 0.481 0.481 0.636
0.593 0.593 0.488 0.504 0.593 0.469 0.469 0.577
0.636 0.636 0.522 0.515 0.636 0.453 0.453 0.608
0.611 0.611 0.468 0.487 0.611 0.489 0.489 0.605
0.609 0.609 0.486 0.492 0.609 0.478 0.478 0.606
0.611 0.611 0.501 0.487 0.611 0.456 0.456 0.586
0.612 0.612 0.496 0.496 0.612 0.48 0.481 0.619
0.61 0.61 0.513 0.502 0.61 0.487 0.486 0.59
0.609 0.609 0.512 0.467 0.609 0.472 0.472 0.571
0.62 0.62 0.526 0.538 0.62 0.49 0.49 0.621
0.619 0.619 0.504 0.505 0.619 0.496 0.496 0.598
0.605 0.605 0.522 0.513 0.605 0.475 0.477 0.601
0.597 0.597 0.497 0.526 0.597 0.514 0.513 0.599
0.628 0.628 0.509 0.495 0.628 0.483 0.485 0.609
0.621 0.621 0.512 0.503 0.621 0.489 0.489 0.626
0.605 0.605 0.489 0.508 0.605 0.457 0.458 0.572
0.601 0.601 0.499 0.519 0.601 0.484 0.484 0.589
0.625 0.625 0.508 0.473 0.625 0.471 0.471 0.618
0.62 0.62 0.511 0.484 0.62 0.475 0.477 0.617
0.616 0.616 0.497 0.489 0.616 0.435 0.436 0.554
0.656 0.656 0.524 0.514 0.656 0.495 0.495 0.642
0.594 0.594 0.517 0.499 0.594 0.522 0.522 0.606
0.606 0.606 0.502 0.478 0.606 0.467 0.466 0.588
0.62 0.62 0.523 0.492 0.62 0.449 0.448 0.59
0.606 0.606 0.496 0.495 0.606 0.467 0.464 0.588
0.604 0.604 0.503 0.519 0.604 0.466 0.468 0.592
0.605 0.605 0.513 0.484 0.605 0.439 0.439 0.595
0.639 0.639 0.5 0.494 0.639 0.423 0.422 0.571
0.61 0.61 0.507 0.518 0.61 0.46 0.461 0.583
0.612 0.612 0.486 0.477 0.612 0.457 0.457 0.612
0.616 0.616 0.489 0.508 0.616 0.463 0.462 0.603
0.611 0.611 0.494 0.515 0.611 0.49 0.491 0.613
0.605 0.605 0.494 0.488 0.605 0.501 0.502 0.59
0.592 0.592 0.491 0.529 0.592 0.446 0.447 0.585
0.588 0.588 0.467 0.514 0.588 0.477 0.477 0.582
0.609 0.609 0.496 0.51 0.609 0.478 0.475 0.601
0.604 0.604 0.503 0.477 0.604 0.482 0.482 0.615
0.622 0.622 0.495 0.495 0.622 0.466 0.461 0.616
0.595 0.595 0.498 0.531 0.595 0.462 0.465 0.594
0.611 0.611 0.476 0.501 0.611 0.465 0.463 0.596
0.647 0.647 0.515 0.484 0.647 0.437 0.435 0.637
0.622 0.622 0.495 0.499 0.622 0.492 0.493 0.603
0.627 0.627 0.492 0.492 0.627 0.498 0.499 0.605
0.62 0.62 0.474 0.496 0.62 0.466 0.466 0.591
0.616 0.616 0.499 0.499 0.616 0.481 0.481 0.61
0.601 0.601 0.491 0.499 0.601 0.48 0.48 0.59
0.578 0.578 0.511 0.496 0.578 0.466 0.467 0.539
0.598 0.598 0.476 0.466 0.598 0.48 0.479 0.6
0.612 0.612 0.531 0.49 0.612 0.464 0.463 0.603
0.611 0.611 0.498 0.494 0.611 0.443 0.443 0.602
0.594 0.594 0.463 0.497 0.594 0.509 0.508 0.596
0.632 0.632 0.513 0.525 0.632 0.46 0.458 0.588
0.599 0.599 0.517 0.496 0.599 0.466 0.466 0.593
0.595 0.595 0.519 0.492 0.595 0.474 0.474 0.557
0.581 0.581 0.501 0.506 0.581 0.475 0.476 0.56
0.606 0.606 0.481 0.487 0.606 0.472 0.472 0.596
0.612 0.612 0.484 0.501 0.612 0.468 0.468 0.581
0.617 0.617 0.507 0.514 0.617 0.473 0.475 0.585
0.629 0.629 0.501 0.484 0.629 0.516 0.516 0.629
0.629 0.629 0.502 0.484 0.629 0.502 0.501 0.631
0.617 0.617 0.496 0.496 0.617 0.479 0.48 0.593
0.617 0.617 0.493 0.511 0.617 0.459 0.459 0.608
0.598 0.598 0.494 0.482 0.598 0.473 0.472 0.576
0.604 0.604 0.482 0.492 0.604 0.49 0.491 0.607
0.606 0.606 0.537 0.493 0.606 0.497 0.497 0.596
0.597 0.597 0.524 0.495 0.597 0.464 0.463 0.584
0.63 0.63 0.506 0.486 0.63 0.518 0.519 0.632
0.589 0.589 0.455 0.527 0.589 0.47 0.47 0.594
0.609 0.609 0.502 0.485 0.609 0.492 0.493 0.607
0.564 0.564 0.487 0.488 0.564 0.488 0.486 0.549
0.627 0.627 0.527 0.527 0.627 0.478 0.478 0.617
0.607 0.607 0.512 0.497 0.607 0.486 0.487 0.596
0.624 0.624 0.513 0.499 0.624 0.442 0.442 0.604
0.624 0.624 0.502 0.526 0.624 0.45 0.45 0.582
0.611 0.611 0.487 0.475 0.611 0.469 0.466 0.6
0.61 0.61 0.478 0.504 0.61 0.482 0.483 0.591
0.612 0.612 0.509 0.508 0.612 0.472 0.471 0.597
0.625 0.625 0.498 0.472 0.625 0.46 0.462 0.584
0.619 0.619 0.496 0.518 0.619 0.46 0.462 0.588
0.63 0.63 0.506 0.509 0.63 0.491 0.49 0.615
0.614 0.614 0.462 0.502 0.614 0.498 0.499 0.61
0.641 0.641 0.51 0.5 0.641 0.464 0.466 0.62
0.628 0.628 0.488 0.491 0.628 0.459 0.457 0.623
0.615 0.615 0.506 0.476 0.615 0.472 0.472 0.609
0.616 0.616 0.505 0.488 0.616 0.48 0.478 0.598
0.625 0.625 0.493 0.515 0.625 0.494 0.494 0.621
0.604 0.604 0.539 0.507 0.604 0.497 0.496 0.603
0.587 0.587 0.509 0.468 0.587 0.47 0.468 0.577
0.577 0.577 0.496 0.487 0.577 0.488 0.488 0.573
0.588 0.588 0.501 0.492 0.588 0.483 0.483 0.601
0.591 0.591 0.483 0.493 0.591 0.452 0.451 0.582
0.625 0.625 0.512 0.505 0.625 0.465 0.464 0.551
0.609 0.609 0.482 0.471 0.609 0.5 0.5 0.601
0.62 0.62 0.499 0.501 0.62 0.43 0.429 0.575
0.604 0.604 0.497 0.482 0.604 0.443 0.443 0.59
0.636 0.636 0.477 0.513 0.636 0.476 0.476 0.624
0.598 0.598 0.505 0.507 0.598 0.462 0.463 0.571
0.618 0.618 0.492 0.477 0.618 0.488 0.488 0.623
0.594 0.594 0.51 0.492 0.594 0.467 0.467 0.568
0.606 0.606 0.481 0.495 0.606 0.494 0.497 0.583
0.604 0.604 0.504 0.528 0.604 0.468 0.465 0.609
0.612 0.612 0.487 0.519 0.612 0.449 0.45 0.601
0.614 0.614 0.472 0.532 0.614 0.459 0.461 0.579
0.612 0.612 0.515 0.5 0.612 0.497 0.498 0.566
0.63 0.63 0.5 0.483 0.63 0.485 0.483 0.621
0.62 0.62 0.504 0.507 0.62 0.426 0.427 0.556
0.606 0.606 0.513 0.517 0.606 0.463 0.464 0.574
0.616 0.616 0.506 0.485 0.616 0.489 0.49 0.635
0.619 0.619 0.496 0.496 0.619 0.474 0.476 0.618
0.596 0.596 0.491 0.508 0.596 0.469 0.47 0.56
0.641 0.641 0.506 0.516 0.641 0.476 0.474 0.622
0.641 0.641 0.484 0.508 0.641 0.434 0.434 0.56
0.62 0.62 0.49 0.507 0.62 0.504 0.503 0.615
0.589 0.589 0.466 0.516 0.589 0.463 0.463 0.588
0.597 0.597 0.491 0.502 0.597 0.466 0.465 0.598
0.601 0.601 0.488 0.491 0.601 0.484 0.484 0.622
0.587 0.587 0.509 0.487 0.587 0.472 0.472 0.564
0.617 0.617 0.49 0.488 0.617 0.484 0.482 0.599
0.614 0.614 0.495 0.501 0.614 0.458 0.456 0.585
0.609 0.609 0.499 0.486 0.609 0.48 0.479 0.613
0.613 0.613 0.493 0.513 0.613 0.469 0.466 0.6
0.614 0.614 0.505 0.496 0.614 0.456 0.456 0.62
0.629 0.629 0.502 0.497 0.629 0.476 0.478 0.622
0.615 0.615 0.506 0.509 0.615 0.47 0.468 0.579
0.619 0.619 0.487 0.51 0.619 0.473 0.472 0.614
0.627 0.627 0.512 0.492 0.627 0.438 0.439 0.598
0.612 0.612 0.498 0.52 0.612 0.454 0.452 0.554
0.615 0.615 0.516 0.504 0.615 0.463 0.463 0.591
0.594 0.594 0.498 0.526 0.594 0.494 0.494 0.601
0.609 0.609 0.488 0.485 0.609 0.495 0.496 0.609
0.592 0.592 0.523 0.508 0.592 0.471 0.471 0.602
0.625 0.625 0.499 0.458 0.625 0.493 0.493 0.61
0.615 0.615 0.513 0.506 0.615 0.466 0.466 0.542
0.578 0.578 0.501 0.491 0.578 0.49 0.49 0.577
0.613 0.613 0.497 0.494 0.613 0.478 0.478 0.609
0.607 0.607 0.499 0.484 0.607 0.473 0.473 0.6
0.612 0.612 0.515 0.511 0.612 0.476 0.477 0.578
0.613 0.613 0.513 0.5 0.613 0.453 0.455 0.608
0.649 0.649 0.495 0.501 0.649 0.436 0.434 0.619
0.634 0.634 0.504 0.514 0.634 0.467 0.468 0.578
0.643 0.643 0.48 0.487 0.643 0.479 0.48 0.624
0.618 0.618 0.48 0.518 0.618 0.462 0.462 0.607
0.64 0.64 0.449 0.495 0.64 0.492 0.495 0.643
0.605 0.605 0.495 0.502 0.605 0.443 0.441 0.583
0.626 0.626 0.492 0.514 0.626 0.448 0.447 0.568
0.617 0.617 0.487 0.505 0.617 0.502 0.501 0.623
0.629 0.629 0.488 0.541 0.629 0.473 0.47 0.608
0.623 0.623 0.49 0.526 0.623 0.465 0.465 0.646
0.6 0.6 0.483 0.506 0.6 0.49 0.49 0.581
0.64 0.64 0.505 0.508 0.64 0.511 0.511 0.619
0.598 0.598 0.492 0.494 0.598 0.498 0.5 0.597
0.62 0.62 0.51 0.492 0.62 0.441 0.441 0.542
0.616 0.616 0.506 0.505 0.616 0.498 0.497 0.612
0.597 0.597 0.472 0.489 0.597 0.464 0.463 0.601
0.629 0.629 0.48 0.499 0.629 0.487 0.486 0.638
0.632 0.632 0.493 0.495 0.632 0.469 0.469 0.62
0.617 0.617 0.503 0.498 0.617 0.438 0.439 0.541
0.621 0.621 0.498 0.511 0.621 0.471 0.47 0.568
0.627 0.627 0.505 0.495 0.627 0.459 0.459 0.597
0.618 0.618 0.472 0.497 0.618 0.473 0.473 0.623
0.637 0.637 0.509 0.503 0.637 0.477 0.477 0.632
0.615 0.615 0.505 0.517 0.615 0.479 0.48 0.622
0.617 0.617 0.488 0.482 0.617 0.481 0.482 0.607
0.619 0.619 0.495 0.498 0.619 0.451 0.452 0.573
0.582 0.582 0.469 0.51 0.582 0.485 0.484 0.59
0.61 0.61 0.52 0.482 0.61 0.478 0.477 0.537
0.587 0.587 0.497 0.493 0.587 0.486 0.484 0.562
0.625 0.625 0.499 0.502 0.625 0.489 0.487 0.608
0.587 0.587 0.474 0.512 0.587 0.505 0.505 0.578
0.636 0.636 0.47 0.495 0.636 0.47 0.471 0.639
0.618 0.618 0.481 0.511 0.618 0.461 0.462 0.569
0.618 0.618 0.497 0.497 0.618 0.496 0.497 0.601
0.585 0.585 0.472 0.517 0.585 0.464 0.464 0.583
0.626 0.626 0.493 0.522 0.626 0.476 0.476 0.618
0.603 0.603 0.5 0.508 0.603 0.467 0.468 0.61
0.616 0.616 0.492 0.52 0.616 0.471 0.472 0.619
0.595 0.595 0.482 0.518 0.595 0.433 0.432 0.549
0.612 0.612 0.516 0.5 0.612 0.479 0.479 0.608
0.609 0.609 0.459 0.5 0.609 0.478 0.475 0.604
0.6 0.6 0.486 0.541 0.6 0.519 0.518 0.596
0.621 0.621 0.473 0.494 0.621 0.474 0.473 0.593
0.598 0.598 0.509 0.484 0.598 0.465 0.465 0.587
0.603 0.603 0.507 0.506 0.603 0.473 0.473 0.61
0.617 0.617 0.515 0.486 0.617 0.464 0.465 0.57
0.604 0.604 0.498 0.512 0.604 0.489 0.49 0.588
0.611 0.611 0.526 0.502 0.611 0.501 0.501 0.613
0.612 0.612 0.496 0.514 0.612 0.461 0.463 0.619
0.583 0.583 0.486 0.526 0.583 0.477 0.476 0.571
0.6 0.6 0.518 0.483 0.6 0.486 0.484 0.591
0.606 0.606 0.519 0.506 0.606 0.475 0.474 0.573
0.594 0.594 0.496 0.455 0.594 0.483 0.484 0.578
0.607 0.607 0.512 0.495 0.607 0.48 0.479 0.601
0.588 0.588 0.489 0.522 0.588 0.468 0.467 0.599
0.6 0.6 0.483 0.494 0.6 0.492 0.493 0.584
0.621 0.621 0.539 0.477 0.621 0.46 0.459 0.581
0.625 0.625 0.53 0.482 0.625 0.454 0.458 0.592
0.639 0.639 0.504 0.501 0.639 0.51 0.51 0.638
0.622 0.622 0.526 0.517 0.622 0.47 0.469 0.608
0.595 0.595 0.5 0.478 0.595 0.468 0.468 0.585
0.602 0.602 0.499 0.502 0.602 0.462 0.461 0.584
0.625 0.625 0.501 0.525 0.625 0.452 0.453 0.618
0.611 0.611 0.516 0.507 0.611 0.485 0.485 0.612
0.628 0.628 0.527 0.501 0.628 0.472 0.469 0.572
0.62 0.62 0.501 0.519 0.62 0.453 0.454 0.595
0.598 0.598 0.515 0.505 0.598 0.5 0.5 0.616
0.623 0.623 0.461 0.495 0.623 0.445 0.443 0.549
0.63 0.63 0.506 0.488 0.63 0.447 0.447 0.611
0.615 0.615 0.486 0.497 0.615 0.427 0.427 0.539
0.585 0.585 0.461 0.494 0.585 0.475 0.473 0.59
0.588 0.588 0.533 0.508 0.588 0.474 0.471 0.576
0.614 0.614 0.49 0.499 0.614 0.472 0.471 0.599
0.592 0.592 0.486 0.49 0.592 0.527 0.527 0.596
0.609 0.609 0.503 0.49 0.609 0.44 0.441 0.582
0.596 0.596 0.498 0.508 0.596 0.519 0.517 0.588
0.61 0.61 0.509 0.495 0.61 0.498 0.5 0.623
0.614 0.614 0.497 0.526 0.614 0.48 0.478 0.583
0.596 0.596 0.504 0.482 0.596 0.478 0.479 0.608
0.585 0.585 0.502 0.515 0.585 0.478 0.476 0.588
0.6 0.6 0.477 0.489 0.6 0.474 0.474 0.597
0.615 0.615 0.481 0.488 0.615 0.49 0.491 0.606
0.622 0.622 0.529 0.5 0.622 0.436 0.435 0.592
0.611 0.611 0.481 0.486 0.611 0.471 0.471 0.595
0.603 0.603 0.484 0.532 0.603 0.47 0.469 0.583
0.6 0.6 0.487 0.529 0.6 0.49 0.491 0.599
0.636 0.636 0.486 0.493 0.636 0.427 0.426 0.548
0.621 0.621 0.468 0.518 0.621 0.513 0.514 0.611
0.636 0.636 0.504 0.49 0.636 0.465 0.468 0.6
0.611 0.611 0.506 0.532 0.611 0.463 0.463 0.611
0.621 0.621 0.505 0.512 0.621 0.477 0.476 0.582
0.64 0.64 0.491 0.507 0.64 0.486 0.485 0.609
0.624 0.624 0.507 0.474 0.624 0.445 0.444 0.606
0.619 0.619 0.494 0.49 0.619 0.447 0.445 0.605
0.616 0.616 0.484 0.476 0.616 0.471 0.471 0.563
0.624 0.624 0.52 0.531 0.624 0.484 0.483 0.617
0.596 0.596 0.494 0.483 0.596 0.477 0.478 0.598
0.612 0.612 0.506 0.491 0.612 0.487 0.487 0.599
0.612 0.612 0.51 0.512 0.612 0.538 0.538 0.602
0.621 0.621 0.501 0.488 0.621 0.453 0.456 0.579
0.646 0.646 0.506 0.491 0.646 0.46 0.46 0.608
0.572 0.572 0.511 0.468 0.572 0.478 0.478 0.567
0.624 0.624 0.499 0.514 0.624 0.491 0.491 0.62
0.64 0.64 0.473 0.497 0.64 0.455 0.455 0.635
0.591 0.591 0.493 0.501 0.591 0.487 0.484 0.607
0.61 0.61 0.508 0.5 0.61 0.497 0.494 0.627
0.626 0.626 0.493 0.527 0.626 0.463 0.463 0.596
0.587 0.587 0.506 0.498 0.587 0.468 0.468 0.572
0.596 0.596 0.522 0.478 0.596 0.482 0.482 0.604
0.616 0.616 0.526 0.495 0.616 0.471 0.471 0.612
0.608 0.608 0.5 0.508 0.608 0.484 0.484 0.614
0.612 0.612 0.472 0.486 0.612 0.451 0.45 0.583
0.614 0.614 0.472 0.503 0.614 0.457 0.454 0.6
0.612 0.612 0.503 0.486 0.612 0.456 0.456 0.571
0.612 0.612 0.526 0.496 0.612 0.5 0.5 0.602
0.599 0.599 0.516 0.498 0.599 0.451 0.451 0.582
0.626 0.626 0.483 0.485 0.626 0.451 0.451 0.611
0.606 0.606 0.481 0.49 0.606 0.505 0.506 0.611
0.573 0.573 0.508 0.485 0.573 0.469 0.468 0.556
0.581 0.581 0.512 0.478 0.581 0.48 0.481 0.575
0.596 0.596 0.532 0.5 0.596 0.469 0.471 0.595
0.58 0.58 0.516 0.494 0.58 0.462 0.461 0.592
0.588 0.588 0.494 0.491 0.588 0.459 0.46 0.617
0.624 0.624 0.531 0.503 0.624 0.444 0.445 0.615
0.625 0.625 0.496 0.506 0.625 0.49 0.489 0.634
0.613 0.613 0.48 0.511 0.613 0.458 0.457 0.522
0.617 0.617 0.514 0.501 0.617 0.487 0.487 0.609
0.632 0.632 0.513 0.521 0.632 0.503 0.503 0.63
0.611 0.611 0.499 0.489 0.611 0.494 0.494 0.626
0.624 0.624 0.489 0.498 0.624 0.514 0.514 0.63
0.625 0.625 0.489 0.487 0.625 0.478 0.481 0.597
0.591 0.591 0.506 0.486 0.591 0.497 0.496 0.601
0.605 0.605 0.504 0.526 0.605 0.487 0.485 0.608
0.58 0.58 0.512 0.501 0.58 0.463 0.464 0.581
0.631 0.631 0.483 0.493 0.631 0.452 0.452 0.594
0.605 0.605 0.518 0.487 0.605 0.459 0.461 0.596
0.616 0.616 0.522 0.479 0.616 0.517 0.513 0.617
0.617 0.617 0.511 0.524 0.617 0.469 0.468 0.61
0.63 0.63 0.495 0.463 0.63 0.442 0.442 0.593
0.608 0.608 0.47 0.527 0.608 0.456 0.457 0.571
0.602 0.602 0.481 0.513 0.602 0.492 0.492 0.605
0.638 0.638 0.489 0.495 0.638 0.492 0.492 0.637
0.614 0.614 0.476 0.493 0.614 0.474 0.474 0.632
0.602 0.602 0.516 0.5 0.602 0.451 0.453 0.594
0.608 0.608 0.501 0.472 0.608 0.465 0.464 0.585
0.619 0.619 0.528 0.504 0.619 0.518 0.516 0.598
0.594 0.594 0.504 0.528 0.594 0.462 0.462 0.575
0.63 0.63 0.519 0.509 0.63 0.495 0.495 0.633
0.602 0.602 0.499 0.495 0.602 0.486 0.483 0.602
0.612 0.612 0.508 0.506 0.612 0.469 0.469 0.593
0.608 0.608 0.507 0.554 0.608 0.489 0.49 0.618
0.618 0.618 0.485 0.503 0.618 0.446 0.445 0.599
0.595 0.595 0.512 0.506 0.595 0.461 0.459 0.564
0.589 0.589 0.494 0.484 0.589 0.467 0.466 0.58
0.636 0.636 0.486 0.488 0.636 0.427 0.428 0.564
0.575 0.575 0.52 0.533 0.575 0.488 0.488 0.576
0.609 0.609 0.503 0.503 0.609 0.47 0.469 0.602
0.604 0.604 0.519 0.523 0.604 0.509 0.506 0.609
0.594 0.594 0.503 0.51 0.594 0.473 0.472 0.58
0.587 0.587 0.496 0.501 0.587 0.475 0.477 0.584
0.617 0.617 0.486 0.503 0.617 0.483 0.483 0.623
0.617 0.617 0.523 0.498 0.617 0.446 0.446 0.6
0.621 0.621 0.484 0.521 0.621 0.456 0.459 0.595
0.627 0.627 0.489 0.488 0.627 0.448 0.449 0.603
0.603 0.603 0.497 0.535 0.603 0.462 0.464 0.586
0.621 0.621 0.496 0.516 0.621 0.491 0.492 0.605
0.62 0.62 0.519 0.498 0.62 0.479 0.48 0.587
0.603 0.603 0.483 0.51 0.603 0.475 0.477 0.6
0.597 0.597 0.525 0.49 0.597 0.477 0.477 0.583
0.619 0.619 0.527 0.503 0.619 0.485 0.487 0.629
0.607 0.607 0.508 0.507 0.607 0.483 0.483 0.609
0.61 0.61 0.53 0.532 0.61 0.493 0.493 0.598
0.604 0.604 0.524 0.498 0.604 0.483 0.481 0.606
0.618 0.618 0.469 0.494 0.618 0.485 0.485 0.606
0.612 0.612 0.495 0.527 0.612 0.48 0.48 0.605
0.643 0.643 0.5 0.489 0.643 0.47 0.47 0.658
0.611 0.611 0.536 0.538 0.611 0.447 0.447 0.607
0.621 0.621 0.507 0.514 0.621 0.485 0.484 0.615
0.619 0.619 0.495 0.507 0.619 0.461 0.461 0.552
0.63 0.63 0.504 0.498 0.63 0.442 0.443 0.584
0.619 0.619 0.485 0.475 0.619 0.478 0.48 0.613
0.615 0.615 0.506 0.514 0.615 0.47 0.471 0.552
0.595 0.595 0.512 0.498 0.595 0.482 0.481 0.607
0.65 0.65 0.507 0.479 0.65 0.477 0.48 0.634
0.626 0.626 0.498 0.473 0.626 0.475 0.474 0.627
0.577 0.577 0.493 0.495 0.577 0.484 0.482 0.585
0.592 0.592 0.48 0.503 0.592 0.451 0.451 0.574
0.619 0.619 0.497 0.484 0.619 0.43 0.43 0.611
0.626 0.626 0.505 0.501 0.626 0.45 0.449 0.612
0.635 0.635 0.507 0.506 0.635 0.47 0.472 0.625
0.622 0.622 0.499 0.495 0.622 0.481 0.482 0.615
0.614 0.614 0.49 0.488 0.614 0.461 0.46 0.565
0.641 0.641 0.498 0.483 0.641 0.485 0.485 0.63
0.633 0.633 0.501 0.477 0.633 0.449 0.449 0.633
0.62 0.62 0.508 0.474 0.62 0.461 0.462 0.615
0.623 0.623 0.497 0.515 0.623 0.467 0.466 0.618
0.617 0.617 0.501 0.484 0.617 0.489 0.489 0.616
0.608 0.608 0.504 0.503 0.608 0.457 0.458 0.606
0.626 0.626 0.51 0.518 0.626 0.47 0.469 0.615
0.625 0.625 0.511 0.499 0.625 0.479 0.479 0.606
0.628 0.628 0.492 0.501 0.628 0.502 0.503 0.621
0.624 0.624 0.474 0.494 0.624 0.458 0.458 0.598
0.605 0.605 0.501 0.506 0.605 0.457 0.457 0.572
0.64 0.64 0.491 0.502 0.64 0.46 0.46 0.577
0.634 0.634 0.487 0.509 0.634 0.457 0.457 0.594
0.622 0.622 0.529 0.504 0.622 0.454 0.455 0.595
0.651 0.651 0.501 0.489 0.651 0.44 0.44 0.609
0.597 0.597 0.501 0.5 0.597 0.482 0.484 0.594
0.613 0.613 0.509 0.494 0.613 0.45 0.451 0.542
0.61 0.61 0.536 0.497 0.61 0.455 0.453 0.589
0.6 0.6 0.504 0.496 0.6 0.475 0.475 0.594
0.612 0.612 0.518 0.499 0.612 0.448 0.448 0.606
0.633 0.633 0.498 0.495 0.633 0.5 0.497 0.607
0.587 0.587 0.504 0.516 0.587 0.481 0.477 0.595
0.623 0.623 0.499 0.495 0.623 0.446 0.447 0.577
0.605 0.605 0.507 0.518 0.605 0.491 0.491 0.593
0.597 0.597 0.504 0.507 0.597 0.478 0.477 0.609
0.618 0.618 0.484 0.489 0.618 0.479 0.478 0.591
0.605 0.605 0.511 0.479 0.605 0.503 0.502 0.586
0.589 0.589 0.51 0.489 0.589 0.462 0.463 0.584
0.62 0.62 0.515 0.511 0.62 0.469 0.469 0.58
0.604 0.604 0.508 0.51 0.604 0.476 0.476 0.579
0.599 0.599 0.499 0.514 0.599 0.445 0.446 0.585
0.619 0.619 0.48 0.471 0.619 0.497 0.498 0.619
0.607 0.607 0.523 0.523 0.607 0.459 0.458 0.607
0.61 0.61 0.529 0.505 0.61 0.468 0.467 0.596
0.593 0.593 0.502 0.516 0.593 0.48 0.479 0.58
0.626 0.626 0.492 0.501 0.626 0.447 0.446 0.579
0.607 0.607 0.499 0.517 0.607 0.459 0.458 0.607
0.635 0.635 0.485 0.505 0.635 0.441 0.44 0.604
0.615 0.615 0.494 0.514 0.615 0.448 0.453 0.56
0.584 0.584 0.472 0.52 0.584 0.437 0.436 0.561
0.609 0.609 0.514 0.499 0.609 0.47 0.469 0.596
0.655 0.655 0.522 0.498 0.655 0.452 0.451 0.565
0.613 0.613 0.5 0.503 0.613 0.458 0.459 0.551
0.636 0.636 0.518 0.477 0.636 0.47 0.467 0.608
0.593 0.593 0.514 0.504 0.593 0.484 0.483 0.596
0.601 0.601 0.489 0.515 0.601 0.477 0.478 0.611
0.603 0.603 0.491 0.509 0.603 0.484 0.483 0.602
0.598 0.598 0.506 0.49 0.598 0.473 0.474 0.572
0.611 0.611 0.526 0.479 0.611 0.434 0.438 0.582
0.59 0.59 0.479 0.517 0.59 0.477 0.474 0.594
0.601 0.601 0.483 0.509 0.601 0.49 0.49 0.587
0.609 0.609 0.488 0.523 0.609 0.464 0.462 0.596
0.62 0.62 0.478 0.489 0.62 0.467 0.469 0.611
0.614 0.614 0.485 0.497 0.614 0.471 0.471 0.575
0.615 0.615 0.517 0.454 0.615 0.436 0.435 0.562
0.608 0.608 0.488 0.503 0.608 0.49 0.489 0.609
0.607 0.607 0.497 0.505 0.607 0.468 0.467 0.583
0.603 0.603 0.526 0.481 0.603 0.516 0.516 0.604
0.627 0.627 0.5 0.486 0.627 0.465 0.465 0.617
0.634 0.634 0.48 0.5 0.634 0.445 0.443 0.583
0.617 0.617 0.533 0.479 0.617 0.501 0.501 0.614
0.625 0.625 0.502 0.489 0.625 0.488 0.488 0.628
0.606 0.606 0.503 0.488 0.606 0.487 0.486 0.594
0.604 0.604 0.532 0.502 0.604 0.492 0.489 0.598
0.609 0.609 0.523 0.502 0.609 0.455 0.454 0.601
0.631 0.631 0.484 0.515 0.631 0.48 0.481 0.62
0.623 0.623 0.516 0.501 0.623 0.458 0.458 0.604
0.582 0.582 0.483 0.516 0.582 0.492 0.49 0.6
0.603 0.603 0.508 0.526 0.603 0.485 0.486 0.617
0.605 0.605 0.52 0.47 0.605 0.459 0.458 0.554
0.639 0.639 0.495 0.492 0.639 0.502 0.501 0.629
0.616 0.616 0.521 0.478 0.616 0.51 0.51 0.622
0.599 0.599 0.475 0.52 0.599 0.449 0.451 0.555
0.619 0.619 0.513 0.518 0.619 0.479 0.481 0.568
0.615 0.615 0.489 0.504 0.615 0.472 0.473 0.598
0.632 0.632 0.499 0.497 0.632 0.447 0.447 0.589
0.614 0.614 0.522 0.522 0.614 0.451 0.45 0.578
0.625 0.625 0.524 0.495 0.625 0.461 0.461 0.611
0.637 0.637 0.52 0.497 0.637 0.466 0.466 0.638
0.622 0.622 0.492 0.504 0.622 0.445 0.445 0.602
0.602 0.602 0.519 0.485 0.602 0.455 0.453 0.597
0.6 0.6 0.509 0.49 0.6 0.455 0.455 0.616
0.622 0.622 0.496 0.506 0.622 0.432 0.433 0.573
0.613 0.613 0.504 0.465 0.613 0.48 0.48 0.563
0.621 0.621 0.479 0.516 0.621 0.457 0.457 0.599
0.63 0.63 0.503 0.515 0.63 0.461 0.46 0.611
0.634 0.634 0.524 0.468 0.634 0.449 0.45 0.602
0.617 0.617 0.533 0.485 0.617 0.46 0.459 0.549
0.612 0.612 0.49 0.498 0.612 0.455 0.455 0.557
0.612 0.612 0.498 0.503 0.612 0.497 0.498 0.59
0.621 0.621 0.474 0.484 0.621 0.464 0.464 0.569
0.599 0.599 0.519 0.492 0.599 0.445 0.443 0.582
0.611 0.611 0.494 0.489 0.611 0.461 0.461 0.606
0.595 0.595 0.498 0.516 0.595 0.508 0.509 0.563
0.61 0.61 0.479 0.474 0.61 0.455 0.457 0.569
0.628 0.628 0.504 0.5 0.628 0.468 0.468 0.609
0.609 0.609 0.491 0.518 0.609 0.467 0.467 0.602
0.607 0.607 0.512 0.512 0.607 0.455 0.456 0.575
0.628 0.628 0.507 0.485 0.628 0.471 0.473 0.589
0.59 0.59 0.515 0.503 0.59 0.473 0.473 0.596
0.634 0.634 0.536 0.505 0.634 0.443 0.442 0.557
0.63 0.63 0.506 0.508 0.63 0.465 0.464 0.605
0.6 0.6 0.5 0.483 0.6 0.462 0.462 0.578
0.612 0.612 0.492 0.496 0.612 0.475 0.474 0.585
0.644 0.644 0.512 0.499 0.644 0.474 0.473 0.601
0.615 0.615 0.508 0.486 0.615 0.457 0.458 0.593
0.617 0.617 0.474 0.503 0.617 0.464 0.464 0.606
0.58 0.58 0.491 0.495 0.58 0.494 0.491 0.58
0.604 0.604 0.496 0.499 0.604 0.461 0.461 0.599
0.622 0.622 0.512 0.505 0.622 0.448 0.45 0.593
0.622 0.622 0.513 0.52 0.622 0.479 0.477 0.618
0.621 0.621 0.519 0.499 0.621 0.495 0.492 0.618
0.623 0.623 0.517 0.502 0.623 0.47 0.471 0.618
0.623 0.623 0.496 0.502 0.623 0.471 0.471 0.568
0.611 0.611 0.495 0.512 0.611 0.483 0.485 0.6
0.591 0.591 0.511 0.497 0.591 0.462 0.462 0.575
0.618 0.618 0.509 0.503 0.618 0.474 0.473 0.636
0.607 0.607 0.502 0.491 0.607 0.523 0.522 0.621
0.644 0.644 0.532 0.492 0.644 0.49 0.489 0.629
0.631 0.631 0.467 0.509 0.631 0.461 0.461 0.627
0.632 0.632 0.481 0.509 0.632 0.451 0.454 0.611
0.625 0.625 0.533 0.486 0.625 0.487 0.488 0.611
0.616 0.616 0.505 0.478 0.616 0.485 0.484 0.608
0.614 0.614 0.513 0.518 0.614 0.436 0.434 0.566
0.631 0.631 0.517 0.497 0.631 0.502 0.502 0.618
0.618 0.618 0.507 0.53 0.618 0.46 0.46 0.58
0.619 0.619 0.486 0.499 0.619 0.443 0.444 0.582
0.605 0.605 0.491 0.52 0.605 0.462 0.462 0.552
0.592 0.592 0.498 0.519 0.592 0.495 0.495 0.578
0.609 0.609 0.491 0.48 0.609 0.465 0.462 0.627
0.623 0.623 0.458 0.489 0.623 0.461 0.46 0.613
0.641 0.641 0.476 0.525 0.641 0.456 0.454 0.602
0.623 0.623 0.498 0.511 0.623 0.468 0.47 0.581
0.608 0.608 0.513 0.512 0.608 0.458 0.457 0.592
0.601 0.601 0.505 0.52 0.601 0.48 0.48 0.6
0.636 0.636 0.477 0.479 0.636 0.476 0.476 0.604
0.655 0.655 0.505 0.482 0.655 0.487 0.487 0.626
0.628 0.628 0.47 0.472 0.628 0.461 0.46 0.594
0.636 0.636 0.521 0.504 0.636 0.456 0.454 0.619
0.618 0.618 0.486 0.484 0.618 0.473 0.474 0.608
0.618 0.618 0.488 0.48 0.618 0.471 0.473 0.593
0.587 0.587 0.468 0.498 0.587 0.474 0.474 0.582
0.599 0.599 0.506 0.499 0.599 0.472 0.474 0.579
0.601 0.601 0.495 0.457 0.601 0.466 0.465 0.592
0.605 0.605 0.512 0.48 0.605 0.472 0.474 0.604
0.618 0.618 0.508 0.503 0.618 0.464 0.464 0.619
0.62 0.62 0.516 0.48 0.62 0.474 0.476 0.605
0.61 0.61 0.495 0.497 0.61 0.475 0.475 0.598
0.592 0.592 0.468 0.487 0.592 0.505 0.503 0.587
0.608 0.608 0.488 0.515 0.608 0.449 0.451 0.571
0.604 0.604 0.5 0.493 0.604 0.503 0.503 0.606
0.606 0.606 0.504 0.479 0.606 0.471 0.47 0.611
0.6 0.6 0.501 0.52 0.6 0.465 0.464 0.548
0.613 0.613 0.509 0.481 0.613 0.467 0.466 0.566
0.61 0.61 0.508 0.479 0.61 0.508 0.507 0.614
0.615 0.615 0.503 0.484 0.615 0.457 0.455 0.603
0.603 0.603 0.488 0.498 0.603 0.455 0.454 0.58
0.598 0.598 0.528 0.521 0.598 0.474 0.473 0.608
0.627 0.627 0.489 0.482 0.627 0.487 0.488 0.595
0.591 0.591 0.514 0.514 0.591 0.486 0.486 0.608
0.593 0.593 0.502 0.5 0.593 0.47 0.471 0.565
0.594 0.594 0.509 0.471 0.594 0.487 0.487 0.603
0.6 0.6 0.476 0.502 0.6 0.458 0.458 0.6
0.615 0.615 0.505 0.523 0.615 0.446 0.447 0.616
0.61 0.61 0.511 0.493 0.61 0.477 0.478 0.596
0.64 0.64 0.489 0.481 0.64 0.467 0.468 0.615
0.608 0.608 0.505 0.508 0.608 0.498 0.498 0.608
0.612 0.612 0.479 0.496 0.612 0.451 0.452 0.584
0.641 0.641 0.469 0.521 0.641 0.477 0.477 0.639
0.59 0.59 0.503 0.482 0.59 0.474 0.474 0.578
0.578 0.578 0.514 0.515 0.578 0.475 0.473 0.58
0.603 0.603 0.474 0.499 0.603 0.461 0.462 0.588
0.578 0.578 0.541 0.485 0.578 0.503 0.505 0.61
0.6 0.6 0.499 0.501 0.6 0.458 0.46 0.585
0.603 0.603 0.508 0.491 0.603 0.468 0.468 0.579
0.606 0.606 0.483 0.515 0.606 0.484 0.484 0.574
0.622 0.622 0.502 0.516 0.622 0.468 0.467 0.611
0.622 0.622 0.506 0.492 0.622 0.461 0.458 0.61
0.63 0.63 0.497 0.467 0.63 0.431 0.431 0.586
0.641 0.641 0.538 0.48 0.641 0.478 0.479 0.631
0.58 0.58 0.482 0.495 0.58 0.439 0.438 0.577
0.633 0.633 0.493 0.503 0.633 0.467 0.468 0.609
0.62 0.62 0.498 0.493 0.62 0.491 0.492 0.622
0.595 0.595 0.509 0.497 0.595 0.513 0.512 0.602
0.62 0.62 0.512 0.529 0.62 0.439 0.441 0.538
0.63 0.63 0.523 0.49 0.63 0.446 0.448 0.606
0.588 0.588 0.508 0.502 0.588 0.483 0.483 0.588
0.624 0.624 0.52 0.505 0.624 0.468 0.467 0.597
0.605 0.605 0.496 0.52 0.605 0.448 0.446 0.559
0.639 0.639 0.513 0.506 0.639 0.441 0.443 0.621
0.616 0.616 0.501 0.523 0.616 0.466 0.465 0.612
0.585 0.585 0.501 0.518 0.585 0.494 0.495 0.586
0.569 0.569 0.514 0.476 0.569 0.475 0.476 0.567
0.584 0.584 0.518 0.5 0.584 0.507 0.508 0.593
0.604 0.604 0.514 0.48 0.604 0.438 0.438 0.566
0.626 0.626 0.519 0.503 0.626 0.468 0.47 0.611
0.618 0.618 0.506 0.521 0.618 0.464 0.464 0.612
0.614 0.614 0.5 0.484 0.614 0.513 0.513 0.619
0.625 0.625 0.496 0.506 0.625 0.469 0.468 0.59
0.616 0.616 0.504 0.495 0.616 0.456 0.456 0.608
0.623 0.623 0.483 0.478 0.623 0.457 0.455 0.59
0.632 0.632 0.522 0.533 0.632 0.439 0.438 0.558
0.648 0.648 0.501 0.513 0.648 0.46 0.46 0.612
0.601 0.601 0.494 0.494 0.601 0.483 0.482 0.611
0.617 0.617 0.506 0.512 0.617 0.451 0.451 0.624
0.623 0.623 0.507 0.484 0.623 0.495 0.491 0.61
0.596 0.596 0.513 0.502 0.596 0.439 0.442 0.593
0.644 0.644 0.494 0.494 0.644 0.454 0.455 0.605
0.611 0.611 0.481 0.511 0.611 0.472 0.473 0.549
0.623 0.623 0.484 0.522 0.623 0.451 0.452 0.617
0.615 0.615 0.498 0.509 0.615 0.482 0.483 0.615
0.64 0.64 0.493 0.497 0.64 0.461 0.461 0.589
0.601 0.601 0.535 0.488 0.601 0.457 0.459 0.604
0.613 0.613 0.505 0.508 0.613 0.461 0.46 0.58
0.607 0.607 0.483 0.512 0.607 0.488 0.488 0.569
0.607 0.607 0.504 0.483 0.607 0.466 0.465 0.597
0.62 0.62 0.48 0.483 0.62 0.453 0.453 0.614
0.624 0.624 0.505 0.468 0.624 0.506 0.507 0.622
0.593 0.593 0.498 0.522 0.593 0.502 0.503 0.6
0.629 0.629 0.481 0.487 0.629 0.441 0.442 0.604
0.612 0.612 0.481 0.486 0.612 0.484 0.483 0.633
0.61 0.61 0.515 0.482 0.61 0.504 0.504 0.601
0.611 0.611 0.532 0.471 0.611 0.484 0.484 0.585
0.596 0.596 0.513 0.533 0.596 0.487 0.486 0.569
0.644 0.644 0.491 0.509 0.644 0.433 0.433 0.59
0.583 0.583 0.52 0.523 0.583 0.481 0.48 0.576
0.603 0.603 0.504 0.521 0.603 0.475 0.477 0.6
0.614 0.614 0.491 0.501 0.614 0.469 0.47 0.566
0.607 0.607 0.497 0.511 0.607 0.496 0.496 0.602
0.578 0.578 0.52 0.522 0.578 0.462 0.462 0.533
0.597 0.597 0.505 0.494 0.597 0.514 0.514 0.594
0.635 0.635 0.517 0.503 0.635 0.46 0.459 0.635
0.589 0.589 0.509 0.524 0.589 0.481 0.482 0.583
0.625 0.625 0.504 0.524 0.625 0.453 0.454 0.572
0.594 0.594 0.487 0.493 0.594 0.49 0.49 0.611
0.608 0.608 0.478 0.506 0.608 0.468 0.466 0.61
0.61 0.61 0.51 0.521 0.61 0.505 0.505 0.608
0.635 0.635 0.502 0.533 0.635 0.513 0.513 0.642
0.627 0.627 0.486 0.501 0.627 0.512 0.515 0.624
0.602 0.602 0.493 0.493 0.602 0.434 0.433 0.576
0.6 0.6 0.515 0.49 0.6 0.478 0.478 0.586
0.621 0.621 0.516 0.516 0.621 0.472 0.469 0.606
0.611 0.611 0.511 0.511 0.611 0.448 0.45 0.593
0.614 0.614 0.525 0.509 0.614 0.438 0.438 0.591
0.608 0.608 0.487 0.481 0.608 0.444 0.441 0.559
0.642 0.642 0.47 0.494 0.642 0.449 0.45 0.599
0.619 0.619 0.491 0.514 0.619 0.467 0.467 0.634
0.628 0.628 0.485 0.501 0.628 0.488 0.491 0.617
0.607 0.607 0.503 0.498 0.607 0.479 0.479 0.589
0.641 0.641 0.504 0.488 0.641 0.477 0.478 0.613
0.626 0.626 0.502 0.497 0.626 0.454 0.455 0.564
0.636 0.636 0.487 0.469 0.636 0.462 0.464 0.599
0.592 0.592 0.508 0.523 0.592 0.474 0.47 0.606
0.624 0.624 0.53 0.494 0.624 0.464 0.464 0.585
0.591 0.591 0.496 0.498 0.591 0.465 0.465 0.57
0.628 0.628 0.491 0.49 0.628 0.468 0.469 0.599
0.607 0.607 0.52 0.516 0.607 0.463 0.465 0.586
0.629 0.629 0.459 0.516 0.629 0.457 0.457 0.595
0.621 0.621 0.485 0.502 0.621 0.457 0.454 0.591
0.636 0.636 0.507 0.48 0.636 0.473 0.473 0.616
0.589 0.589 0.479 0.502 0.589 0.458 0.459 0.551
0.617 0.617 0.525 0.516 0.617 0.463 0.462 0.589
0.587 0.587 0.522 0.507 0.587 0.472 0.474 0.589
0.63 0.63 0.497 0.507 0.63 0.503 0.503 0.626
0.611 0.611 0.489 0.504 0.611 0.481 0.48 0.597
0.643 0.643 0.482 0.514 0.643 0.466 0.467 0.6
0.624 0.624 0.49 0.499 0.624 0.451 0.45 0.606
0.597 0.597 0.508 0.492 0.597 0.505 0.506 0.602
0.586 0.586 0.511 0.461 0.586 0.49 0.49 0.551
0.622 0.622 0.504 0.526 0.622 0.459 0.459 0.594
0.616 0.616 0.497 0.493 0.616 0.489 0.489 0.587
0.619 0.619 0.496 0.482 0.619 0.485 0.484 0.626
0.593 0.593 0.464 0.489 0.593 0.46 0.459 0.599
0.598 0.598 0.492 0.514 0.598 0.502 0.502 0.627
0.63 0.63 0.506 0.477 0.63 0.483 0.485 0.586
0.615 0.615 0.504 0.527 0.615 0.46 0.461 0.601
0.631 0.631 0.507 0.492 0.631 0.425 0.423 0.584
0.617 0.617 0.517 0.51 0.617 0.472 0.472 0.565
0.603 0.603 0.511 0.533 0.603 0.463 0.466 0.604
0.606 0.606 0.494 0.494 0.606 0.449 0.449 0.596
0.639 0.639 0.512 0.493 0.639 0.452 0.451 0.603
0.621 0.621 0.484 0.451 0.621 0.504 0.504 0.622
0.609 0.609 0.49 0.488 0.609 0.464 0.463 0.592
0.644 0.644 0.476 0.508 0.644 0.45 0.45 0.626
0.587 0.587 0.482 0.512 0.587 0.485 0.484 0.583
0.641 0.641 0.499 0.496 0.641 0.463 0.464 0.615
0.594 0.594 0.495 0.489 0.594 0.477 0.478 0.613
0.62 0.62 0.512 0.519 0.62 0.443 0.442 0.6
0.619 0.619 0.498 0.503 0.619 0.462 0.462 0.595
0.592 0.592 0.504 0.494 0.592 0.447 0.447 0.543
0.601 0.601 0.485 0.537 0.601 0.51 0.51 0.613
0.625 0.625 0.505 0.486 0.625 0.429 0.427 0.58
0.597 0.597 0.491 0.491 0.597 0.467 0.47 0.565
0.635 0.635 0.511 0.504 0.635 0.445 0.444 0.573
0.62 0.62 0.512 0.501 0.62 0.481 0.479 0.63
0.609 0.609 0.514 0.474 0.609 0.49 0.49 0.605
0.59 0.59 0.509 0.5 0.59 0.494 0.495 0.598
0.624 0.624 0.489 0.465 0.624 0.474 0.473 0.585
0.596 0.596 0.534 0.494 0.596 0.454 0.452 0.563
0.608 0.608 0.514 0.492 0.608 0.485 0.485 0.609
0.623 0.623 0.507 0.489 0.623 0.486 0.489 0.626
0.618 0.618 0.498 0.473 0.618 0.454 0.454 0.594
0.628 0.628 0.53 0.467 0.628 0.463 0.464 0.61
0.618 0.618 0.525 0.493 0.618 0.483 0.483 0.589
0.618 0.618 0.473 0.502 0.618 0.472 0.472 0.612
0.6 0.6 0.501 0.5 0.6 0.46 0.461 0.592
0.623 0.623 0.486 0.478 0.623 0.458 0.458 0.626
0.608 0.608 0.503 0.493 0.608 0.487 0.487 0.596
0.614 0.614 0.515 0.472 0.614 0.48 0.481 0.61
0.63 0.63 0.486 0.477 0.63 0.492 0.494 0.64
0.625 0.625 0.505 0.503 0.625 0.463 0.462 0.578
0.62 0.62 0.5 0.509 0.62 0.438 0.438 0.559
0.624 0.624 0.52 0.502 0.624 0.473 0.473 0.63
0.624 0.624 0.476 0.498 0.624 0.484 0.485 0.604
0.639 0.639 0.492 0.495 0.639 0.454 0.455 0.624
0.612 0.612 0.483 0.514 0.612 0.477 0.476 0.58
0.593 0.593 0.533 0.505 0.593 0.489 0.489 0.586
0.643 0.643 0.519 0.477 0.643 0.502 0.503 0.637
0.602 0.602 0.501 0.499 0.602 0.468 0.468 0.584
0.598 0.598 0.499 0.508 0.598 0.453 0.452 0.556
0.641 0.641 0.543 0.518 0.641 0.465 0.466 0.589
0.598 0.598 0.488 0.48 0.598 0.48 0.48 0.567
0.617 0.617 0.515 0.491 0.617 0.459 0.457 0.583
0.645 0.645 0.503 0.495 0.645 0.501 0.498 0.604
0.602 0.602 0.514 0.478 0.602 0.471 0.471 0.592
0.62 0.62 0.512 0.501 0.62 0.493 0.492 0.582
0.6 0.6 0.512 0.486 0.6 0.458 0.459 0.603
0.613 0.613 0.495 0.487 0.613 0.502 0.502 0.599
0.586 0.586 0.475 0.517 0.586 0.479 0.479 0.599
0.604 0.604 0.512 0.49 0.604 0.468 0.468 0.616
0.604 0.604 0.496 0.494 0.604 0.484 0.485 0.619
0.621 0.621 0.466 0.49 0.621 0.443 0.445 0.602
0.631 0.631 0.505 0.512 0.631 0.477 0.478 0.607
0.595 0.595 0.483 0.515 0.595 0.505 0.504 0.6
0.627 0.627 0.48 0.519 0.627 0.428 0.428 0.581
0.633 0.633 0.53 0.512 0.633 0.457 0.457 0.617
0.618 0.618 0.504 0.507 0.618 0.44 0.439 0.588
0.603 0.603 0.519 0.502 0.603 0.469 0.468 0.591
0.609 0.609 0.502 0.487 0.609 0.5 0.5 0.614
0.622 0.622 0.489 0.462 0.622 0.455 0.455 0.556
0.598 0.598 0.472 0.472 0.598 0.481 0.481 0.581
0.594 0.594 0.504 0.483 0.594 0.46 0.459 0.583
0.63 0.63 0.475 0.503 0.63 0.476 0.475 0.613
0.613 0.613 0.482 0.517 0.613 0.495 0.499 0.6
0.605 0.605 0.509 0.505 0.605 0.443 0.443 0.581
0.63 0.63 0.467 0.502 0.63 0.467 0.468 0.609
0.602 0.602 0.503 0.522 0.602 0.47 0.469 0.591
0.58 0.58 0.492 0.505 0.58 0.528 0.528 0.584
0.623 0.623 0.477 0.491 0.623 0.461 0.461 0.616
0.624 0.624 0.509 0.474 0.624 0.497 0.497 0.62
0.633 0.633 0.489 0.5 0.633 0.446 0.443 0.591
0.63 0.63 0.496 0.514 0.63 0.465 0.464 0.589
0.628 0.628 0.525 0.512 0.628 0.495 0.495 0.631
0.609 0.609 0.507 0.497 0.609 0.461 0.461 0.621
0.627 0.627 0.506 0.497 0.627 0.46 0.46 0.593
0.624 0.624 0.522 0.505 0.624 0.443 0.444 0.612
0.634 0.634 0.496 0.504 0.634 0.458 0.459 0.544
0.617 0.617 0.499 0.505 0.617 0.5 0.502 0.614
0.609 0.609 0.506 0.515 0.609 0.474 0.476 0.606
0.604 0.604 0.459 0.501 0.604 0.493 0.492 0.603
0.61 0.61 0.522 0.504 0.61 0.477 0.478 0.561
0.62 0.62 0.467 0.469 0.62 0.46 0.459 0.612
0.607 0.607 0.479 0.476 0.607 0.437 0.435 0.588
0.625 0.625 0.497 0.514 0.625 0.499 0.499 0.627
0.618 0.618 0.485 0.508 0.618 0.444 0.445 0.578
0.604 0.604 0.463 0.498 0.604 0.491 0.491 0.589
0.618 0.618 0.484 0.493 0.618 0.472 0.472 0.603
0.616 0.616 0.487 0.498 0.616 0.485 0.488 0.599
0.61 0.61 0.486 0.482 0.61 0.497 0.497 0.616
0.611 0.611 0.472 0.502 0.611 0.475 0.478 0.584
0.606 0.606 0.488 0.508 0.606 0.474 0.477 0.598
0.626 0.626 0.51 0.496 0.626 0.459 0.456 0.598
0.603 0.603 0.506 0.495 0.603 0.506 0.506 0.599
0.647 0.647 0.498 0.481 0.647 0.486 0.486 0.623
0.6 0.6 0.523 0.487 0.6 0.486 0.484 0.603
0.629 0.629 0.489 0.497 0.629 0.456 0.456 0.587
0.604 0.604 0.494 0.527 0.604 0.473 0.473 0.606
0.627 0.627 0.503 0.5 0.627 0.462 0.461 0.619
0.624 0.624 0.502 0.503 0.624 0.461 0.461 0.648
0.605 0.605 0.497 0.499 0.605 0.461 0.463 0.542
0.634 0.634 0.504 0.502 0.634 0.484 0.484 0.635
0.632 0.632 0.502 0.487 0.632 0.432 0.434 0.571
0.618 0.618 0.544 0.532 0.618 0.441 0.44 0.563
0.642 0.642 0.468 0.492 0.642 0.438 0.437 0.602
0.604 0.604 0.519 0.485 0.604 0.46 0.462 0.61
0.613 0.613 0.501 0.526 0.613 0.467 0.467 0.598
0.626 0.626 0.5 0.504 0.626 0.464 0.468 0.602
0.615 0.615 0.504 0.482 0.615 0.456 0.456 0.597
0.594 0.594 0.491 0.48 0.594 0.488 0.486 0.604
0.608 0.608 0.473 0.489 0.608 0.478 0.478 0.585
0.62 0.62 0.483 0.488 0.62 0.507 0.507 0.604
0.619 0.619 0.496 0.506 0.619 0.448 0.449 0.59
0.605 0.605 0.511 0.501 0.605 0.466 0.466 0.594
0.585 0.585 0.495 0.475 0.585 0.476 0.475 0.604
0.587 0.587 0.517 0.481 0.587 0.484 0.483 0.584
0.602 0.602 0.513 0.514 0.602 0.463 0.463 0.574
0.624 0.624 0.49 0.474 0.624 0.418 0.421 0.579
0.599 0.599 0.514 0.496 0.599 0.472 0.472 0.573
0.606 0.606 0.505 0.505 0.606 0.452 0.451 0.559
0.614 0.614 0.508 0.499 0.614 0.485 0.486 0.61
0.612 0.612 0.512 0.533 0.612 0.454 0.454 0.596
0.618 0.618 0.516 0.477 0.618 0.479 0.478 0.588
0.599 0.599 0.485 0.484 0.599 0.481 0.48 0.571
0.622 0.622 0.477 0.507 0.622 0.462 0.46 0.628
0.603 0.603 0.502 0.502 0.603 0.482 0.48 0.562
0.581 0.581 0.49 0.503 0.581 0.468 0.47 0.58
0.617 0.617 0.492 0.483 0.617 0.472 0.471 0.613
0.627 0.627 0.513 0.505 0.627 0.475 0.475 0.608
0.624 0.624 0.513 0.492 0.624 0.473 0.471 0.577
0.616 0.616 0.495 0.497 0.616 0.477 0.477 0.576
0.589 0.589 0.524 0.485 0.589 0.467 0.467 0.564
0.61 0.61 0.493 0.478 0.61 0.49 0.49 0.595
0.612 0.612 0.494 0.489 0.612 0.499 0.499 0.615
0.593 0.593 0.492 0.474 0.593 0.452 0.451 0.558
0.632 0.632 0.488 0.496 0.632 0.474 0.475 0.625
0.637 0.637 0.509 0.544 0.637 0.443 0.441 0.588
0.592 0.592 0.507 0.516 0.592 0.469 0.472 0.607
0.595 0.595 0.512 0.511 0.595 0.459 0.461 0.548
0.613 0.613 0.511 0.504 0.613 0.499 0.499 0.61
0.605 0.605 0.499 0.504 0.605 0.499 0.499 0.566
0.633 0.633 0.493 0.512 0.633 0.534 0.534 0.623
0.625 0.625 0.485 0.514 0.625 0.462 0.462 0.605
0.609 0.609 0.508 0.514 0.609 0.479 0.48 0.571
0.639 0.639 0.512 0.491 0.639 0.463 0.464 0.578
0.611 0.611 0.511 0.518 0.611 0.436 0.436 0.581
0.606 0.606 0.502 0.534 0.606 0.427 0.426 0.556
0.636 0.636 0.508 0.478 0.636 0.459 0.459 0.613
0.626 0.626 0.523 0.507 0.626 0.464 0.461 0.592
0.634 0.634 0.499 0.49 0.634 0.434 0.433 0.531
0.624 0.624 0.484 0.511 0.624 0.458 0.458 0.577
0.621 0.621 0.503 0.501 0.621 0.484 0.484 0.609
0.606 0.606 0.506 0.485 0.606 0.496 0.493 0.614
0.629 0.629 0.505 0.495 0.629 0.464 0.464 0.582
0.595 0.595 0.479 0.47 0.595 0.464 0.462 0.578
0.604 0.604 0.506 0.504 0.604 0.462 0.46 0.611
0.647 0.647 0.536 0.497 0.647 0.467 0.467 0.647
0.604 0.604 0.527 0.487 0.604 0.466 0.466 0.602
0.611 0.611 0.511 0.49 0.611 0.464 0.464 0.579
0.614 0.614 0.485 0.508 0.614 0.505 0.505 0.606
0.621 0.621 0.52 0.508 0.621 0.49 0.491 0.602
0.63 0.63 0.513 0.522 0.63 0.452 0.451 0.596
0.626 0.626 0.512 0.489 0.626 0.508 0.508 0.615
0.611 0.611 0.484 0.49 0.611 0.468 0.467 0.599
0.616 0.616 0.513 0.455 0.616 0.472 0.472 0.605
0.611 0.611 0.518 0.487 0.611 0.491 0.491 0.593
0.608 0.608 0.509 0.489 0.608 0.487 0.486 0.594
0.641 0.641 0.489 0.49 0.641 0.488 0.488 0.639
0.619 0.619 0.485 0.492 0.619 0.456 0.456 0.565
0.644 0.644 0.502 0.502 0.644 0.507 0.505 0.635
0.609 0.609 0.517 0.506 0.609 0.486 0.485 0.611
0.6 0.6 0.498 0.503 0.6 0.478 0.478 0.583
0.637 0.637 0.502 0.505 0.637 0.473 0.473 0.6
0.6 0.6 0.51 0.508 0.6 0.447 0.446 0.563
0.631 0.631 0.483 0.509 0.631 0.468 0.468 0.635
0.599 0.599 0.486 0.513 0.599 0.498 0.498 0.58
0.603 0.603 0.516 0.493 0.603 0.469 0.469 0.582
0.634 0.634 0.527 0.525 0.634 0.462 0.46 0.588
0.634 0.634 0.482 0.509 0.634 0.505 0.506 0.636
0.624 0.624 0.487 0.506 0.624 0.454 0.452 0.58
0.6 0.6 0.504 0.501 0.6 0.449 0.449 0.577
0.626 0.626 0.514 0.466 0.626 0.451 0.45 0.607
0.608 0.608 0.49 0.512 0.608 0.481 0.481 0.587
0.617 0.617 0.486 0.508 0.617 0.485 0.484 0.61
0.621 0.621 0.509 0.5 0.621 0.478 0.477 0.615
0.6 0.6 0.52 0.508 0.6 0.462 0.463 0.599
0.604 0.604 0.491 0.512 0.604 0.453 0.456 0.577
0.618 0.618 0.481 0.467 0.618 0.455 0.456 0.593
0.612 0.612 0.485 0.499 0.612 0.448 0.445 0.542
0.641 0.641 0.51 0.499 0.641 0.478 0.475 0.577
0.592 0.592 0.504 0.498 0.592 0.474 0.475 0.579
0.626 0.626 0.505 0.491 0.626 0.45 0.45 0.606
0.62 0.62 0.519 0.51 0.62 0.486 0.486 0.613
0.582 0.582 0.487 0.52 0.582 0.516 0.515 0.59
0.607 0.607 0.498 0.503 0.607 0.458 0.457 0.57
0.599 0.599 0.491 0.484 0.599 0.45 0.451 0.564
0.599 0.599 0.5 0.487 0.599 0.451 0.451 0.551
0.616 0.616 0.489 0.528 0.616 0.461 0.461 0.603
0.638 0.638 0.492 0.521 0.638 0.494 0.494 0.626
0.595 0.595 0.483 0.498 0.595 0.484 0.483 0.596
0.623 0.623 0.512 0.484 0.623 0.48 0.477 0.616
0.62 0.62 0.498 0.498 0.62 0.464 0.462 0.577
0.62 0.62 0.515 0.514 0.62 0.489 0.486 0.612
0.596 0.596 0.535 0.516 0.596 0.446 0.447 0.601
0.589 0.589 0.517 0.519 0.589 0.466 0.464 0.588
0.596 0.596 0.518 0.504 0.596 0.493 0.492 0.587
0.604 0.604 0.507 0.501 0.604 0.449 0.447 0.536
0.612 0.612 0.494 0.494 0.612 0.465 0.467 0.58
0.625 0.625 0.506 0.496 0.625 0.482 0.48 0.618
0.589 0.589 0.508 0.492 0.589 0.479 0.479 0.555
0.587 0.587 0.514 0.498 0.587 0.496 0.494 0.607
0.611 0.611 0.494 0.507 0.611 0.455 0.456 0.599
0.628 0.628 0.493 0.509 0.628 0.472 0.472 0.598
0.627 0.627 0.506 0.496 0.627 0.481 0.482 0.619
0.608 0.608 0.47 0.521 0.608 0.466 0.467 0.604
0.622 0.622 0.473 0.499 0.622 0.451 0.451 0.559
0.598 0.598 0.505 0.495 0.598 0.488 0.489 0.574
0.607 0.607 0.495 0.514 0.607 0.458 0.459 0.589
0.645 0.645 0.498 0.527 0.645 0.453 0.454 0.62
0.591 0.591 0.505 0.477 0.591 0.447 0.446 0.556
0.608 0.608 0.508 0.486 0.608 0.459 0.458 0.552
0.639 0.639 0.505 0.511 0.639 0.474 0.475 0.603
0.621 0.621 0.507 0.483 0.621 0.487 0.488 0.595
0.602 0.602 0.473 0.514 0.602 0.456 0.456 0.59
0.58 0.58 0.496 0.49 0.58 0.496 0.499 0.577
0.619 0.619 0.496 0.491 0.619 0.474 0.474 0.617
0.598 0.598 0.52 0.491 0.598 0.49 0.491 0.578
0.634 0.634 0.513 0.491 0.634 0.455 0.453 0.574
0.643 0.643 0.475 0.516 0.643 0.472 0.474 0.626
0.613 0.613 0.472 0.498 0.613 0.494 0.492 0.594
0.612 0.612 0.524 0.497 0.612 0.474 0.473 0.59
0.58 0.58 0.515 0.508 0.58 0.497 0.497 0.535
0.63 0.63 0.508 0.521 0.63 0.47 0.469 0.608
0.627 0.627 0.525 0.509 0.627 0.473 0.473 0.61
0.622 0.622 0.5 0.497 0.622 0.462 0.462 0.619
0.613 0.613 0.501 0.494 0.613 0.446 0.449 0.58
0.64 0.64 0.5 0.536 0.64 0.444 0.442 0.601
0.603 0.603 0.498 0.512 0.603 0.481 0.481 0.593
0.606 0.606 0.495 0.499 0.606 0.477 0.475 0.568
0.631 0.631 0.489 0.469 0.631 0.437 0.437 0.55
0.634 0.634 0.509 0.498 0.634 0.47 0.471 0.606
0.647 0.647 0.508 0.484 0.647 0.476 0.475 0.657
0.604 0.604 0.503 0.513 0.604 0.465 0.469 0.606
0.61 0.61 0.509 0.521 0.61 0.502 0.502 0.611
0.625 0.625 0.501 0.458 0.625 0.469 0.469 0.604
0.615 0.615 0.528 0.518 0.615 0.438 0.438 0.593
0.617 0.617 0.478 0.52 0.617 0.513 0.513 0.615
0.581 0.581 0.489 0.501 0.581 0.475 0.475 0.585
0.612 0.612 0.497 0.498 0.612 0.446 0.448 0.618
0.631 0.631 0.493 0.494 0.631 0.451 0.451 0.574
0.6 0.6 0.492 0.516 0.6 0.508 0.506 0.627
0.622 0.622 0.509 0.49 0.622 0.447 0.447 0.591
0.603 0.603 0.513 0.5 0.603 0.456 0.457 0.582
0.593 0.593 0.511 0.497 0.593 0.454 0.453 0.574
0.611 0.611 0.512 0.511 0.611 0.509 0.509 0.606
0.611 0.611 0.509 0.509 0.611 0.508 0.51 0.604
0.622 0.622 0.485 0.516 0.622 0.458 0.459 0.559
0.622 0.622 0.518 0.495 0.622 0.484 0.482 0.595
0.624 0.624 0.506 0.511 0.624 0.453 0.455 0.617
0.6 0.6 0.521 0.535 0.6 0.479 0.48 0.583
0.585 0.585 0.49 0.491 0.585 0.498 0.498 0.601
0.632 0.632 0.527 0.505 0.632 0.473 0.473 0.553
0.604 0.604 0.457 0.508 0.604 0.468 0.469 0.601
0.624 0.624 0.487 0.499 0.624 0.464 0.463 0.632
0.624 0.624 0.505 0.498 0.624 0.481 0.48 0.609
0.602 0.602 0.477 0.511 0.602 0.472 0.472 0.592
0.625 0.625 0.519 0.526 0.625 0.495 0.497 0.632
0.621 0.621 0.531 0.49 0.621 0.443 0.442 0.576
0.603 0.603 0.494 0.506 0.603 0.486 0.488 0.581
0.584 0.584 0.487 0.506 0.584 0.461 0.461 0.592
0.637 0.637 0.504 0.507 0.637 0.445 0.443 0.57
0.636 0.636 0.531 0.52 0.636 0.497 0.496 0.629
0.649 0.649 0.476 0.528 0.649 0.48 0.48 0.628
0.621 0.621 0.516 0.517 0.621 0.469 0.467 0.626
0.635 0.635 0.53 0.512 0.635 0.462 0.462 0.611
0.62 0.62 0.491 0.497 0.62 0.469 0.468 0.611
0.612 0.612 0.49 0.524 0.612 0.469 0.468 0.592
0.624 0.624 0.489 0.517 0.624 0.487 0.486 0.623
0.597 0.597 0.48 0.493 0.597 0.493 0.493 0.593
0.611 0.611 0.515 0.513 0.611 0.476 0.473 0.559
0.603 0.603 0.498 0.505 0.603 0.447 0.448 0.58
0.61 0.61 0.491 0.506 0.61 0.452 0.452 0.612
0.601 0.601 0.478 0.502 0.601 0.461 0.462 0.585
0.628 0.628 0.498 0.51 0.628 0.454 0.454 0.598
0.572 0.572 0.494 0.499 0.572 0.466 0.465 0.588
0.62 0.62 0.487 0.518 0.62 0.48 0.478 0.573
0.619 0.619 0.504 0.508 0.619 0.455 0.455 0.614
0.589 0.589 0.497 0.512 0.589 0.5 0.5 0.586
0.588 0.588 0.509 0.502 0.588 0.49 0.493 0.593
0.609 0.609 0.5 0.515 0.609 0.475 0.476 0.612
0.62 0.62 0.472 0.514 0.62 0.502 0.506 0.611
0.62 0.62 0.497 0.536 0.62 0.485 0.487 0.607
0.614 0.614 0.494 0.471 0.614 0.489 0.488 0.605
0.612 0.612 0.531 0.492 0.612 0.466 0.466 0.578
0.617 0.617 0.521 0.468 0.617 0.429 0.429 0.522
0.621 0.621 0.518 0.48 0.621 0.478 0.479 0.622
0.608 0.608 0.511 0.502 0.608 0.459 0.459 0.601
0.628 0.628 0.51 0.53 0.628 0.49 0.492 0.616
0.594 0.594 0.488 0.515 0.594 0.496 0.496 0.601
0.602 0.602 0.54 0.519 0.602 0.457 0.457 0.544
0.634 0.634 0.532 0.525 0.634 0.445 0.444 0.56
0.596 0.596 0.515 0.49 0.596 0.508 0.508 0.598
0.612 0.612 0.521 0.491 0.612 0.462 0.462 0.591
0.627 0.627 0.509 0.506 0.627 0.45 0.452 0.588
0.608 0.608 0.465 0.514 0.608 0.494 0.496 0.622
0.626 0.626 0.464 0.511 0.626 0.454 0.453 0.578
0.609 0.609 0.519 0.494 0.609 0.473 0.471 0.591
0.635 0.635 0.511 0.486 0.635 0.42 0.425 0.587
0.628 0.628 0.498 0.507 0.628 0.483 0.483 0.605
0.604 0.604 0.472 0.507 0.604 0.476 0.477 0.602
0.622 0.622 0.5 0.513 0.622 0.478 0.478 0.601
0.64 0.64 0.5 0.517 0.64 0.46 0.46 0.587
0.609 0.609 0.493 0.514 0.609 0.471 0.471 0.601
0.635 0.635 0.478 0.502 0.635 0.445 0.443 0.596
0.613 0.613 0.49 0.495 0.613 0.477 0.477 0.591
0.632 0.632 0.498 0.527 0.632 0.485 0.486 0.606
0.643 0.643 0.494 0.481 0.643 0.466 0.466 0.618
0.615 0.615 0.478 0.508 0.615 0.483 0.483 0.616
0.585 0.585 0.476 0.481 0.585 0.472 0.47 0.558
0.591 0.591 0.515 0.503 0.591 0.485 0.485 0.593
0.619 0.619 0.497 0.514 0.619 0.494 0.494 0.626
0.632 0.632 0.501 0.525 0.632 0.476 0.477 0.606
0.601 0.601 0.51 0.483 0.601 0.47 0.474 0.577
0.636 0.636 0.519 0.518 0.636 0.469 0.47 0.592
0.606 0.606 0.519 0.502 0.606 0.471 0.471 0.582
0.602 0.602 0.515 0.502 0.602 0.449 0.448 0.567
0.596 0.596 0.532 0.504 0.596 0.465 0.468 0.588
0.583 0.583 0.495 0.52 0.583 0.46 0.461 0.567
0.63 0.63 0.495 0.506 0.63 0.454 0.452 0.596
0.588 0.588 0.51 0.509 0.588 0.453 0.454 0.582
0.618 0.618 0.491 0.498 0.618 0.494 0.495 0.591
0.569 0.569 0.505 0.495 0.569 0.479 0.479 0.569
0.616 0.616 0.515 0.506 0.616 0.467 0.468 0.561
0.606 0.606 0.496 0.495 0.606 0.446 0.446 0.58
0.616 0.616 0.521 0.486 0.616 0.506 0.504 0.579
0.642 0.642 0.51 0.483 0.642 0.496 0.496 0.624
0.608 0.608 0.494 0.504 0.608 0.468 0.467 0.571
0.597 0.597 0.507 0.486 0.597 0.463 0.46 0.58
0.623 0.623 0.476 0.498 0.623 0.46 0.461 0.545
0.597 0.597 0.487 0.488 0.597 0.489 0.491 0.611
0.629 0.629 0.494 0.489 0.629 0.482 0.48 0.597
0.598 0.598 0.511 0.499 0.598 0.494 0.494 0.589
0.622 0.622 0.465 0.501 0.622 0.466 0.467 0.581
0.614 0.614 0.489 0.497 0.614 0.485 0.485 0.601
0.611 0.611 0.49 0.483 0.611 0.471 0.471 0.594
0.615 0.615 0.501 0.514 0.615 0.474 0.474 0.627
0.635 0.635 0.469 0.501 0.635 0.488 0.487 0.629
0.599 0.599 0.493 0.487 0.599 0.469 0.466 0.616
0.601 0.601 0.495 0.498 0.601 0.488 0.486 0.598
0.599 0.599 0.501 0.52 0.599 0.473 0.473 0.607
0.598 0.598 0.492 0.5 0.598 0.468 0.469 0.594
0.597 0.597 0.475 0.484 0.597 0.482 0.484 0.575
0.627 0.627 0.502 0.513 0.627 0.463 0.461 0.591
0.635 0.635 0.491 0.476 0.635 0.515 0.516 0.637
0.626 0.626 0.508 0.513 0.626 0.482 0.481 0.637
0.589 0.589 0.471 0.491 0.589 0.465 0.463 0.593
0.587 0.587 0.502 0.506 0.587 0.473 0.473 0.562
0.601 0.601 0.486 0.469 0.601 0.476 0.478 0.61
0.598 0.598 0.5 0.524 0.598 0.452 0.454 0.591
0.604 0.604 0.504 0.498 0.604 0.49 0.491 0.575
0.637 0.637 0.515 0.506 0.637 0.455 0.454 0.643
0.604 0.604 0.501 0.491 0.604 0.469 0.47 0.603
0.606 0.606 0.504 0.5 0.606 0.489 0.489 0.644
0.615 0.615 0.52 0.464 0.615 0.442 0.442 0.612
0.626 0.626 0.524 0.498 0.626 0.466 0.466 0.591
0.617 0.617 0.508 0.517 0.617 0.453 0.453 0.562
0.604 0.604 0.507 0.487 0.604 0.457 0.456 0.591
0.604 0.604 0.497 0.46 0.604 0.494 0.493 0.598
0.606 0.606 0.525 0.496 0.606 0.433 0.43 0.598
0.609 0.609 0.507 0.502 0.609 0.497 0.497 0.607
