0.614 0.614 0.523 0.52 0.614 0.447 0.447 0.616
0.61 0.61 0.473 0.499 0.61 0.484 0.485 0.609
0.611 0.611 0.536 0.495 0.611 0.47 0.47 0.612
0.602 0.602 0.51 0.519 0.602 0.483 0.483 0.607
0.632 0.632 0.507 0.494 0.632 0.453 0.453 0.626
0.651 0.651 0.531 0.506 0.651 0.431 0.431 0.651
0.6 0.6 0.486 0.504 0.6 0.495 0.495 0.599
0.62 0.62 0.478 0.512 0.62 0.45 0.449 0.613
0.643 0.643 0.506 0.508 0.643 0.431 0.43 0.624
0.618 0.618 0.513 0.505 0.618 0.409 0.409 0.627
0.613 0.613 0.504 0.516 0.613 0.482 0.482 0.618
0.603 0.603 0.525 0.484 0.603 0.509 0.509 0.604
0.635 0.635 0.493 0.488 0.635 0.459 0.458 0.65
0.629 0.629 0.494 0.506 0.629 0.471 0.471 0.629
0.629 0.629 0.52 0.495 0.629 0.418 0.417 0.598
0.613 0.613 0.489 0.491 0.613 0.441 0.441 0.614
0.639 0.639 0.485 0.488 0.639 0.499 0.499 0.648
0.607 0.607 0.511 0.497 0.607 0.447 0.447 0.604
0.587 0.587 0.482 0.507 0.587 0.45 0.45 0.587
0.627 0.627 0.482 0.492 0.627 0.456 0.455 0.629
0.608 0.608 0.507 0.529 0.608 0.497 0.497 0.608
0.64 0.64 0.511 0.5 0.64 0.474 0.474 0.639
0.593 0.593 0.504 0.493 0.593 0.461 0.461 0.602
0.636 0.636 0.489 0.487 0.636 0.449 0.449 0.632
0.611 0.611 0.508 0.496 0.611 0.485 0.485 0.617
0.609 0.609 0.504 0.526 0.609 0.498 0.498 0.617
0.611 0.611 0.496 0.503 0.611 0.479 0.479 0.593
0.612 0.612 0.524 0.549 0.612 0.459 0.458 0.621
0.61 0.61 0.506 0.518 0.61 0.468 0.468 0.601
0.609 0.609 0.492 0.472 0.609 0.474 0.473 0.602
0.62 0.62 0.512 0.501 0.62 0.474 0.474 0.602
0.619 0.619 0.499 0.484 0.619 0.459 0.459 0.622
0.605 0.605 0.515 0.52 0.605 0.486 0.485 0.612
0.597 0.597 0.485 0.518 0.597 0.474 0.474 0.602
0.628 0.628 0.515 0.513 0.628 0.461 0.46 0.626
0.621 0.621 0.502 0.485 0.621 0.449 0.448 0.623
0.605 0.605 0.499 0.483 0.605 0.448 0.448 0.615
0.601 0.601 0.53 0.478 0.601 0.493 0.493 0.601
0.625 0.625 0.499 0.505 0.625 0.499 0.499 0.625
0.62 0.62 0.481 0.507 0.62 0.485 0.485 0.622
0.616 0.616 0.496 0.479 0.616 0.487 0.487 0.615
0.656 0.656 0.501 0.46 0.656 0.491 0.491 0.647
0.594 0.594 0.483 0.493 0.594 0.482 0.483 0.595
0.606 0.606 0.52 0.482 0.606 0.508 0.508 0.606
0.62 0.62 0.488 0.519 0.62 0.467 0.467 0.619
0.606 0.606 0.503 0.515 0.606 0.465 0.466 0.612
0.604 0.604 0.501 0.491 0.604 0.489 0.488 0.6
0.605 0.605 0.508 0.505 0.605 0.531 0.531 0.605
0.639 0.639 0.497 0.5 0.639 0.432 0.431 0.635
0.61 0.61 0.526 0.488 0.61 0.467 0.467 0.614
0.612 0.612 0.506 0.508 0.612 0.468 0.468 0.617
0.616 0.616 0.486 0.509 0.616 0.434 0.433 0.616
0.611 0.611 0.494 0.523 0.611 0.49 0.49 0.614
0.605 0.605 0.512 0.497 0.605 0.489 0.489 0.606
0.592 0.592 0.496 0.504 0.592 0.465 0.466 0.607
0.588 0.588 0.5 0.486 0.588 0.486 0.486 0.591
0.609 0.609 0.511 0.5 0.609 0.488 0.488 0.612
0.604 0.604 0.501 0.481 0.604 0.48 0.479 0.606
0.622 0.622 0.501 0.499 0.622 0.48 0.479 0.623
0.595 0.595 0.48 0.485 0.595 0.482 0.482 0.596
0.611 0.611 0.514 0.488 0.611 0.484 0.485 0.609
0.647 0.647 0.472 0.492 0.647 0.437 0.436 0.64
0.622 0.622 0.506 0.509 0.622 0.477 0.477 0.626
0.627 0.627 0.468 0.478 0.627 0.435 0.435 0.625
0.62 0.62 0.526 0.495 0.62 0.465 0.466 0.618
0.616 0.616 0.497 0.495 0.616 0.466 0.466 0.614
0.601 0.601 0.495 0.531 0.601 0.506 0.506 0.602
0.578 0.578 0.515 0.494 0.578 0.457 0.457 0.569
0.598 0.598 0.501 0.5 0.598 0.466 0.466 0.595
0.612 0.612 0.494 0.508 0.612 0.489 0.49 0.607
0.611 0.611 0.513 0.5 0.611 0.489 0.489 0.608
0.594 0.594 0.504 0.504 0.594 0.462 0.462 0.599
0.632 0.632 0.512 0.505 0.632 0.483 0.483 0.636
0.599 0.599 0.522 0.489 0.599 0.47 0.47 0.603
0.595 0.595 0.495 0.487 0.595 0.463 0.463 0.602
0.581 0.581 0.51 0.531 0.581 0.499 0.499 0.58
0.606 0.606 0.511 0.513 0.606 0.475 0.475 0.6
0.612 0.612 0.5 0.505 0.612 0.517 0.517 0.612
0.617 0.617 0.483 0.519 0.617 0.468 0.468 0.625
0.629 0.629 0.522 0.529 0.629 0.487 0.487 0.627
0.629 0.629 0.471 0.492 0.629 0.455 0.455 0.631
0.617 0.617 0.525 0.517 0.617 0.479 0.479 0.621
0.617 0.617 0.501 0.486 0.617 0.498 0.498 0.617
0.598 0.598 0.518 0.492 0.598 0.502 0.501 0.598
0.604 0.604 0.491 0.475 0.604 0.487 0.487 0.604
0.606 0.606 0.537 0.51 0.606 0.484 0.483 0.606
0.597 0.597 0.475 0.472 0.597 0.471 0.471 0.598
0.63 0.63 0.489 0.489 0.63 0.494 0.494 0.632
0.589 0.589 0.512 0.501 0.589 0.497 0.497 0.591
0.609 0.609 0.498 0.483 0.609 0.499 0.498 0.607
0.564 0.564 0.485 0.486 0.564 0.446 0.446 0.56
0.627 0.627 0.504 0.49 0.627 0.474 0.474 0.619
0.607 0.607 0.492 0.49 0.607 0.471 0.471 0.599
0.624 0.624 0.5 0.494 0.624 0.501 0.501 0.624
0.624 0.624 0.485 0.525 0.624 0.518 0.518 0.623
0.611 0.611 0.486 0.524 0.611 0.468 0.468 0.609
0.61 0.61 0.483 0.498 0.61 0.456 0.456 0.61
0.612 0.612 0.496 0.524 0.612 0.474 0.474 0.618
0.625 0.625 0.515 0.496 0.625 0.477 0.477 0.604
0.619 0.619 0.477 0.508 0.619 0.466 0.466 0.626
0.63 0.63 0.479 0.523 0.63 0.445 0.445 0.628
0.614 0.614 0.515 0.47 0.614 0.484 0.483 0.602
0.641 0.641 0.503 0.528 0.641 0.497 0.497 0.642
0.628 0.628 0.503 0.473 0.628 0.526 0.526 0.628
0.615 0.615 0.499 0.472 0.615 0.457 0.457 0.614
0.616 0.616 0.512 0.474 0.616 0.464 0.464 0.617
0.625 0.625 0.482 0.499 0.625 0.493 0.492 0.624
0.604 0.604 0.508 0.488 0.604 0.47 0.47 0.604
0.587 0.587 0.509 0.532 0.587 0.477 0.477 0.586
0.577 0.577 0.504 0.511 0.577 0.495 0.495 0.579
0.588 0.588 0.538 0.486 0.588 0.499 0.499 0.598
0.591 0.591 0.478 0.516 0.591 0.479 0.479 0.596
0.625 0.625 0.511 0.522 0.625 0.484 0.483 0.624
0.609 0.609 0.504 0.504 0.609 0.482 0.481 0.613
0.62 0.62 0.48 0.516 0.62 0.5 0.501 0.627
0.604 0.604 0.518 0.521 0.604 0.446 0.446 0.611
0.636 0.636 0.53 0.475 0.636 0.449 0.45 0.626
0.598 0.598 0.484 0.544 0.598 0.469 0.469 0.595
0.618 0.618 0.484 0.505 0.618 0.477 0.477 0.623
0.594 0.594 0.496 0.473 0.594 0.464 0.465 0.597
0.606 0.606 0.483 0.5 0.606 0.455 0.456 0.596
0.604 0.604 0.5 0.494 0.604 0.441 0.441 0.614
0.612 0.612 0.496 0.51 0.612 0.486 0.486 0.615
0.614 0.614 0.5 0.483 0.614 0.481 0.481 0.608
0.612 0.612 0.507 0.484 0.612 0.474 0.474 0.608
0.63 0.63 0.484 0.475 0.63 0.481 0.481 0.63
0.62 0.62 0.49 0.493 0.62 0.501 0.501 0.621
0.606 0.606 0.499 0.51 0.606 0.483 0.483 0.601
0.616 0.616 0.489 0.497 0.616 0.466 0.466 0.62
0.619 0.619 0.517 0.491 0.619 0.472 0.472 0.628
0.596 0.596 0.488 0.477 0.596 0.504 0.504 0.595
0.641 0.641 0.521 0.511 0.641 0.434 0.434 0.624
0.641 0.641 0.516 0.479 0.641 0.455 0.454 0.64
0.62 0.62 0.495 0.489 0.62 0.474 0.475 0.623
0.589 0.589 0.495 0.5 0.589 0.492 0.491 0.599
0.597 0.597 0.523 0.462 0.597 0.505 0.505 0.591
0.601 0.601 0.523 0.502 0.601 0.469 0.469 0.603
0.587 0.587 0.526 0.52 0.587 0.507 0.506 0.588
0.617 0.617 0.519 0.501 0.617 0.459 0.459 0.612
0.614 0.614 0.49 0.519 0.614 0.444 0.445 0.611
0.609 0.609 0.471 0.494 0.609 0.452 0.452 0.615
0.613 0.613 0.505 0.497 0.613 0.463 0.463 0.611
0.614 0.614 0.501 0.502 0.614 0.487 0.487 0.615
0.629 0.629 0.502 0.496 0.629 0.473 0.472 0.634
0.615 0.615 0.508 0.498 0.615 0.457 0.458 0.629
0.619 0.619 0.513 0.48 0.619 0.475 0.475 0.624
0.627 0.627 0.499 0.493 0.627 0.49 0.489 0.62
0.612 0.612 0.494 0.476 0.612 0.468 0.468 0.607
0.615 0.615 0.512 0.486 0.615 0.508 0.508 0.616
0.594 0.594 0.474 0.493 0.594 0.487 0.487 0.595
0.609 0.609 0.513 0.474 0.609 0.492 0.492 0.602
0.592 0.592 0.536 0.512 0.592 0.512 0.512 0.592
0.625 0.625 0.502 0.493 0.625 0.453 0.452 0.627
0.615 0.615 0.495 0.503 0.615 0.479 0.479 0.601
0.578 0.578 0.49 0.529 0.578 0.473 0.473 0.587
0.613 0.613 0.536 0.498 0.613 0.457 0.458 0.612
0.607 0.607 0.478 0.48 0.607 0.474 0.473 0.613
0.612 0.612 0.507 0.507 0.612 0.502 0.502 0.612
0.613 0.613 0.498 0.494 0.613 0.484 0.484 0.622
0.649 0.649 0.512 0.491 0.649 0.475 0.475 0.64
0.634 0.634 0.48 0.51 0.634 0.487 0.487 0.632
0.643 0.643 0.477 0.506 0.643 0.467 0.467 0.653
0.618 0.618 0.488 0.434 0.618 0.503 0.503 0.618
0.64 0.64 0.502 0.48 0.64 0.459 0.459 0.639
0.605 0.605 0.496 0.482 0.605 0.514 0.515 0.608
0.626 0.626 0.497 0.489 0.626 0.499 0.499 0.631
0.617 0.617 0.49 0.488 0.617 0.453 0.452 0.621
0.629 0.629 0.499 0.492 0.629 0.475 0.474 0.625
0.623 0.623 0.491 0.514 0.623 0.446 0.446 0.637
0.6 0.6 0.497 0.508 0.6 0.501 0.501 0.6
0.64 0.64 0.495 0.51 0.64 0.467 0.466 0.633
0.598 0.598 0.516 0.483 0.598 0.48 0.48 0.597
0.62 0.62 0.497 0.463 0.62 0.434 0.434 0.615
0.616 0.616 0.487 0.501 0.616 0.462 0.462 0.62
0.597 0.597 0.501 0.484 0.597 0.52 0.52 0.597
0.629 0.629 0.49 0.512 0.629 0.428 0.427 0.639
0.632 0.632 0.516 0.487 0.632 0.482 0.482 0.634
0.617 0.617 0.512 0.497 0.617 0.49 0.49 0.615
0.621 0.621 0.487 0.491 0.621 0.447 0.447 0.611
0.627 0.627 0.533 0.501 0.627 0.5 0.5 0.625
0.618 0.618 0.453 0.485 0.618 0.452 0.452 0.623
0.637 0.637 0.484 0.512 0.637 0.469 0.469 0.634
0.615 0.615 0.523 0.523 0.615 0.469 0.47 0.626
0.617 0.617 0.494 0.516 0.617 0.519 0.519 0.618
0.619 0.619 0.498 0.505 0.619 0.469 0.469 0.617
0.582 0.582 0.505 0.494 0.582 0.498 0.498 0.581
0.61 0.61 0.49 0.484 0.61 0.44 0.44 0.596
0.587 0.587 0.487 0.499 0.587 0.46 0.459 0.604
0.625 0.625 0.482 0.514 0.625 0.455 0.455 0.63
0.587 0.587 0.503 0.516 0.587 0.49 0.491 0.596
0.636 0.636 0.527 0.519 0.636 0.475 0.475 0.636
0.618 0.618 0.498 0.511 0.618 0.453 0.453 0.606
0.618 0.618 0.516 0.486 0.618 0.49 0.49 0.616
0.585 0.585 0.494 0.512 0.585 0.474 0.474 0.603
0.626 0.626 0.503 0.489 0.626 0.483 0.483 0.623
0.603 0.603 0.496 0.488 0.603 0.481 0.481 0.606
0.616 0.616 0.509 0.527 0.616 0.459 0.459 0.606
0.595 0.595 0.493 0.486 0.595 0.454 0.455 0.604
0.612 0.612 0.506 0.499 0.612 0.443 0.443 0.607
0.609 0.609 0.534 0.5 0.609 0.484 0.484 0.608
0.6 0.6 0.517 0.488 0.6 0.452 0.453 0.61
0.621 0.621 0.501 0.516 0.621 0.494 0.494 0.627
0.598 0.598 0.504 0.508 0.598 0.494 0.494 0.602
0.603 0.603 0.486 0.503 0.603 0.503 0.503 0.603
0.617 0.617 0.493 0.48 0.617 0.463 0.463 0.619
0.604 0.604 0.496 0.476 0.604 0.449 0.449 0.608
0.611 0.611 0.507 0.519 0.611 0.517 0.517 0.61
0.612 0.612 0.474 0.551 0.612 0.485 0.485 0.613
0.583 0.583 0.473 0.48 0.583 0.481 0.482 0.588
0.6 0.6 0.509 0.491 0.6 0.452 0.452 0.608
0.606 0.606 0.498 0.517 0.606 0.482 0.481 0.607
0.594 0.594 0.512 0.459 0.594 0.451 0.451 0.605
0.607 0.607 0.508 0.495 0.607 0.477 0.478 0.61
0.588 0.588 0.505 0.487 0.588 0.48 0.48 0.588
0.6 0.6 0.529 0.472 0.6 0.495 0.495 0.607
0.621 0.621 0.501 0.511 0.621 0.451 0.451 0.612
0.625 0.625 0.514 0.51 0.625 0.489 0.489 0.618
0.639 0.639 0.489 0.498 0.639 0.439 0.439 0.634
0.622 0.622 0.486 0.501 0.622 0.432 0.431 0.621
0.595 0.595 0.48 0.495 0.595 0.473 0.472 0.597
0.602 0.602 0.522 0.475 0.602 0.485 0.485 0.606
0.625 0.625 0.485 0.5 0.625 0.496 0.494 0.628
0.611 0.611 0.505 0.51 0.611 0.471 0.471 0.614
0.628 0.628 0.545 0.525 0.628 0.482 0.483 0.623
0.62 0.62 0.501 0.51 0.62 0.503 0.503 0.621
0.598 0.598 0.498 0.492 0.598 0.475 0.475 0.598
0.623 0.623 0.49 0.486 0.623 0.456 0.456 0.612
0.63 0.63 0.497 0.514 0.63 0.477 0.478 0.623
0.615 0.615 0.488 0.498 0.615 0.484 0.484 0.607
0.585 0.585 0.519 0.506 0.585 0.47 0.471 0.593
0.588 0.588 0.513 0.509 0.588 0.458 0.459 0.581
0.614 0.614 0.496 0.509 0.614 0.481 0.481 0.614
0.592 0.592 0.522 0.48 0.592 0.437 0.437 0.593
0.609 0.609 0.502 0.489 0.609 0.465 0.466 0.603
0.596 0.596 0.51 0.505 0.596 0.486 0.486 0.594
0.61 0.61 0.504 0.528 0.61 0.463 0.463 0.609
0.614 0.614 0.531 0.494 0.614 0.472 0.472 0.619
0.596 0.596 0.51 0.491 0.596 0.502 0.502 0.596
0.585 0.585 0.516 0.507 0.585 0.494 0.494 0.585
0.6 0.6 0.468 0.496 0.6 0.471 0.472 0.616
0.615 0.615 0.498 0.514 0.615 0.446 0.446 0.618
0.622 0.622 0.497 0.467 0.622 0.485 0.485 0.622
0.611 0.611 0.489 0.491 0.611 0.508 0.508 0.611
0.603 0.603 0.507 0.467 0.603 0.458 0.458 0.607
0.6 0.6 0.492 0.523 0.6 0.463 0.463 0.608
0.636 0.636 0.5 0.493 0.636 0.44 0.44 0.637
0.621 0.621 0.476 0.477 0.621 0.476 0.476 0.619
0.636 0.636 0.504 0.501 0.636 0.491 0.491 0.641
0.611 0.611 0.498 0.474 0.611 0.458 0.458 0.617
0.621 0.621 0.478 0.502 0.621 0.453 0.453 0.602
0.64 0.64 0.498 0.489 0.64 0.463 0.463 0.643
0.624 0.624 0.5 0.499 0.624 0.472 0.472 0.615
0.619 0.619 0.477 0.524 0.619 0.486 0.485 0.62
0.616 0.616 0.5 0.518 0.616 0.469 0.469 0.587
0.624 0.624 0.499 0.491 0.624 0.45 0.449 0.634
0.596 0.596 0.462 0.518 0.596 0.497 0.497 0.604
0.612 0.612 0.509 0.502 0.612 0.503 0.503 0.613
0.612 0.612 0.501 0.479 0.612 0.491 0.491 0.612
0.621 0.621 0.474 0.504 0.621 0.462 0.462 0.624
0.646 0.646 0.483 0.512 0.646 0.461 0.461 0.65
0.572 0.572 0.528 0.482 0.572 0.477 0.477 0.574
0.624 0.624 0.535 0.509 0.624 0.509 0.51 0.623
0.64 0.64 0.504 0.489 0.64 0.447 0.445 0.634
0.591 0.591 0.504 0.514 0.591 0.488 0.488 0.605
0.61 0.61 0.467 0.484 0.61 0.459 0.459 0.616
0.626 0.626 0.522 0.499 0.626 0.461 0.46 0.623
0.587 0.587 0.506 0.524 0.587 0.537 0.537 0.587
0.596 0.596 0.509 0.48 0.596 0.478 0.478 0.605
0.616 0.616 0.514 0.512 0.616 0.509 0.509 0.616
0.608 0.608 0.484 0.526 0.608 0.463 0.462 0.617
0.612 0.612 0.484 0.484 0.612 0.465 0.465 0.614
0.614 0.614 0.473 0.495 0.614 0.459 0.458 0.615
0.612 0.612 0.488 0.516 0.612 0.47 0.47 0.614
0.612 0.612 0.481 0.496 0.612 0.435 0.435 0.613
0.599 0.599 0.506 0.482 0.599 0.483 0.482 0.595
0.626 0.626 0.515 0.515 0.626 0.491 0.491 0.626
0.606 0.606 0.484 0.477 0.606 0.487 0.488 0.613
0.573 0.573 0.555 0.474 0.573 0.481 0.481 0.569
0.581 0.581 0.514 0.529 0.581 0.507 0.507 0.581
0.596 0.596 0.517 0.547 0.596 0.505 0.505 0.596
0.58 0.58 0.482 0.498 0.58 0.473 0.473 0.58
0.588 0.588 0.484 0.497 0.588 0.455 0.455 0.593
0.624 0.624 0.527 0.521 0.624 0.496 0.495 0.628
0.625 0.625 0.511 0.472 0.625 0.429 0.43 0.633
0.613 0.613 0.497 0.5 0.613 0.489 0.489 0.615
0.617 0.617 0.505 0.498 0.617 0.509 0.508 0.617
0.632 0.632 0.507 0.478 0.632 0.487 0.487 0.629
0.611 0.611 0.501 0.52 0.611 0.475 0.475 0.614
0.624 0.624 0.478 0.491 0.624 0.498 0.498 0.625
0.625 0.625 0.489 0.517 0.625 0.469 0.467 0.619
0.591 0.591 0.476 0.471 0.591 0.484 0.484 0.597
0.605 0.605 0.494 0.483 0.605 0.455 0.455 0.604
0.58 0.58 0.497 0.526 0.58 0.48 0.48 0.588
0.631 0.631 0.509 0.493 0.631 0.451 0.452 0.634
0.605 0.605 0.476 0.484 0.605 0.469 0.469 0.607
0.616 0.616 0.523 0.521 0.616 0.508 0.508 0.613
0.617 0.617 0.503 0.491 0.617 0.459 0.459 0.617
0.63 0.63 0.463 0.501 0.63 0.447 0.447 0.619
0.608 0.608 0.503 0.489 0.608 0.484 0.484 0.609
0.602 0.602 0.487 0.506 0.602 0.453 0.453 0.596
0.638 0.638 0.47 0.497 0.638 0.49 0.49 0.639
0.614 0.614 0.457 0.484 0.614 0.485 0.485 0.62
0.602 0.602 0.503 0.492 0.602 0.481 0.482 0.605
0.608 0.608 0.505 0.485 0.608 0.489 0.489 0.609
0.619 0.619 0.494 0.472 0.619 0.427 0.427 0.615
0.594 0.594 0.485 0.49 0.594 0.499 0.499 0.596
0.63 0.63 0.481 0.501 0.63 0.459 0.459 0.632
0.602 0.602 0.499 0.501 0.602 0.471 0.472 0.599
0.612 0.612 0.507 0.515 0.612 0.494 0.494 0.611
0.608 0.608 0.492 0.502 0.608 0.519 0.519 0.606
0.618 0.618 0.491 0.514 0.618 0.449 0.449 0.615
0.595 0.595 0.509 0.516 0.595 0.503 0.503 0.587
0.589 0.589 0.503 0.492 0.589 0.458 0.459 0.593
0.636 0.636 0.516 0.517 0.636 0.475 0.476 0.634
0.575 0.575 0.531 0.515 0.575 0.446 0.446 0.582
0.609 0.609 0.461 0.509 0.609 0.495 0.495 0.612
0.604 0.604 0.503 0.492 0.604 0.459 0.46 0.618
0.594 0.594 0.477 0.485 0.594 0.469 0.469 0.604
0.587 0.587 0.504 0.48 0.587 0.486 0.487 0.594
0.617 0.617 0.485 0.482 0.617 0.441 0.441 0.622
0.617 0.617 0.501 0.516 0.617 0.459 0.459 0.613
0.621 0.621 0.501 0.477 0.621 0.506 0.505 0.62
0.627 0.627 0.526 0.497 0.627 0.482 0.482 0.629
0.603 0.603 0.491 0.5 0.603 0.45 0.45 0.608
0.621 0.621 0.507 0.467 0.621 0.463 0.465 0.617
0.62 0.62 0.512 0.5 0.62 0.51 0.51 0.615
0.603 0.603 0.51 0.487 0.603 0.474 0.473 0.616
0.597 0.597 0.479 0.515 0.597 0.482 0.482 0.605
0.619 0.619 0.507 0.507 0.619 0.458 0.458 0.622
0.607 0.607 0.499 0.492 0.607 0.457 0.457 0.591
0.61 0.61 0.488 0.474 0.61 0.445 0.445 0.608
0.604 0.604 0.493 0.458 0.604 0.475 0.475 0.604
0.618 0.618 0.514 0.5 0.618 0.501 0.502 0.622
0.612 0.612 0.484 0.496 0.612 0.452 0.452 0.619
0.643 0.643 0.49 0.514 0.643 0.48 0.481 0.65
0.611 0.611 0.513 0.478 0.611 0.461 0.461 0.617
0.621 0.621 0.511 0.496 0.621 0.43 0.43 0.613
0.619 0.619 0.505 0.496 0.619 0.492 0.492 0.63
0.63 0.63 0.487 0.504 0.63 0.485 0.485 0.632
0.619 0.619 0.491 0.524 0.619 0.484 0.485 0.623
0.615 0.615 0.495 0.517 0.615 0.483 0.483 0.616
0.595 0.595 0.493 0.496 0.595 0.491 0.491 0.598
0.65 0.65 0.513 0.49 0.65 0.538 0.538 0.65
0.626 0.626 0.491 0.498 0.626 0.496 0.496 0.626
0.577 0.577 0.45 0.494 0.577 0.477 0.477 0.596
0.592 0.592 0.512 0.509 0.592 0.461 0.461 0.591
0.619 0.619 0.495 0.535 0.619 0.482 0.482 0.621
0.626 0.626 0.532 0.495 0.626 0.448 0.447 0.628
0.635 0.635 0.469 0.515 0.635 0.48 0.479 0.645
0.622 0.622 0.501 0.486 0.622 0.499 0.5 0.622
0.614 0.614 0.48 0.504 0.614 0.486 0.486 0.615
0.641 0.641 0.497 0.503 0.641 0.494 0.495 0.641
0.633 0.633 0.493 0.523 0.633 0.458 0.458 0.629
0.62 0.62 0.494 0.493 0.62 0.509 0.509 0.622
0.623 0.623 0.521 0.508 0.623 0.496 0.496 0.623
0.617 0.617 0.521 0.498 0.617 0.479 0.479 0.627
0.608 0.608 0.506 0.489 0.608 0.451 0.451 0.605
0.626 0.626 0.521 0.518 0.626 0.435 0.435 0.642
0.625 0.625 0.492 0.486 0.625 0.466 0.466 0.625
0.628 0.628 0.5 0.503 0.628 0.497 0.497 0.634
0.624 0.624 0.479 0.489 0.624 0.483 0.482 0.631
0.605 0.605 0.493 0.462 0.605 0.474 0.474 0.609
0.64 0.64 0.513 0.483 0.64 0.444 0.444 0.623
0.634 0.634 0.483 0.508 0.634 0.479 0.479 0.631
0.622 0.622 0.495 0.502 0.622 0.467 0.465 0.619
0.651 0.651 0.495 0.496 0.651 0.465 0.465 0.647
0.597 0.597 0.496 0.499 0.597 0.438 0.439 0.614
0.613 0.613 0.494 0.49 0.613 0.463 0.463 0.618
0.61 0.61 0.511 0.506 0.61 0.472 0.472 0.611
0.6 0.6 0.492 0.514 0.6 0.485 0.487 0.604
0.612 0.612 0.51 0.479 0.612 0.505 0.505 0.615
0.633 0.633 0.511 0.496 0.633 0.487 0.487 0.633
0.587 0.587 0.507 0.471 0.587 0.48 0.48 0.598
0.623 0.623 0.492 0.527 0.623 0.464 0.464 0.613
0.605 0.605 0.507 0.509 0.605 0.49 0.49 0.61
0.597 0.597 0.5 0.498 0.597 0.477 0.476 0.597
0.618 0.618 0.504 0.519 0.618 0.487 0.487 0.617
0.605 0.605 0.511 0.519 0.605 0.465 0.463 0.606
0.589 0.589 0.501 0.485 0.589 0.48 0.48 0.586
0.62 0.62 0.511 0.507 0.62 0.441 0.441 0.623
0.604 0.604 0.481 0.483 0.604 0.492 0.49 0.61
0.599 0.599 0.481 0.499 0.599 0.465 0.465 0.602
0.619 0.619 0.48 0.516 0.619 0.462 0.462 0.616
0.607 0.607 0.488 0.496 0.607 0.481 0.482 0.614
0.61 0.61 0.511 0.494 0.61 0.496 0.496 0.623
0.593 0.593 0.5 0.503 0.593 0.506 0.506 0.598
0.626 0.626 0.52 0.507 0.626 0.467 0.467 0.628
0.607 0.607 0.49 0.507 0.607 0.454 0.454 0.608
0.635 0.635 0.514 0.533 0.635 0.437 0.437 0.622
0.615 0.615 0.509 0.517 0.615 0.498 0.498 0.613
0.584 0.584 0.49 0.499 0.584 0.528 0.528 0.583
0.609 0.609 0.534 0.517 0.609 0.466 0.466 0.606
0.655 0.655 0.488 0.482 0.655 0.485 0.485 0.652
0.613 0.613 0.516 0.5 0.613 0.48 0.481 0.6
0.636 0.636 0.482 0.531 0.636 0.463 0.462 0.631
0.593 0.593 0.467 0.507 0.593 0.49 0.491 0.595
0.601 0.601 0.508 0.521 0.601 0.447 0.448 0.604
0.603 0.603 0.528 0.506 0.603 0.464 0.464 0.603
0.598 0.598 0.484 0.478 0.598 0.484 0.484 0.601
0.611 0.611 0.546 0.48 0.611 0.476 0.475 0.622
0.59 0.59 0.502 0.518 0.59 0.488 0.489 0.601
0.601 0.601 0.514 0.52 0.601 0.439 0.439 0.606
0.609 0.609 0.522 0.52 0.609 0.46 0.46 0.611
0.62 0.62 0.482 0.491 0.62 0.449 0.449 0.622
0.614 0.614 0.508 0.476 0.614 0.483 0.483 0.602
0.615 0.615 0.513 0.49 0.615 0.464 0.464 0.622
0.608 0.608 0.493 0.5 0.608 0.461 0.461 0.608
0.607 0.607 0.499 0.482 0.607 0.46 0.46 0.605
0.603 0.603 0.506 0.505 0.603 0.488 0.488 0.602
0.627 0.627 0.502 0.456 0.627 0.448 0.448 0.624
0.634 0.634 0.504 0.508 0.634 0.449 0.449 0.624
0.617 0.617 0.52 0.506 0.617 0.458 0.458 0.627
0.625 0.625 0.493 0.5 0.625 0.479 0.479 0.627
0.606 0.606 0.502 0.489 0.606 0.494 0.494 0.608
0.604 0.604 0.498 0.512 0.604 0.468 0.468 0.601
0.609 0.609 0.504 0.487 0.609 0.47 0.47 0.602
0.631 0.631 0.499 0.499 0.631 0.475 0.475 0.63
0.623 0.623 0.515 0.516 0.623 0.439 0.439 0.615
0.582 0.582 0.5 0.514 0.582 0.495 0.495 0.588
0.603 0.603 0.499 0.494 0.603 0.468 0.468 0.606
0.605 0.605 0.474 0.491 0.605 0.467 0.467 0.602
0.639 0.639 0.519 0.486 0.639 0.459 0.459 0.638
0.616 0.616 0.514 0.504 0.616 0.493 0.493 0.621
0.599 0.599 0.486 0.499 0.599 0.473 0.473 0.598
0.619 0.619 0.493 0.489 0.619 0.475 0.475 0.612
0.615 0.615 0.529 0.498 0.615 0.511 0.511 0.616
0.632 0.632 0.506 0.508 0.632 0.463 0.463 0.634
0.614 0.614 0.517 0.49 0.614 0.495 0.495 0.614
0.625 0.625 0.479 0.508 0.625 0.52 0.52 0.625
0.637 0.637 0.495 0.51 0.637 0.439 0.439 0.649
0.622 0.622 0.534 0.518 0.622 0.505 0.504 0.623
0.602 0.602 0.47 0.528 0.602 0.443 0.443 0.618
0.6 0.6 0.482 0.513 0.6 0.474 0.474 0.6
0.622 0.622 0.495 0.483 0.622 0.469 0.468 0.614
0.613 0.613 0.485 0.479 0.613 0.466 0.466 0.633
0.621 0.621 0.493 0.508 0.621 0.435 0.436 0.621
0.63 0.63 0.515 0.475 0.63 0.475 0.475 0.633
0.634 0.634 0.503 0.536 0.634 0.48 0.48 0.634
0.617 0.617 0.486 0.5 0.617 0.471 0.472 0.614
0.612 0.612 0.521 0.466 0.612 0.498 0.498 0.616
0.612 0.612 0.505 0.512 0.612 0.464 0.462 0.612
0.621 0.621 0.52 0.505 0.621 0.476 0.476 0.62
0.599 0.599 0.505 0.499 0.599 0.419 0.422 0.577
0.611 0.611 0.494 0.51 0.611 0.473 0.473 0.62
0.595 0.595 0.48 0.509 0.595 0.488 0.488 0.595
0.61 0.61 0.493 0.519 0.61 0.495 0.495 0.61
0.628 0.628 0.476 0.509 0.628 0.457 0.457 0.63
0.609 0.609 0.509 0.51 0.609 0.43 0.429 0.602
0.607 0.607 0.524 0.517 0.607 0.506 0.506 0.608
0.628 0.628 0.498 0.479 0.628 0.468 0.467 0.609
0.59 0.59 0.49 0.488 0.59 0.51 0.51 0.591
0.634 0.634 0.483 0.495 0.634 0.473 0.472 0.636
0.63 0.63 0.482 0.498 0.63 0.488 0.488 0.627
0.6 0.6 0.494 0.52 0.6 0.477 0.477 0.601
0.612 0.612 0.523 0.514 0.612 0.506 0.506 0.612
0.644 0.644 0.508 0.507 0.644 0.442 0.441 0.627
0.615 0.615 0.47 0.518 0.615 0.433 0.435 0.604
0.617 0.617 0.481 0.512 0.617 0.488 0.488 0.615
0.58 0.58 0.483 0.502 0.58 0.485 0.485 0.579
0.604 0.604 0.51 0.509 0.604 0.471 0.472 0.606
0.622 0.622 0.507 0.503 0.622 0.435 0.433 0.608
0.622 0.622 0.447 0.497 0.622 0.458 0.458 0.618
0.621 0.621 0.483 0.487 0.621 0.493 0.493 0.614
0.623 0.623 0.515 0.506 0.623 0.468 0.468 0.634
0.623 0.623 0.487 0.478 0.623 0.478 0.478 0.619
0.611 0.611 0.5 0.505 0.611 0.469 0.469 0.603
0.591 0.591 0.489 0.496 0.591 0.485 0.486 0.584
0.618 0.618 0.524 0.488 0.618 0.453 0.453 0.612
0.607 0.607 0.513 0.485 0.607 0.45 0.45 0.618
0.644 0.644 0.506 0.516 0.644 0.475 0.475 0.644
0.631 0.631 0.471 0.477 0.631 0.468 0.468 0.638
0.632 0.632 0.479 0.503 0.632 0.501 0.501 0.63
0.625 0.625 0.488 0.52 0.625 0.454 0.454 0.624
0.616 0.616 0.493 0.512 0.616 0.46 0.46 0.62
0.614 0.614 0.523 0.488 0.614 0.448 0.447 0.623
0.631 0.631 0.493 0.503 0.631 0.468 0.469 0.645
0.618 0.618 0.487 0.522 0.618 0.464 0.464 0.614
0.619 0.619 0.517 0.49 0.619 0.485 0.485 0.623
0.605 0.605 0.511 0.487 0.605 0.495 0.495 0.606
0.592 0.592 0.504 0.509 0.592 0.457 0.457 0.593
0.609 0.609 0.519 0.498 0.609 0.484 0.484 0.614
0.623 0.623 0.511 0.494 0.623 0.453 0.453 0.624
0.641 0.641 0.507 0.502 0.641 0.45 0.449 0.642
0.623 0.623 0.512 0.515 0.623 0.496 0.496 0.617
0.608 0.608 0.523 0.487 0.608 0.464 0.464 0.607
0.601 0.601 0.514 0.507 0.601 0.483 0.484 0.601
0.636 0.636 0.492 0.489 0.636 0.457 0.457 0.63
0.655 0.655 0.489 0.5 0.655 0.425 0.425 0.624
0.628 0.628 0.518 0.49 0.628 0.471 0.471 0.629
0.636 0.636 0.482 0.474 0.636 0.467 0.468 0.633
0.618 0.618 0.531 0.482 0.618 0.443 0.444 0.59
0.618 0.618 0.487 0.511 0.618 0.425 0.425 0.621
0.587 0.587 0.513 0.51 0.587 0.466 0.467 0.595
0.599 0.599 0.48 0.514 0.599 0.489 0.489 0.6
0.601 0.601 0.489 0.524 0.601 0.478 0.479 0.604
0.605 0.605 0.513 0.49 0.605 0.469 0.47 0.614
0.618 0.618 0.502 0.517 0.618 0.478 0.479 0.63
0.62 0.62 0.498 0.473 0.62 0.523 0.522 0.622
0.61 0.61 0.488 0.515 0.61 0.478 0.478 0.606
0.592 0.592 0.47 0.52 0.592 0.468 0.468 0.602
0.608 0.608 0.485 0.501 0.608 0.456 0.457 0.638
0.604 0.604 0.49 0.508 0.604 0.455 0.455 0.609
0.606 0.606 0.494 0.51 0.606 0.466 0.467 0.617
0.6 0.6 0.498 0.513 0.6 0.476 0.477 0.6
0.613 0.613 0.487 0.478 0.613 0.481 0.481 0.614
0.61 0.61 0.493 0.493 0.61 0.455 0.455 0.605
0.615 0.615 0.518 0.505 0.615 0.474 0.474 0.618
0.603 0.603 0.499 0.486 0.603 0.503 0.503 0.603
0.598 0.598 0.52 0.467 0.598 0.508 0.508 0.599
0.627 0.627 0.493 0.475 0.627 0.501 0.501 0.627
0.591 0.591 0.5 0.494 0.591 0.491 0.491 0.593
0.593 0.593 0.494 0.508 0.593 0.49 0.49 0.595
0.594 0.594 0.473 0.517 0.594 0.468 0.468 0.594
0.6 0.6 0.513 0.514 0.6 0.454 0.454 0.596
0.615 0.615 0.468 0.488 0.615 0.458 0.458 0.612
0.61 0.61 0.499 0.493 0.61 0.476 0.476 0.61
0.64 0.64 0.479 0.511 0.64 0.439 0.438 0.629
0.608 0.608 0.5 0.487 0.608 0.448 0.448 0.612
0.612 0.612 0.518 0.492 0.612 0.49 0.49 0.617
0.641 0.641 0.528 0.507 0.641 0.445 0.445 0.64
0.59 0.59 0.524 0.54 0.59 0.466 0.466 0.598
0.578 0.578 0.507 0.496 0.578 0.482 0.483 0.586
0.603 0.603 0.497 0.498 0.603 0.489 0.49 0.61
0.578 0.578 0.517 0.497 0.578 0.485 0.485 0.573
0.6 0.6 0.496 0.491 0.6 0.507 0.508 0.6
0.603 0.603 0.493 0.509 0.603 0.468 0.468 0.611
0.606 0.606 0.479 0.502 0.606 0.454 0.454 0.599
0.622 0.622 0.497 0.476 0.622 0.486 0.486 0.622
0.622 0.622 0.516 0.499 0.622 0.493 0.493 0.626
0.63 0.63 0.494 0.489 0.63 0.52 0.519 0.634
0.641 0.641 0.516 0.485 0.641 0.447 0.447 0.645
0.58 0.58 0.487 0.491 0.58 0.505 0.505 0.582
0.633 0.633 0.497 0.514 0.633 0.423 0.423 0.634
0.62 0.62 0.48 0.486 0.62 0.44 0.44 0.607
0.595 0.595 0.491 0.531 0.595 0.454 0.454 0.6
0.62 0.62 0.546 0.474 0.62 0.456 0.456 0.599
0.63 0.63 0.495 0.513 0.63 0.46 0.461 0.625
0.588 0.588 0.479 0.478 0.588 0.497 0.498 0.588
0.624 0.624 0.511 0.502 0.624 0.465 0.465 0.626
0.605 0.605 0.493 0.505 0.605 0.532 0.532 0.605
0.639 0.639 0.51 0.516 0.639 0.487 0.486 0.63
0.616 0.616 0.483 0.501 0.616 0.483 0.483 0.623
0.585 0.585 0.473 0.478 0.585 0.475 0.475 0.59
0.569 0.569 0.5 0.507 0.569 0.459 0.459 0.577
0.584 0.584 0.493 0.511 0.584 0.464 0.465 0.594
0.604 0.604 0.507 0.494 0.604 0.475 0.475 0.603
0.626 0.626 0.527 0.453 0.626 0.476 0.476 0.635
0.618 0.618 0.485 0.5 0.618 0.439 0.439 0.607
0.614 0.614 0.489 0.492 0.614 0.469 0.469 0.622
0.625 0.625 0.499 0.513 0.625 0.507 0.507 0.625
0.616 0.616 0.484 0.503 0.616 0.452 0.453 0.617
0.623 0.623 0.523 0.508 0.623 0.464 0.463 0.622
0.632 0.632 0.505 0.512 0.632 0.46 0.46 0.619
0.648 0.648 0.502 0.509 0.648 0.476 0.476 0.629
0.601 0.601 0.506 0.492 0.601 0.48 0.48 0.609
0.617 0.617 0.496 0.505 0.617 0.457 0.457 0.63
0.623 0.623 0.49 0.515 0.623 0.462 0.462 0.626
0.596 0.596 0.495 0.471 0.596 0.463 0.464 0.6
0.644 0.644 0.477 0.515 0.644 0.507 0.507 0.643
0.611 0.611 0.502 0.511 0.611 0.458 0.456 0.609
0.623 0.623 0.499 0.509 0.623 0.502 0.501 0.623
0.615 0.615 0.486 0.511 0.615 0.493 0.493 0.615
0.64 0.64 0.483 0.505 0.64 0.481 0.482 0.644
0.601 0.601 0.47 0.504 0.601 0.529 0.529 0.601
0.613 0.613 0.483 0.511 0.613 0.465 0.465 0.618
0.607 0.607 0.476 0.481 0.607 0.506 0.506 0.607
0.607 0.607 0.463 0.472 0.607 0.479 0.479 0.61
0.62 0.62 0.555 0.484 0.62 0.464 0.463 0.62
0.624 0.624 0.489 0.488 0.624 0.469 0.469 0.618
0.593 0.593 0.514 0.495 0.593 0.488 0.487 0.587
0.629 0.629 0.52 0.498 0.629 0.459 0.46 0.611
0.612 0.612 0.485 0.515 0.612 0.498 0.499 0.614
0.61 0.61 0.499 0.476 0.61 0.456 0.457 0.612
0.611 0.611 0.533 0.487 0.611 0.482 0.481 0.618
0.596 0.596 0.538 0.494 0.596 0.473 0.473 0.596
0.644 0.644 0.511 0.535 0.644 0.465 0.465 0.639
0.583 0.583 0.482 0.505 0.583 0.468 0.467 0.602
0.603 0.603 0.511 0.49 0.603 0.478 0.478 0.607
0.614 0.614 0.495 0.498 0.614 0.448 0.448 0.602
0.607 0.607 0.497 0.526 0.607 0.47 0.47 0.608
0.578 0.578 0.482 0.511 0.578 0.463 0.462 0.573
0.597 0.597 0.495 0.51 0.597 0.476 0.476 0.596
0.635 0.635 0.497 0.529 0.635 0.5 0.499 0.643
0.589 0.589 0.488 0.496 0.589 0.451 0.451 0.595
0.625 0.625 0.516 0.494 0.625 0.478 0.477 0.63
0.594 0.594 0.507 0.526 0.594 0.477 0.477 0.594
0.608 0.608 0.502 0.501 0.608 0.444 0.443 0.617
0.61 0.61 0.522 0.491 0.61 0.484 0.484 0.61
0.635 0.635 0.49 0.509 0.635 0.445 0.445 0.643
0.627 0.627 0.522 0.517 0.627 0.507 0.506 0.626
0.602 0.602 0.485 0.505 0.602 0.509 0.508 0.603
0.6 0.6 0.498 0.497 0.6 0.477 0.477 0.614
0.621 0.621 0.469 0.499 0.621 0.448 0.447 0.635
0.611 0.611 0.484 0.516 0.611 0.418 0.419 0.605
0.614 0.614 0.5 0.471 0.614 0.505 0.504 0.619
0.608 0.608 0.482 0.49 0.608 0.508 0.508 0.609
0.642 0.642 0.498 0.472 0.642 0.447 0.446 0.623
0.619 0.619 0.5 0.485 0.619 0.487 0.487 0.621
0.628 0.628 0.479 0.478 0.628 0.445 0.445 0.613
0.607 0.607 0.504 0.498 0.607 0.461 0.461 0.605
0.641 0.641 0.5 0.503 0.641 0.462 0.463 0.643
0.626 0.626 0.512 0.47 0.626 0.471 0.471 0.63
0.636 0.636 0.511 0.478 0.636 0.471 0.471 0.635
0.592 0.592 0.513 0.517 0.592 0.483 0.482 0.589
0.624 0.624 0.467 0.48 0.624 0.47 0.47 0.63
0.591 0.591 0.514 0.496 0.591 0.46 0.46 0.592
0.628 0.628 0.519 0.493 0.628 0.473 0.473 0.628
0.607 0.607 0.499 0.521 0.607 0.428 0.428 0.603
0.629 0.629 0.496 0.504 0.629 0.457 0.457 0.63
0.621 0.621 0.505 0.51 0.621 0.466 0.466 0.625
0.636 0.636 0.487 0.48 0.636 0.438 0.439 0.621
0.589 0.589 0.521 0.493 0.589 0.491 0.491 0.589
0.617 0.617 0.508 0.516 0.617 0.452 0.452 0.616
0.587 0.587 0.509 0.485 0.587 0.489 0.489 0.589
0.63 0.63 0.495 0.518 0.63 0.485 0.485 0.63
0.611 0.611 0.516 0.499 0.611 0.458 0.458 0.609
0.643 0.643 0.486 0.504 0.643 0.437 0.437 0.639
0.624 0.624 0.501 0.502 0.624 0.466 0.466 0.618
0.597 0.597 0.506 0.512 0.597 0.493 0.493 0.596
0.586 0.586 0.502 0.514 0.586 0.483 0.483 0.58
0.622 0.622 0.505 0.474 0.622 0.441 0.441 0.609
0.616 0.616 0.491 0.504 0.616 0.493 0.494 0.618
0.619 0.619 0.468 0.505 0.619 0.491 0.491 0.632
0.593 0.593 0.491 0.494 0.593 0.452 0.452 0.596
0.598 0.598 0.463 0.488 0.598 0.451 0.451 0.627
0.63 0.63 0.507 0.506 0.63 0.494 0.494 0.63
0.615 0.615 0.515 0.516 0.615 0.498 0.497 0.618
0.631 0.631 0.489 0.516 0.631 0.446 0.446 0.649
0.617 0.617 0.514 0.515 0.617 0.458 0.456 0.63
0.603 0.603 0.52 0.517 0.603 0.494 0.494 0.604
0.606 0.606 0.507 0.496 0.606 0.478 0.477 0.608
0.639 0.639 0.491 0.478 0.639 0.481 0.481 0.645
0.621 0.621 0.515 0.499 0.621 0.417 0.417 0.613
0.609 0.609 0.484 0.49 0.609 0.487 0.486 0.615
0.644 0.644 0.492 0.48 0.644 0.474 0.474 0.632
0.587 0.587 0.47 0.474 0.587 0.457 0.455 0.592
0.641 0.641 0.497 0.497 0.641 0.505 0.505 0.642
0.594 0.594 0.527 0.496 0.594 0.474 0.473 0.598
0.62 0.62 0.489 0.507 0.62 0.477 0.477 0.62
0.619 0.619 0.488 0.521 0.619 0.467 0.466 0.613
0.592 0.592 0.496 0.491 0.592 0.47 0.47 0.593
0.601 0.601 0.477 0.522 0.601 0.483 0.483 0.604
0.625 0.625 0.474 0.504 0.625 0.476 0.476 0.629
0.597 0.597 0.51 0.484 0.597 0.462 0.461 0.595
0.635 0.635 0.495 0.481 0.635 0.449 0.448 0.632
0.62 0.62 0.499 0.463 0.62 0.484 0.484 0.629
0.609 0.609 0.49 0.52 0.609 0.451 0.452 0.622
0.59 0.59 0.462 0.515 0.59 0.468 0.468 0.592
0.624 0.624 0.501 0.492 0.624 0.498 0.498 0.621
0.596 0.596 0.507 0.493 0.596 0.485 0.487 0.6
0.608 0.608 0.48 0.489 0.608 0.472 0.472 0.613
0.623 0.623 0.507 0.503 0.623 0.481 0.482 0.623
0.618 0.618 0.497 0.49 0.618 0.478 0.478 0.617
0.628 0.628 0.477 0.494 0.628 0.478 0.477 0.625
0.618 0.618 0.532 0.492 0.618 0.481 0.481 0.619
0.618 0.618 0.516 0.524 0.618 0.502 0.503 0.621
0.6 0.6 0.509 0.501 0.6 0.507 0.507 0.6
0.623 0.623 0.478 0.511 0.623 0.474 0.473 0.616
0.608 0.608 0.493 0.46 0.608 0.493 0.494 0.616
0.614 0.614 0.504 0.529 0.614 0.463 0.463 0.621
0.63 0.63 0.484 0.51 0.63 0.469 0.47 0.633
0.625 0.625 0.469 0.489 0.625 0.449 0.45 0.614
0.62 0.62 0.521 0.501 0.62 0.497 0.497 0.619
0.624 0.624 0.504 0.505 0.624 0.452 0.452 0.615
0.624 0.624 0.464 0.507 0.624 0.485 0.485 0.624
0.639 0.639 0.523 0.505 0.639 0.462 0.461 0.641
0.612 0.612 0.507 0.506 0.612 0.493 0.494 0.612
0.593 0.593 0.492 0.537 0.593 0.508 0.508 0.606
0.643 0.643 0.495 0.526 0.643 0.466 0.466 0.642
0.602 0.602 0.496 0.516 0.602 0.47 0.469 0.596
0.598 0.598 0.491 0.492 0.598 0.465 0.464 0.597
0.641 0.641 0.499 0.514 0.641 0.434 0.434 0.641
0.598 0.598 0.518 0.495 0.598 0.519 0.517 0.597
0.617 0.617 0.516 0.459 0.617 0.492 0.492 0.617
0.645 0.645 0.486 0.489 0.645 0.478 0.478 0.653
0.602 0.602 0.494 0.484 0.602 0.455 0.455 0.605
0.62 0.62 0.483 0.486 0.62 0.492 0.492 0.62
0.6 0.6 0.524 0.532 0.6 0.491 0.491 0.607
0.613 0.613 0.519 0.535 0.613 0.46 0.46 0.619
0.586 0.586 0.512 0.498 0.586 0.475 0.474 0.587
0.604 0.604 0.481 0.504 0.604 0.477 0.477 0.602
0.604 0.604 0.488 0.491 0.604 0.498 0.498 0.604
0.621 0.621 0.513 0.494 0.621 0.494 0.494 0.622
0.631 0.631 0.502 0.488 0.631 0.451 0.451 0.64
0.595 0.595 0.476 0.475 0.595 0.498 0.499 0.595
0.627 0.627 0.502 0.515 0.627 0.448 0.448 0.628
0.633 0.633 0.501 0.497 0.633 0.451 0.451 0.64
0.618 0.618 0.512 0.477 0.618 0.467 0.467 0.619
0.603 0.603 0.493 0.506 0.603 0.494 0.495 0.603
0.609 0.609 0.502 0.492 0.609 0.482 0.482 0.621
0.622 0.622 0.508 0.466 0.622 0.442 0.442 0.621
0.598 0.598 0.495 0.519 0.598 0.481 0.482 0.608
0.594 0.594 0.485 0.5 0.594 0.488 0.488 0.593
0.63 0.63 0.508 0.549 0.63 0.44 0.44 0.616
0.613 0.613 0.538 0.487 0.613 0.442 0.442 0.627
0.605 0.605 0.512 0.461 0.605 0.448 0.448 0.61
0.63 0.63 0.454 0.505 0.63 0.519 0.519 0.63
0.602 0.602 0.477 0.537 0.602 0.44 0.439 0.616
0.58 0.58 0.527 0.513 0.58 0.473 0.474 0.582
0.623 0.623 0.503 0.494 0.623 0.482 0.482 0.622
0.624 0.624 0.511 0.499 0.624 0.506 0.508 0.623
0.633 0.633 0.477 0.502 0.633 0.485 0.485 0.64
0.63 0.63 0.497 0.508 0.63 0.505 0.505 0.632
0.628 0.628 0.474 0.494 0.628 0.497 0.496 0.626
0.609 0.609 0.492 0.474 0.609 0.454 0.455 0.603
0.627 0.627 0.485 0.524 0.627 0.496 0.496 0.63
0.624 0.624 0.495 0.526 0.624 0.462 0.46 0.616
0.634 0.634 0.523 0.493 0.634 0.491 0.491 0.629
0.617 0.617 0.522 0.481 0.617 0.424 0.424 0.607
0.609 0.609 0.5 0.478 0.609 0.501 0.501 0.609
0.604 0.604 0.503 0.496 0.604 0.437 0.435 0.595
0.61 0.61 0.507 0.491 0.61 0.513 0.513 0.61
0.62 0.62 0.511 0.504 0.62 0.463 0.463 0.61
0.607 0.607 0.498 0.525 0.607 0.478 0.478 0.601
0.625 0.625 0.487 0.512 0.625 0.498 0.498 0.625
0.618 0.618 0.492 0.486 0.618 0.449 0.449 0.62
0.604 0.604 0.504 0.5 0.604 0.481 0.481 0.603
0.618 0.618 0.488 0.524 0.618 0.514 0.514 0.619
0.616 0.616 0.488 0.505 0.616 0.458 0.458 0.618
0.61 0.61 0.507 0.504 0.61 0.5 0.5 0.613
0.611 0.611 0.497 0.498 0.611 0.467 0.468 0.615
0.606 0.606 0.512 0.503 0.606 0.453 0.452 0.614
0.626 0.626 0.503 0.493 0.626 0.47 0.471 0.633
0.603 0.603 0.482 0.509 0.603 0.487 0.487 0.602
0.647 0.647 0.508 0.454 0.647 0.492 0.492 0.648
0.6 0.6 0.523 0.495 0.6 0.462 0.461 0.603
0.629 0.629 0.498 0.499 0.629 0.461 0.461 0.632
0.604 0.604 0.526 0.47 0.604 0.481 0.481 0.605
0.627 0.627 0.517 0.498 0.627 0.517 0.517 0.627
0.624 0.624 0.527 0.499 0.624 0.437 0.437 0.627
0.605 0.605 0.502 0.474 0.605 0.455 0.455 0.608
0.634 0.634 0.492 0.493 0.634 0.459 0.458 0.643
0.632 0.632 0.503 0.482 0.632 0.465 0.465 0.63
0.618 0.618 0.503 0.526 0.618 0.488 0.489 0.622
0.642 0.642 0.499 0.52 0.642 0.469 0.47 0.638
0.604 0.604 0.501 0.514 0.604 0.464 0.463 0.615
0.613 0.613 0.495 0.499 0.613 0.459 0.459 0.608
0.626 0.626 0.498 0.518 0.626 0.44 0.44 0.623
0.615 0.615 0.487 0.475 0.615 0.478 0.477 0.615
0.594 0.594 0.54 0.537 0.594 0.487 0.486 0.595
0.608 0.608 0.503 0.498 0.608 0.506 0.506 0.615
0.62 0.62 0.477 0.484 0.62 0.459 0.46 0.628
0.619 0.619 0.479 0.508 0.619 0.452 0.452 0.62
0.605 0.605 0.495 0.477 0.605 0.456 0.456 0.608
0.585 0.585 0.486 0.478 0.585 0.47 0.47 0.594
0.587 0.587 0.494 0.499 0.587 0.482 0.482 0.589
0.602 0.602 0.486 0.515 0.602 0.465 0.464 0.602
0.624 0.624 0.485 0.488 0.624 0.484 0.484 0.628
0.599 0.599 0.52 0.471 0.599 0.488 0.488 0.602
0.606 0.606 0.491 0.531 0.606 0.469 0.469 0.609
0.614 0.614 0.459 0.52 0.614 0.469 0.468 0.617
0.612 0.612 0.511 0.492 0.612 0.469 0.469 0.623
0.618 0.618 0.508 0.506 0.618 0.474 0.474 0.618
0.599 0.599 0.503 0.482 0.599 0.448 0.448 0.604
0.622 0.622 0.477 0.497 0.622 0.449 0.449 0.621
0.603 0.603 0.482 0.496 0.603 0.475 0.475 0.605
0.581 0.581 0.505 0.514 0.581 0.455 0.454 0.585
0.617 0.617 0.528 0.511 0.617 0.502 0.502 0.617
0.627 0.627 0.503 0.497 0.627 0.513 0.513 0.629
0.624 0.624 0.53 0.494 0.624 0.451 0.452 0.625
0.616 0.616 0.483 0.486 0.616 0.48 0.48 0.617
0.589 0.589 0.467 0.516 0.589 0.479 0.479 0.602
0.61 0.61 0.468 0.497 0.61 0.474 0.474 0.612
0.612 0.612 0.488 0.499 0.612 0.455 0.455 0.609
0.593 0.593 0.478 0.497 0.593 0.469 0.469 0.595
0.632 0.632 0.488 0.491 0.632 0.474 0.474 0.627
0.637 0.637 0.492 0.502 0.637 0.497 0.497 0.635
0.592 0.592 0.482 0.506 0.592 0.49 0.49 0.593
0.595 0.595 0.514 0.482 0.595 0.461 0.462 0.605
0.613 0.613 0.5 0.503 0.613 0.478 0.478 0.612
0.605 0.605 0.505 0.502 0.605 0.465 0.465 0.606
0.633 0.633 0.53 0.488 0.633 0.479 0.481 0.633
0.625 0.625 0.539 0.498 0.625 0.453 0.453 0.618
0.609 0.609 0.506 0.523 0.609 0.441 0.441 0.607
0.639 0.639 0.477 0.5 0.639 0.47 0.47 0.639
0.611 0.611 0.512 0.498 0.611 0.45 0.45 0.612
0.606 0.606 0.503 0.498 0.606 0.463 0.462 0.603
0.636 0.636 0.503 0.515 0.636 0.454 0.455 0.638
0.626 0.626 0.472 0.503 0.626 0.455 0.454 0.627
0.634 0.634 0.49 0.511 0.634 0.464 0.464 0.639
0.624 0.624 0.466 0.502 0.624 0.467 0.467 0.626
0.621 0.621 0.517 0.49 0.621 0.473 0.472 0.619
0.606 0.606 0.482 0.5 0.606 0.493 0.493 0.614
0.629 0.629 0.524 0.51 0.629 0.468 0.468 0.629
0.595 0.595 0.496 0.51 0.595 0.484 0.484 0.608
0.604 0.604 0.49 0.5 0.604 0.502 0.502 0.602
0.647 0.647 0.478 0.522 0.647 0.423 0.422 0.638
0.604 0.604 0.497 0.49 0.604 0.452 0.452 0.617
0.611 0.611 0.501 0.505 0.611 0.45 0.45 0.61
0.614 0.614 0.503 0.471 0.614 0.461 0.462 0.609
0.621 0.621 0.471 0.492 0.621 0.453 0.453 0.613
0.63 0.63 0.475 0.496 0.63 0.474 0.474 0.611
0.626 0.626 0.491 0.533 0.626 0.417 0.417 0.62
0.611 0.611 0.488 0.488 0.611 0.494 0.494 0.612
0.616 0.616 0.537 0.515 0.616 0.448 0.448 0.618
0.611 0.611 0.502 0.499 0.611 0.488 0.488 0.611
0.608 0.608 0.525 0.511 0.608 0.473 0.473 0.599
0.641 0.641 0.533 0.51 0.641 0.454 0.454 0.634
0.619 0.619 0.472 0.496 0.619 0.474 0.474 0.611
0.644 0.644 0.484 0.51 0.644 0.492 0.492 0.654
0.609 0.609 0.474 0.506 0.609 0.485 0.484 0.614
0.6 0.6 0.528 0.491 0.6 0.47 0.469 0.595
0.637 0.637 0.49 0.515 0.637 0.498 0.499 0.63
0.6 0.6 0.516 0.518 0.6 0.454 0.455 0.601
0.631 0.631 0.498 0.508 0.631 0.447 0.447 0.622
0.599 0.599 0.48 0.494 0.599 0.48 0.48 0.593
0.603 0.603 0.509 0.505 0.603 0.492 0.492 0.605
0.634 0.634 0.482 0.504 0.634 0.481 0.481 0.638
0.634 0.634 0.506 0.506 0.634 0.504 0.504 0.641
0.624 0.624 0.483 0.51 0.624 0.439 0.441 0.625
0.6 0.6 0.501 0.465 0.6 0.475 0.475 0.6
0.626 0.626 0.507 0.524 0.626 0.469 0.468 0.624
0.608 0.608 0.505 0.488 0.608 0.472 0.472 0.615
0.617 0.617 0.51 0.507 0.617 0.532 0.532 0.618
0.621 0.621 0.496 0.475 0.621 0.444 0.444 0.609
0.6 0.6 0.511 0.484 0.6 0.463 0.463 0.604
0.604 0.604 0.488 0.488 0.604 0.468 0.468 0.606
0.618 0.618 0.532 0.516 0.618 0.481 0.481 0.619
0.612 0.612 0.5 0.49 0.612 0.475 0.475 0.611
0.641 0.641 0.505 0.519 0.641 0.468 0.468 0.634
0.592 0.592 0.493 0.479 0.592 0.536 0.536 0.592
0.626 0.626 0.487 0.493 0.626 0.504 0.504 0.622
0.62 0.62 0.503 0.481 0.62 0.48 0.48 0.624
0.582 0.582 0.53 0.509 0.582 0.486 0.486 0.584
0.607 0.607 0.492 0.503 0.607 0.489 0.489 0.607
0.599 0.599 0.512 0.489 0.599 0.448 0.447 0.598
0.599 0.599 0.501 0.504 0.599 0.499 0.499 0.602
0.616 0.616 0.498 0.49 0.616 0.484 0.484 0.616
0.638 0.638 0.484 0.48 0.638 0.445 0.445 0.627
0.595 0.595 0.502 0.493 0.595 0.457 0.457 0.598
0.623 0.623 0.498 0.51 0.623 0.433 0.433 0.625
0.62 0.62 0.5 0.494 0.62 0.504 0.504 0.62
0.62 0.62 0.489 0.486 0.62 0.462 0.463 0.617
0.596 0.596 0.499 0.499 0.596 0.48 0.48 0.599
0.589 0.589 0.487 0.475 0.589 0.441 0.442 0.599
0.596 0.596 0.489 0.528 0.596 0.468 0.468 0.598
0.604 0.604 0.504 0.551 0.604 0.493 0.493 0.601
0.612 0.612 0.492 0.515 0.612 0.473 0.473 0.612
0.625 0.625 0.506 0.499 0.625 0.465 0.466 0.626
0.589 0.589 0.508 0.525 0.589 0.469 0.469 0.591
0.587 0.587 0.519 0.512 0.587 0.453 0.453 0.595
0.611 0.611 0.492 0.489 0.611 0.476 0.476 0.608
0.628 0.628 0.507 0.497 0.628 0.444 0.444 0.625
0.627 0.627 0.501 0.486 0.627 0.492 0.494 0.624
0.608 0.608 0.491 0.47 0.608 0.484 0.484 0.615
0.622 0.622 0.47 0.499 0.622 0.488 0.488 0.623
0.598 0.598 0.483 0.501 0.598 0.486 0.487 0.593
0.607 0.607 0.49 0.503 0.607 0.508 0.508 0.607
0.645 0.645 0.524 0.479 0.645 0.427 0.428 0.613
0.591 0.591 0.508 0.487 0.591 0.458 0.46 0.587
0.608 0.608 0.522 0.503 0.608 0.478 0.478 0.603
0.639 0.639 0.521 0.492 0.639 0.479 0.477 0.63
0.621 0.621 0.485 0.462 0.621 0.488 0.487 0.625
0.602 0.602 0.495 0.498 0.602 0.448 0.447 0.602
0.58 0.58 0.488 0.522 0.58 0.499 0.499 0.584
0.619 0.619 0.49 0.475 0.619 0.461 0.461 0.618
0.598 0.598 0.485 0.485 0.598 0.473 0.473 0.598
0.634 0.634 0.509 0.492 0.634 0.506 0.506 0.634
0.643 0.643 0.493 0.512 0.643 0.47 0.47 0.638
0.613 0.613 0.513 0.499 0.613 0.492 0.491 0.606
0.612 0.612 0.487 0.508 0.612 0.457 0.458 0.609
0.58 0.58 0.51 0.507 0.58 0.49 0.49 0.586
0.63 0.63 0.499 0.472 0.63 0.477 0.477 0.632
0.627 0.627 0.496 0.492 0.627 0.456 0.457 0.621
0.622 0.622 0.514 0.495 0.622 0.464 0.464 0.622
0.613 0.613 0.538 0.48 0.613 0.516 0.515 0.614
0.64 0.64 0.501 0.499 0.64 0.466 0.467 0.639
0.603 0.603 0.492 0.533 0.603 0.472 0.471 0.606
0.606 0.606 0.48 0.497 0.606 0.453 0.453 0.619
0.631 0.631 0.517 0.478 0.631 0.466 0.467 0.638
0.634 0.634 0.465 0.495 0.634 0.456 0.456 0.629
0.647 0.647 0.502 0.506 0.647 0.484 0.484 0.645
0.604 0.604 0.508 0.517 0.604 0.481 0.481 0.607
0.61 0.61 0.521 0.506 0.61 0.484 0.485 0.61
0.625 0.625 0.513 0.49 0.625 0.484 0.484 0.625
0.615 0.615 0.511 0.488 0.615 0.453 0.452 0.617
0.617 0.617 0.521 0.496 0.617 0.482 0.482 0.61
0.581 0.581 0.499 0.513 0.581 0.48 0.479 0.593
0.612 0.612 0.499 0.5 0.612 0.454 0.454 0.609
0.631 0.631 0.5 0.504 0.631 0.477 0.477 0.634
0.6 0.6 0.482 0.485 0.6 0.475 0.475 0.598
0.622 0.622 0.493 0.495 0.622 0.472 0.471 0.618
0.603 0.603 0.479 0.515 0.603 0.46 0.46 0.603
0.593 0.593 0.502 0.496 0.593 0.469 0.469 0.598
0.611 0.611 0.488 0.527 0.611 0.438 0.438 0.606
0.611 0.611 0.499 0.486 0.611 0.472 0.472 0.602
0.622 0.622 0.484 0.476 0.622 0.473 0.472 0.614
0.622 0.622 0.485 0.466 0.622 0.438 0.438 0.613
0.624 0.624 0.51 0.501 0.624 0.462 0.462 0.618
0.6 0.6 0.471 0.496 0.6 0.482 0.482 0.605
0.585 0.585 0.482 0.513 0.585 0.52 0.521 0.584
0.632 0.632 0.504 0.468 0.632 0.514 0.514 0.63
0.604 0.604 0.525 0.502 0.604 0.467 0.467 0.604
0.624 0.624 0.494 0.519 0.624 0.451 0.451 0.633
0.624 0.624 0.502 0.499 0.624 0.473 0.474 0.62
0.602 0.602 0.52 0.511 0.602 0.452 0.452 0.622
0.625 0.625 0.515 0.502 0.625 0.459 0.459 0.632
0.621 0.621 0.484 0.49 0.621 0.44 0.44 0.617
0.603 0.603 0.484 0.496 0.603 0.478 0.478 0.602
0.584 0.584 0.503 0.476 0.584 0.478 0.479 0.587
0.637 0.637 0.494 0.533 0.637 0.481 0.481 0.636
0.636 0.636 0.496 0.498 0.636 0.492 0.492 0.63
0.649 0.649 0.519 0.515 0.649 0.461 0.461 0.646
0.621 0.621 0.505 0.491 0.621 0.511 0.511 0.622
0.635 0.635 0.506 0.519 0.635 0.462 0.462 0.626
0.62 0.62 0.506 0.519 0.62 0.483 0.482 0.625
0.612 0.612 0.5 0.505 0.612 0.473 0.473 0.609
0.624 0.624 0.503 0.476 0.624 0.483 0.482 0.625
0.597 0.597 0.517 0.523 0.597 0.49 0.49 0.612
0.611 0.611 0.486 0.491 0.611 0.469 0.469 0.608
0.603 0.603 0.49 0.482 0.603 0.456 0.456 0.607
0.61 0.61 0.509 0.476 0.61 0.481 0.48 0.604
0.601 0.601 0.505 0.502 0.601 0.488 0.488 0.605
0.628 0.628 0.481 0.489 0.628 0.443 0.443 0.639
0.572 0.572 0.479 0.463 0.572 0.515 0.515 0.573
0.62 0.62 0.476 0.507 0.62 0.45 0.45 0.621
0.619 0.619 0.508 0.516 0.619 0.498 0.498 0.619
0.589 0.589 0.48 0.504 0.589 0.462 0.462 0.601
0.588 0.588 0.504 0.486 0.588 0.457 0.457 0.593
0.609 0.609 0.504 0.501 0.609 0.533 0.532 0.607
0.62 0.62 0.496 0.5 0.62 0.483 0.483 0.615
0.62 0.62 0.493 0.489 0.62 0.46 0.46 0.621
0.614 0.614 0.511 0.489 0.614 0.45 0.45 0.619
0.612 0.612 0.518 0.502 0.612 0.458 0.458 0.609
0.617 0.617 0.513 0.521 0.617 0.456 0.455 0.608
0.621 0.621 0.507 0.511 0.621 0.469 0.469 0.617
0.608 0.608 0.498 0.517 0.608 0.505 0.505 0.621
0.628 0.628 0.5 0.514 0.628 0.493 0.493 0.628
0.594 0.594 0.47 0.514 0.594 0.467 0.467 0.625
0.602 0.602 0.508 0.517 0.602 0.449 0.449 0.602
0.634 0.634 0.464 0.456 0.634 0.427 0.427 0.615
0.596 0.596 0.511 0.512 0.596 0.454 0.453 0.594
0.612 0.612 0.505 0.52 0.612 0.484 0.485 0.615
0.627 0.627 0.488 0.528 0.627 0.489 0.489 0.625
0.608 0.608 0.459 0.497 0.608 0.442 0.442 0.603
0.626 0.626 0.497 0.496 0.626 0.512 0.512 0.627
0.609 0.609 0.508 0.499 0.609 0.488 0.488 0.604
0.635 0.635 0.495 0.501 0.635 0.523 0.523 0.635
0.628 0.628 0.507 0.49 0.628 0.456 0.456 0.624
0.604 0.604 0.527 0.499 0.604 0.48 0.48 0.612
0.622 0.622 0.474 0.476 0.622 0.468 0.468 0.617
0.64 0.64 0.486 0.468 0.64 0.472 0.472 0.639
0.609 0.609 0.476 0.503 0.609 0.493 0.49 0.597
0.635 0.635 0.511 0.479 0.635 0.465 0.464 0.638
0.613 0.613 0.478 0.495 0.613 0.499 0.499 0.613
0.632 0.632 0.493 0.514 0.632 0.469 0.469 0.628
0.643 0.643 0.482 0.484 0.643 0.483 0.48 0.639
0.615 0.615 0.483 0.498 0.615 0.486 0.486 0.615
0.585 0.585 0.499 0.487 0.585 0.465 0.465 0.584
0.591 0.591 0.511 0.514 0.591 0.445 0.446 0.601
0.619 0.619 0.51 0.534 0.619 0.483 0.484 0.619
0.632 0.632 0.487 0.504 0.632 0.508 0.507 0.634
0.601 0.601 0.495 0.492 0.601 0.453 0.453 0.601
0.636 0.636 0.512 0.52 0.636 0.49 0.49 0.646
0.606 0.606 0.508 0.493 0.606 0.454 0.454 0.596
0.602 0.602 0.509 0.518 0.602 0.472 0.472 0.597
0.596 0.596 0.49 0.483 0.596 0.483 0.482 0.603
0.583 0.583 0.503 0.518 0.583 0.462 0.457 0.577
0.63 0.63 0.494 0.511 0.63 0.473 0.473 0.63
0.588 0.588 0.489 0.499 0.588 0.461 0.463 0.591
0.618 0.618 0.49 0.484 0.618 0.503 0.503 0.622
0.569 0.569 0.502 0.484 0.569 0.514 0.514 0.569
0.616 0.616 0.51 0.509 0.616 0.484 0.484 0.611
0.606 0.606 0.483 0.497 0.606 0.48 0.48 0.603
0.616 0.616 0.478 0.476 0.616 0.463 0.463 0.612
0.642 0.642 0.473 0.495 0.642 0.512 0.511 0.641
0.608 0.608 0.457 0.528 0.608 0.492 0.492 0.608
0.597 0.597 0.502 0.518 0.597 0.483 0.483 0.598
0.623 0.623 0.494 0.503 0.623 0.47 0.471 0.636
0.597 0.597 0.549 0.512 0.597 0.466 0.466 0.593
0.629 0.629 0.515 0.497 0.629 0.474 0.474 0.627
0.598 0.598 0.507 0.487 0.598 0.466 0.466 0.596
0.622 0.622 0.482 0.503 0.622 0.47 0.47 0.626
0.614 0.614 0.502 0.491 0.614 0.465 0.464 0.626
0.611 0.611 0.51 0.514 0.611 0.481 0.481 0.61
0.615 0.615 0.509 0.491 0.615 0.496 0.497 0.614
0.635 0.635 0.51 0.486 0.635 0.479 0.48 0.634
0.599 0.599 0.494 0.505 0.599 0.482 0.482 0.602
0.601 0.601 0.508 0.475 0.601 0.517 0.517 0.601
0.599 0.599 0.501 0.474 0.599 0.462 0.466 0.605
0.598 0.598 0.494 0.505 0.598 0.479 0.478 0.606
0.597 0.597 0.489 0.476 0.597 0.465 0.465 0.604
0.627 0.627 0.493 0.525 0.627 0.52 0.52 0.628
0.635 0.635 0.492 0.495 0.635 0.473 0.473 0.635
0.626 0.626 0.477 0.455 0.626 0.459 0.458 0.623
0.589 0.589 0.508 0.492 0.589 0.464 0.466 0.595
0.587 0.587 0.484 0.506 0.587 0.477 0.478 0.587
0.601 0.601 0.479 0.485 0.601 0.464 0.464 0.613
0.598 0.598 0.491 0.483 0.598 0.482 0.482 0.599
0.604 0.604 0.499 0.48 0.604 0.501 0.501 0.608
0.637 0.637 0.503 0.528 0.637 0.493 0.494 0.641
0.604 0.604 0.487 0.489 0.604 0.476 0.476 0.604
0.606 0.606 0.496 0.521 0.606 0.47 0.47 0.615
0.615 0.615 0.471 0.499 0.615 0.489 0.489 0.613
0.626 0.626 0.514 0.533 0.626 0.505 0.505 0.628
0.617 0.617 0.504 0.547 0.617 0.494 0.494 0.617
0.604 0.604 0.527 0.495 0.604 0.475 0.475 0.591
0.604 0.604 0.511 0.505 0.604 0.491 0.49 0.619
0.606 0.606 0.523 0.509 0.606 0.49 0.49 0.606
0.609 0.609 0.489 0.496 0.609 0.516 0.516 0.606
