0.591 0.591 0.521 0.528 0.591 0.42 0.421 0.468
0.588 0.588 0.491 0.493 0.588 0.452 0.445 0.484
0.589 0.589 0.501 0.462 0.589 0.463 0.479 0.499
0.593 0.593 0.491 0.53 0.593 0.478 0.481 0.502
0.582 0.583 0.498 0.493 0.582 0.459 0.463 0.514
0.586 0.586 0.509 0.487 0.586 0.492 0.485 0.519
0.601 0.601 0.48 0.472 0.601 0.443 0.438 0.508
0.588 0.588 0.519 0.51 0.588 0.457 0.461 0.48
0.61 0.61 0.485 0.517 0.61 0.424 0.424 0.474
0.581 0.581 0.485 0.492 0.581 0.483 0.48 0.52
0.613 0.613 0.468 0.525 0.613 0.505 0.5 0.553
0.595 0.595 0.473 0.512 0.595 0.458 0.456 0.477
0.588 0.588 0.518 0.507 0.588 0.492 0.499 0.533
0.609 0.608 0.517 0.488 0.609 0.448 0.453 0.44
0.631 0.631 0.504 0.477 0.631 0.453 0.452 0.473
0.578 0.578 0.48 0.511 0.578 0.47 0.469 0.498
0.584 0.584 0.509 0.503 0.584 0.48 0.467 0.485
0.572 0.572 0.513 0.497 0.572 0.468 0.467 0.492
0.578 0.578 0.502 0.512 0.578 0.474 0.473 0.513
0.593 0.593 0.521 0.531 0.593 0.488 0.482 0.529
0.61 0.61 0.516 0.526 0.61 0.492 0.485 0.582
0.6 0.6 0.525 0.495 0.601 0.479 0.48 0.519
0.604 0.604 0.521 0.486 0.603 0.427 0.433 0.447
0.577 0.577 0.492 0.491 0.577 0.467 0.461 0.477
0.59 0.59 0.507 0.492 0.59 0.466 0.47 0.483
0.598 0.597 0.507 0.475 0.598 0.433 0.43 0.438
0.616 0.616 0.491 0.493 0.616 0.503 0.507 0.488
0.601 0.601 0.479 0.499 0.601 0.436 0.435 0.439
0.583 0.583 0.507 0.514 0.583 0.468 0.473 0.459
0.603 0.603 0.527 0.526 0.603 0.497 0.494 0.501
0.597 0.597 0.496 0.516 0.597 0.457 0.443 0.458
0.571 0.571 0.496 0.495 0.571 0.448 0.446 0.464
0.58 0.58 0.481 0.501 0.58 0.448 0.447 0.498
0.593 0.593 0.5 0.514 0.593 0.47 0.47 0.466
0.571 0.572 0.558 0.499 0.571 0.465 0.459 0.491
0.617 0.617 0.495 0.502 0.617 0.497 0.497 0.579
0.59 0.59 0.521 0.503 0.59 0.473 0.473 0.49
0.592 0.593 0.499 0.512 0.594 0.475 0.477 0.504
0.577 0.577 0.511 0.49 0.577 0.493 0.489 0.545
0.586 0.586 0.491 0.496 0.586 0.468 0.469 0.5
0.599 0.598 0.499 0.517 0.599 0.481 0.481 0.525
0.619 0.619 0.512 0.494 0.619 0.494 0.491 0.565
0.591 0.591 0.511 0.495 0.591 0.432 0.43 0.441
0.581 0.581 0.544 0.489 0.581 0.474 0.474 0.532
0.597 0.597 0.481 0.472 0.597 0.433 0.432 0.446
0.611 0.611 0.509 0.49 0.611 0.446 0.444 0.475
0.6 0.6 0.491 0.495 0.6 0.462 0.463 0.529
0.612 0.612 0.521 0.5 0.612 0.516 0.516 0.559
0.594 0.594 0.503 0.493 0.594 0.451 0.443 0.474
0.576 0.579 0.52 0.519 0.578 0.459 0.463 0.47
0.615 0.615 0.503 0.5 0.615 0.453 0.443 0.493
0.597 0.596 0.509 0.483 0.597 0.458 0.45 0.482
0.566 0.566 0.506 0.502 0.566 0.487 0.48 0.489
0.605 0.605 0.52 0.476 0.605 0.448 0.439 0.482
0.559 0.559 0.521 0.515 0.559 0.493 0.492 0.518
0.567 0.567 0.523 0.498 0.567 0.47 0.473 0.5
0.597 0.596 0.508 0.482 0.597 0.448 0.449 0.465
0.595 0.595 0.507 0.504 0.598 0.471 0.466 0.498
0.597 0.597 0.494 0.509 0.597 0.46 0.456 0.469
0.605 0.605 0.517 0.48 0.605 0.452 0.444 0.48
0.577 0.577 0.505 0.511 0.577 0.521 0.523 0.533
0.587 0.586 0.501 0.487 0.587 0.452 0.452 0.464
0.579 0.578 0.53 0.48 0.579 0.46 0.451 0.473
0.599 0.599 0.493 0.541 0.599 0.469 0.469 0.488
0.585 0.585 0.499 0.496 0.585 0.456 0.459 0.504
0.567 0.567 0.479 0.497 0.567 0.495 0.495 0.556
0.581 0.581 0.513 0.529 0.581 0.478 0.467 0.475
0.614 0.614 0.471 0.49 0.614 0.437 0.44 0.454
0.587 0.587 0.517 0.499 0.587 0.48 0.483 0.529
0.597 0.597 0.505 0.495 0.598 0.478 0.466 0.495
0.588 0.589 0.493 0.504 0.588 0.47 0.467 0.489
0.601 0.601 0.482 0.498 0.601 0.481 0.468 0.455
0.548 0.548 0.509 0.494 0.548 0.485 0.49 0.503
0.587 0.587 0.514 0.495 0.587 0.458 0.464 0.478
0.608 0.608 0.487 0.529 0.608 0.439 0.447 0.475
0.622 0.622 0.525 0.493 0.622 0.478 0.468 0.479
0.593 0.593 0.497 0.514 0.593 0.435 0.43 0.467
0.629 0.628 0.523 0.499 0.629 0.454 0.45 0.561
0.571 0.571 0.516 0.493 0.571 0.476 0.464 0.492
0.596 0.596 0.49 0.475 0.596 0.501 0.501 0.546
0.62 0.621 0.5 0.474 0.62 0.482 0.482 0.537
0.591 0.591 0.494 0.495 0.591 0.44 0.44 0.486
0.586 0.586 0.502 0.519 0.586 0.494 0.494 0.536
0.593 0.593 0.502 0.494 0.593 0.472 0.473 0.476
0.555 0.556 0.529 0.509 0.555 0.511 0.512 0.529
0.582 0.583 0.476 0.511 0.582 0.444 0.449 0.499
0.611 0.611 0.499 0.497 0.611 0.425 0.429 0.42
0.59 0.591 0.491 0.485 0.59 0.455 0.444 0.512
0.629 0.629 0.5 0.517 0.629 0.445 0.447 0.439
0.581 0.579 0.522 0.503 0.581 0.475 0.478 0.491
0.583 0.583 0.482 0.531 0.582 0.451 0.454 0.435
0.594 0.594 0.51 0.51 0.594 0.441 0.441 0.485
0.593 0.593 0.503 0.515 0.593 0.481 0.481 0.498
0.588 0.588 0.517 0.501 0.588 0.456 0.443 0.466
0.6 0.602 0.493 0.481 0.602 0.454 0.449 0.456
0.587 0.587 0.516 0.537 0.587 0.455 0.453 0.457
0.577 0.577 0.47 0.535 0.577 0.489 0.499 0.506
0.587 0.587 0.497 0.494 0.587 0.452 0.454 0.491
0.618 0.618 0.517 0.506 0.618 0.434 0.434 0.493
0.61 0.61 0.524 0.481 0.61 0.439 0.44 0.448
0.584 0.584 0.531 0.502 0.584 0.455 0.447 0.454
0.581 0.581 0.469 0.529 0.581 0.489 0.493 0.489
0.597 0.597 0.486 0.487 0.597 0.452 0.449 0.477
0.588 0.588 0.515 0.52 0.588 0.478 0.476 0.484
0.589 0.589 0.508 0.481 0.589 0.476 0.475 0.476
0.584 0.584 0.475 0.5 0.584 0.458 0.454 0.48
0.59 0.59 0.473 0.495 0.59 0.47 0.463 0.503
0.592 0.592 0.514 0.483 0.592 0.466 0.46 0.499
0.601 0.601 0.473 0.485 0.601 0.448 0.446 0.48
0.601 0.601 0.509 0.501 0.601 0.462 0.465 0.516
0.603 0.604 0.497 0.506 0.603 0.487 0.487 0.574
0.59 0.59 0.493 0.509 0.59 0.522 0.515 0.522
0.587 0.587 0.518 0.531 0.587 0.486 0.479 0.541
0.603 0.603 0.5 0.497 0.603 0.455 0.452 0.428
0.604 0.604 0.515 0.481 0.604 0.478 0.484 0.551
0.596 0.6 0.503 0.475 0.598 0.444 0.439 0.472
0.611 0.61 0.496 0.516 0.611 0.441 0.44 0.451
0.602 0.602 0.528 0.509 0.602 0.457 0.451 0.497
0.603 0.603 0.492 0.503 0.603 0.448 0.452 0.455
0.597 0.597 0.477 0.511 0.598 0.472 0.472 0.507
0.622 0.623 0.507 0.497 0.621 0.452 0.452 0.53
0.604 0.604 0.511 0.478 0.604 0.443 0.453 0.508
0.6 0.6 0.485 0.49 0.6 0.507 0.502 0.532
0.583 0.583 0.503 0.523 0.583 0.477 0.486 0.472
0.583 0.583 0.538 0.495 0.583 0.459 0.458 0.514
0.629 0.629 0.526 0.501 0.629 0.453 0.443 0.418
0.612 0.613 0.483 0.488 0.612 0.464 0.466 0.525
0.591 0.59 0.479 0.505 0.591 0.47 0.469 0.488
0.619 0.619 0.506 0.503 0.619 0.445 0.436 0.463
0.626 0.627 0.506 0.517 0.626 0.449 0.444 0.465
0.608 0.608 0.495 0.471 0.608 0.487 0.485 0.544
0.591 0.591 0.502 0.493 0.591 0.464 0.459 0.466
0.601 0.601 0.522 0.501 0.601 0.481 0.481 0.529
0.597 0.596 0.506 0.472 0.597 0.465 0.464 0.487
0.594 0.594 0.481 0.489 0.594 0.428 0.429 0.44
0.607 0.607 0.508 0.518 0.607 0.473 0.461 0.479
0.599 0.599 0.503 0.507 0.599 0.466 0.454 0.465
0.601 0.601 0.507 0.499 0.601 0.472 0.471 0.516
0.58 0.58 0.498 0.488 0.581 0.478 0.474 0.52
0.614 0.614 0.52 0.494 0.614 0.434 0.429 0.424
0.602 0.602 0.514 0.506 0.602 0.464 0.463 0.486
0.578 0.578 0.496 0.495 0.578 0.467 0.469 0.484
0.578 0.578 0.513 0.522 0.578 0.511 0.506 0.55
0.591 0.591 0.481 0.528 0.591 0.443 0.45 0.455
0.608 0.608 0.493 0.481 0.608 0.48 0.489 0.481
0.607 0.606 0.515 0.486 0.607 0.449 0.45 0.494
0.593 0.593 0.517 0.513 0.593 0.47 0.46 0.486
0.577 0.577 0.511 0.484 0.577 0.482 0.482 0.529
0.606 0.607 0.524 0.503 0.606 0.438 0.43 0.477
0.576 0.576 0.515 0.503 0.576 0.497 0.508 0.502
0.61 0.611 0.497 0.482 0.61 0.425 0.428 0.424
0.617 0.617 0.498 0.495 0.617 0.453 0.446 0.453
0.586 0.586 0.513 0.498 0.586 0.438 0.445 0.455
0.588 0.588 0.492 0.485 0.588 0.451 0.451 0.471
0.583 0.583 0.507 0.521 0.583 0.481 0.481 0.558
0.595 0.595 0.501 0.489 0.595 0.465 0.458 0.487
0.592 0.592 0.492 0.5 0.592 0.463 0.474 0.51
0.593 0.593 0.516 0.513 0.593 0.465 0.467 0.524
0.624 0.624 0.485 0.487 0.624 0.478 0.473 0.528
0.586 0.586 0.533 0.503 0.586 0.423 0.432 0.478
0.586 0.586 0.491 0.501 0.586 0.494 0.495 0.508
0.598 0.598 0.501 0.484 0.598 0.482 0.479 0.481
0.615 0.615 0.504 0.503 0.615 0.512 0.511 0.55
0.607 0.607 0.528 0.495 0.607 0.502 0.5 0.552
0.592 0.592 0.502 0.482 0.592 0.451 0.437 0.452
0.613 0.613 0.509 0.494 0.613 0.474 0.472 0.458
0.599 0.598 0.487 0.499 0.599 0.48 0.478 0.486
0.581 0.581 0.485 0.498 0.581 0.443 0.437 0.436
0.609 0.609 0.491 0.531 0.609 0.48 0.469 0.521
0.611 0.61 0.504 0.509 0.611 0.463 0.465 0.538
0.62 0.62 0.528 0.501 0.62 0.451 0.449 0.462
0.629 0.629 0.508 0.505 0.629 0.455 0.452 0.452
0.598 0.598 0.506 0.498 0.598 0.495 0.494 0.514
0.59 0.59 0.52 0.479 0.59 0.463 0.464 0.489
0.577 0.577 0.506 0.492 0.577 0.479 0.479 0.511
0.582 0.582 0.508 0.493 0.582 0.48 0.485 0.529
0.625 0.625 0.509 0.52 0.625 0.464 0.464 0.492
0.593 0.593 0.483 0.51 0.593 0.472 0.471 0.467
0.621 0.621 0.497 0.486 0.621 0.509 0.509 0.531
0.571 0.571 0.498 0.493 0.571 0.49 0.487 0.502
0.594 0.595 0.51 0.501 0.594 0.464 0.46 0.532
0.59 0.59 0.515 0.49 0.59 0.458 0.457 0.48
0.596 0.596 0.491 0.523 0.596 0.477 0.47 0.522
0.595 0.595 0.468 0.496 0.595 0.425 0.43 0.492
0.602 0.602 0.504 0.507 0.601 0.452 0.447 0.495
0.612 0.612 0.526 0.474 0.612 0.433 0.432 0.41
0.566 0.566 0.481 0.503 0.566 0.455 0.46 0.47
0.605 0.605 0.458 0.5 0.605 0.423 0.425 0.438
0.587 0.587 0.507 0.507 0.587 0.509 0.509 0.522
0.628 0.628 0.532 0.491 0.628 0.468 0.47 0.5
0.604 0.604 0.492 0.521 0.604 0.458 0.454 0.464
0.597 0.597 0.501 0.485 0.597 0.465 0.447 0.439
0.586 0.586 0.513 0.496 0.585 0.472 0.461 0.482
0.58 0.581 0.492 0.495 0.58 0.466 0.456 0.466
0.619 0.619 0.479 0.516 0.619 0.43 0.441 0.427
0.603 0.603 0.494 0.507 0.603 0.477 0.475 0.526
0.609 0.607 0.526 0.513 0.608 0.448 0.45 0.465
0.608 0.609 0.485 0.496 0.608 0.459 0.461 0.459
0.61 0.611 0.5 0.486 0.61 0.426 0.434 0.448
0.602 0.602 0.499 0.499 0.602 0.462 0.446 0.453
0.611 0.611 0.489 0.518 0.611 0.45 0.45 0.449
0.619 0.618 0.49 0.473 0.618 0.431 0.42 0.45
0.6 0.6 0.513 0.506 0.6 0.481 0.477 0.471
0.595 0.594 0.503 0.486 0.595 0.469 0.479 0.544
0.614 0.614 0.505 0.49 0.614 0.447 0.446 0.504
0.606 0.606 0.518 0.503 0.606 0.467 0.467 0.489
0.62 0.62 0.508 0.479 0.62 0.51 0.513 0.589
0.606 0.606 0.494 0.508 0.606 0.454 0.456 0.483
0.592 0.592 0.507 0.497 0.592 0.469 0.471 0.496
0.589 0.589 0.492 0.508 0.589 0.45 0.45 0.456
0.586 0.586 0.488 0.512 0.586 0.454 0.453 0.467
0.615 0.615 0.519 0.493 0.615 0.441 0.432 0.442
0.595 0.595 0.503 0.474 0.595 0.458 0.452 0.45
0.625 0.625 0.494 0.466 0.625 0.453 0.44 0.492
0.61 0.61 0.496 0.501 0.61 0.453 0.447 0.441
0.62 0.622 0.462 0.508 0.622 0.431 0.432 0.426
0.586 0.586 0.527 0.495 0.586 0.486 0.48 0.454
0.598 0.599 0.516 0.505 0.598 0.43 0.429 0.44
0.604 0.604 0.491 0.485 0.604 0.486 0.484 0.472
0.606 0.606 0.469 0.483 0.606 0.441 0.44 0.467
0.583 0.583 0.507 0.498 0.583 0.468 0.467 0.502
0.598 0.598 0.51 0.51 0.598 0.463 0.465 0.477
0.635 0.635 0.497 0.508 0.635 0.434 0.438 0.475
0.582 0.582 0.476 0.501 0.581 0.451 0.444 0.451
0.613 0.613 0.495 0.514 0.613 0.454 0.454 0.507
0.594 0.594 0.495 0.5 0.594 0.462 0.465 0.493
0.597 0.597 0.497 0.482 0.597 0.484 0.484 0.481
0.577 0.577 0.512 0.483 0.577 0.494 0.497 0.529
0.599 0.599 0.51 0.543 0.599 0.504 0.503 0.564
0.597 0.599 0.505 0.508 0.597 0.484 0.481 0.5
0.599 0.599 0.51 0.517 0.599 0.504 0.484 0.501
0.59 0.59 0.52 0.523 0.59 0.46 0.461 0.5
0.597 0.597 0.502 0.486 0.597 0.466 0.463 0.469
0.595 0.595 0.485 0.497 0.595 0.467 0.471 0.531
0.596 0.596 0.507 0.491 0.596 0.457 0.47 0.495
0.615 0.615 0.515 0.512 0.615 0.488 0.492 0.509
0.65 0.65 0.536 0.492 0.65 0.449 0.447 0.474
0.603 0.603 0.512 0.492 0.603 0.478 0.463 0.522
0.603 0.603 0.489 0.503 0.603 0.485 0.483 0.539
0.588 0.588 0.499 0.511 0.587 0.452 0.453 0.513
0.599 0.599 0.518 0.514 0.599 0.422 0.419 0.445
0.6 0.6 0.513 0.503 0.6 0.445 0.446 0.483
0.61 0.61 0.502 0.499 0.61 0.466 0.464 0.484
0.615 0.615 0.498 0.523 0.615 0.493 0.488 0.47
0.605 0.605 0.506 0.475 0.607 0.456 0.452 0.443
0.578 0.578 0.493 0.532 0.578 0.441 0.439 0.479
0.59 0.59 0.522 0.491 0.59 0.441 0.447 0.452
0.594 0.594 0.525 0.485 0.594 0.5 0.499 0.51
0.618 0.618 0.48 0.512 0.618 0.434 0.442 0.494
0.615 0.615 0.47 0.48 0.615 0.438 0.436 0.454
0.601 0.601 0.51 0.52 0.601 0.465 0.461 0.492
0.603 0.603 0.495 0.5 0.603 0.457 0.452 0.46
0.596 0.595 0.481 0.478 0.596 0.503 0.504 0.576
0.572 0.572 0.507 0.486 0.572 0.453 0.453 0.454
0.596 0.597 0.547 0.475 0.597 0.474 0.465 0.476
0.581 0.58 0.508 0.476 0.581 0.463 0.467 0.492
0.611 0.611 0.481 0.478 0.611 0.471 0.471 0.55
0.59 0.59 0.514 0.498 0.59 0.49 0.491 0.52
0.597 0.597 0.502 0.53 0.597 0.479 0.476 0.506
0.595 0.595 0.488 0.491 0.595 0.449 0.443 0.448
0.601 0.601 0.511 0.506 0.601 0.45 0.444 0.479
0.605 0.605 0.515 0.483 0.605 0.468 0.455 0.503
0.588 0.588 0.497 0.484 0.588 0.457 0.458 0.477
0.623 0.623 0.491 0.469 0.623 0.446 0.447 0.493
0.609 0.609 0.514 0.537 0.609 0.478 0.468 0.536
0.598 0.598 0.512 0.516 0.598 0.452 0.452 0.476
0.611 0.611 0.497 0.479 0.611 0.448 0.441 0.479
0.589 0.587 0.518 0.515 0.589 0.446 0.448 0.442
0.588 0.588 0.499 0.482 0.588 0.504 0.504 0.57
0.57 0.57 0.477 0.504 0.57 0.471 0.471 0.489
0.591 0.591 0.509 0.515 0.591 0.442 0.436 0.477
0.614 0.614 0.495 0.531 0.614 0.476 0.463 0.536
0.576 0.576 0.489 0.496 0.576 0.438 0.435 0.445
0.596 0.596 0.477 0.517 0.596 0.459 0.474 0.531
0.599 0.599 0.493 0.478 0.599 0.476 0.476 0.479
0.62 0.619 0.486 0.49 0.62 0.438 0.44 0.437
0.612 0.612 0.505 0.48 0.612 0.472 0.455 0.537
0.582 0.582 0.48 0.486 0.582 0.454 0.445 0.489
0.58 0.58 0.528 0.511 0.58 0.501 0.498 0.518
0.616 0.616 0.478 0.513 0.616 0.476 0.478 0.533
0.613 0.613 0.491 0.515 0.613 0.461 0.461 0.525
0.59 0.589 0.503 0.526 0.59 0.469 0.469 0.512
0.591 0.591 0.493 0.499 0.591 0.476 0.474 0.554
0.608 0.608 0.519 0.485 0.608 0.452 0.447 0.44
0.584 0.584 0.467 0.501 0.584 0.445 0.446 0.493
0.584 0.585 0.492 0.497 0.584 0.501 0.498 0.524
0.598 0.597 0.503 0.502 0.598 0.496 0.485 0.476
0.607 0.607 0.483 0.48 0.607 0.45 0.455 0.498
0.6 0.6 0.514 0.473 0.6 0.494 0.494 0.551
0.589 0.589 0.507 0.484 0.589 0.474 0.465 0.469
0.581 0.581 0.516 0.485 0.581 0.485 0.483 0.52
0.61 0.61 0.508 0.515 0.61 0.433 0.431 0.455
0.596 0.596 0.506 0.49 0.596 0.473 0.472 0.459
0.594 0.594 0.496 0.501 0.594 0.474 0.465 0.455
0.598 0.598 0.525 0.526 0.598 0.451 0.451 0.486
0.576 0.576 0.503 0.479 0.576 0.462 0.444 0.473
0.587 0.587 0.504 0.501 0.587 0.483 0.488 0.498
0.602 0.602 0.503 0.521 0.602 0.497 0.494 0.501
0.595 0.595 0.502 0.505 0.595 0.47 0.477 0.511
0.612 0.612 0.493 0.518 0.612 0.418 0.418 0.467
0.587 0.587 0.501 0.508 0.587 0.456 0.452 0.512
0.612 0.612 0.484 0.496 0.612 0.427 0.428 0.441
0.61 0.61 0.497 0.504 0.61 0.422 0.421 0.467
0.572 0.572 0.531 0.519 0.572 0.489 0.488 0.527
0.603 0.603 0.504 0.476 0.603 0.431 0.431 0.427
0.591 0.591 0.491 0.511 0.591 0.481 0.478 0.493
0.575 0.575 0.497 0.504 0.575 0.47 0.469 0.494
0.591 0.591 0.497 0.485 0.591 0.471 0.472 0.494
0.587 0.587 0.503 0.547 0.587 0.481 0.486 0.527
0.597 0.597 0.479 0.509 0.597 0.441 0.443 0.464
0.586 0.586 0.531 0.485 0.586 0.475 0.466 0.485
0.577 0.577 0.486 0.485 0.577 0.481 0.476 0.46
0.616 0.616 0.516 0.514 0.616 0.444 0.441 0.473
0.589 0.589 0.495 0.48 0.589 0.466 0.472 0.523
0.569 0.569 0.515 0.512 0.569 0.481 0.482 0.51
0.595 0.595 0.484 0.502 0.595 0.449 0.449 0.514
0.607 0.607 0.482 0.493 0.607 0.454 0.451 0.497
0.593 0.593 0.477 0.5 0.593 0.468 0.464 0.474
0.601 0.601 0.501 0.495 0.602 0.476 0.471 0.528
0.599 0.6 0.474 0.501 0.599 0.462 0.463 0.49
0.605 0.605 0.504 0.518 0.605 0.44 0.437 0.466
0.588 0.588 0.475 0.495 0.588 0.457 0.456 0.497
0.623 0.624 0.492 0.492 0.623 0.445 0.447 0.488
0.611 0.611 0.516 0.502 0.611 0.5 0.485 0.505
0.609 0.609 0.467 0.517 0.609 0.505 0.503 0.535
0.566 0.566 0.477 0.481 0.566 0.502 0.504 0.508
0.609 0.608 0.51 0.496 0.609 0.457 0.452 0.492
0.615 0.615 0.493 0.5 0.617 0.459 0.466 0.501
0.593 0.593 0.487 0.498 0.593 0.486 0.484 0.496
0.594 0.594 0.48 0.513 0.594 0.466 0.46 0.474
0.568 0.568 0.495 0.514 0.568 0.516 0.518 0.549
0.579 0.579 0.515 0.48 0.579 0.49 0.488 0.545
0.605 0.605 0.519 0.495 0.605 0.451 0.448 0.506
0.606 0.606 0.511 0.505 0.606 0.459 0.449 0.475
0.581 0.581 0.479 0.528 0.581 0.502 0.502 0.567
0.612 0.612 0.489 0.51 0.612 0.481 0.472 0.502
0.608 0.609 0.455 0.512 0.608 0.464 0.464 0.487
0.586 0.586 0.527 0.482 0.586 0.449 0.449 0.446
0.611 0.612 0.508 0.491 0.611 0.452 0.454 0.473
0.622 0.622 0.497 0.522 0.622 0.414 0.418 0.421
0.621 0.621 0.493 0.526 0.621 0.452 0.448 0.482
0.59 0.59 0.488 0.523 0.59 0.493 0.495 0.518
0.591 0.591 0.481 0.505 0.591 0.477 0.473 0.514
0.598 0.598 0.516 0.52 0.598 0.487 0.49 0.522
0.589 0.591 0.459 0.473 0.589 0.472 0.472 0.483
0.592 0.592 0.487 0.52 0.592 0.482 0.48 0.467
0.595 0.595 0.499 0.503 0.595 0.458 0.456 0.524
0.618 0.618 0.49 0.528 0.618 0.489 0.478 0.453
0.596 0.596 0.514 0.489 0.596 0.444 0.442 0.466
0.6 0.6 0.495 0.5 0.6 0.416 0.427 0.478
0.598 0.598 0.491 0.5 0.598 0.488 0.485 0.513
0.589 0.589 0.531 0.497 0.591 0.451 0.447 0.474
0.581 0.581 0.479 0.518 0.581 0.44 0.439 0.483
0.612 0.612 0.517 0.496 0.612 0.419 0.417 0.495
0.611 0.611 0.486 0.503 0.611 0.466 0.463 0.493
0.629 0.629 0.49 0.502 0.629 0.451 0.435 0.444
0.593 0.592 0.491 0.503 0.593 0.503 0.504 0.519
0.597 0.597 0.501 0.505 0.598 0.45 0.452 0.534
0.616 0.616 0.506 0.489 0.616 0.486 0.488 0.504
0.605 0.605 0.496 0.466 0.605 0.454 0.454 0.495
0.597 0.597 0.493 0.496 0.597 0.47 0.479 0.488
0.601 0.602 0.494 0.513 0.601 0.488 0.489 0.513
0.599 0.599 0.51 0.497 0.599 0.44 0.44 0.469
0.595 0.595 0.51 0.509 0.595 0.481 0.476 0.526
0.589 0.589 0.503 0.511 0.589 0.449 0.45 0.482
0.622 0.622 0.509 0.494 0.622 0.487 0.493 0.461
0.593 0.593 0.503 0.507 0.594 0.475 0.472 0.515
0.598 0.598 0.506 0.494 0.598 0.467 0.46 0.477
0.614 0.614 0.489 0.488 0.614 0.465 0.467 0.502
0.597 0.597 0.48 0.495 0.597 0.504 0.505 0.498
0.596 0.596 0.508 0.507 0.596 0.483 0.48 0.51
0.619 0.619 0.498 0.476 0.619 0.482 0.487 0.533
0.603 0.603 0.507 0.487 0.603 0.459 0.445 0.481
0.603 0.604 0.516 0.507 0.603 0.439 0.438 0.467
0.594 0.594 0.507 0.506 0.594 0.466 0.467 0.464
0.558 0.558 0.494 0.488 0.558 0.478 0.479 0.491
0.602 0.603 0.489 0.485 0.602 0.48 0.48 0.522
0.615 0.615 0.518 0.486 0.615 0.437 0.424 0.435
0.606 0.606 0.546 0.491 0.606 0.485 0.479 0.568
0.625 0.625 0.531 0.481 0.625 0.475 0.481 0.567
0.618 0.618 0.489 0.499 0.618 0.452 0.45 0.473
0.61 0.609 0.475 0.504 0.61 0.466 0.457 0.502
0.617 0.617 0.492 0.518 0.617 0.461 0.452 0.485
0.618 0.618 0.515 0.508 0.618 0.467 0.47 0.458
0.625 0.625 0.485 0.497 0.625 0.439 0.422 0.43
0.589 0.589 0.505 0.512 0.589 0.487 0.492 0.566
0.611 0.611 0.518 0.495 0.611 0.459 0.457 0.483
0.583 0.583 0.503 0.499 0.583 0.463 0.455 0.463
0.584 0.584 0.531 0.5 0.584 0.471 0.465 0.453
0.587 0.587 0.494 0.514 0.587 0.473 0.478 0.508
0.596 0.596 0.514 0.485 0.596 0.474 0.472 0.525
0.583 0.583 0.486 0.487 0.583 0.511 0.51 0.531
0.611 0.611 0.499 0.533 0.611 0.5 0.497 0.54
0.594 0.594 0.495 0.508 0.594 0.478 0.48 0.521
0.586 0.586 0.499 0.494 0.586 0.455 0.455 0.495
0.593 0.593 0.52 0.484 0.593 0.466 0.468 0.463
0.63 0.63 0.491 0.511 0.63 0.462 0.461 0.51
0.612 0.612 0.469 0.503 0.612 0.467 0.465 0.504
0.582 0.582 0.502 0.52 0.582 0.477 0.477 0.542
0.61 0.61 0.472 0.474 0.61 0.429 0.422 0.434
0.583 0.583 0.469 0.477 0.581 0.458 0.463 0.484
0.607 0.607 0.521 0.503 0.607 0.483 0.479 0.519
0.577 0.577 0.504 0.501 0.577 0.44 0.434 0.476
0.597 0.597 0.512 0.503 0.598 0.458 0.458 0.446
0.611 0.61 0.485 0.493 0.611 0.463 0.464 0.45
0.571 0.571 0.507 0.513 0.571 0.443 0.435 0.474
0.584 0.584 0.501 0.501 0.584 0.484 0.489 0.48
0.598 0.598 0.513 0.469 0.598 0.488 0.488 0.556
0.602 0.602 0.49 0.526 0.602 0.45 0.442 0.458
0.571 0.573 0.515 0.51 0.571 0.469 0.465 0.483
0.588 0.588 0.487 0.504 0.588 0.473 0.458 0.47
0.598 0.598 0.518 0.487 0.598 0.458 0.457 0.463
0.587 0.587 0.497 0.52 0.587 0.484 0.484 0.488
0.615 0.614 0.51 0.529 0.615 0.49 0.49 0.511
0.595 0.595 0.497 0.504 0.595 0.446 0.454 0.476
0.587 0.587 0.504 0.495 0.587 0.442 0.439 0.446
0.612 0.612 0.504 0.508 0.612 0.458 0.46 0.483
0.603 0.603 0.488 0.506 0.603 0.44 0.44 0.48
0.611 0.611 0.5 0.495 0.611 0.477 0.465 0.468
0.584 0.584 0.493 0.524 0.584 0.465 0.468 0.491
0.612 0.612 0.502 0.486 0.612 0.455 0.452 0.444
0.6 0.6 0.513 0.496 0.6 0.473 0.454 0.478
0.603 0.603 0.491 0.49 0.603 0.465 0.472 0.484
0.622 0.622 0.531 0.534 0.622 0.461 0.461 0.499
0.602 0.602 0.473 0.526 0.602 0.458 0.464 0.518
0.604 0.604 0.521 0.503 0.604 0.445 0.444 0.465
0.616 0.616 0.501 0.527 0.616 0.455 0.455 0.477
0.6 0.6 0.496 0.515 0.6 0.498 0.486 0.53
0.604 0.604 0.511 0.488 0.604 0.472 0.474 0.548
0.605 0.605 0.475 0.482 0.605 0.465 0.469 0.496
0.597 0.597 0.49 0.506 0.597 0.505 0.505 0.535
0.58 0.58 0.482 0.507 0.58 0.459 0.457 0.496
0.599 0.598 0.546 0.517 0.599 0.448 0.442 0.47
0.58 0.58 0.496 0.491 0.58 0.49 0.489 0.481
0.604 0.605 0.484 0.493 0.605 0.457 0.459 0.484
0.596 0.597 0.489 0.502 0.596 0.458 0.454 0.513
0.596 0.596 0.471 0.486 0.596 0.46 0.453 0.481
0.584 0.584 0.507 0.523 0.584 0.478 0.496 0.553
0.592 0.593 0.49 0.495 0.592 0.464 0.463 0.462
0.609 0.609 0.507 0.512 0.609 0.486 0.484 0.545
0.575 0.575 0.514 0.52 0.575 0.492 0.488 0.499
0.608 0.608 0.508 0.488 0.608 0.454 0.446 0.464
0.587 0.587 0.492 0.493 0.587 0.465 0.455 0.495
0.582 0.582 0.516 0.518 0.582 0.47 0.454 0.492
0.588 0.588 0.493 0.509 0.588 0.516 0.516 0.548
0.587 0.588 0.527 0.492 0.587 0.45 0.45 0.499
0.602 0.602 0.469 0.479 0.602 0.466 0.46 0.457
0.604 0.604 0.502 0.533 0.604 0.468 0.458 0.498
0.582 0.582 0.49 0.51 0.582 0.453 0.461 0.484
0.617 0.617 0.499 0.494 0.617 0.45 0.448 0.464
0.603 0.603 0.496 0.497 0.603 0.477 0.482 0.486
0.606 0.606 0.499 0.522 0.606 0.436 0.432 0.467
0.571 0.571 0.501 0.486 0.571 0.488 0.487 0.521
0.625 0.625 0.495 0.491 0.624 0.465 0.47 0.456
0.604 0.604 0.498 0.456 0.604 0.484 0.484 0.54
0.609 0.609 0.526 0.523 0.609 0.408 0.409 0.447
0.582 0.582 0.514 0.5 0.582 0.465 0.465 0.463
0.585 0.585 0.491 0.528 0.585 0.501 0.502 0.537
0.603 0.603 0.508 0.497 0.603 0.44 0.445 0.449
0.605 0.605 0.502 0.501 0.605 0.454 0.451 0.462
0.59 0.59 0.501 0.478 0.59 0.431 0.419 0.464
0.548 0.548 0.503 0.478 0.548 0.497 0.507 0.526
0.587 0.587 0.523 0.528 0.587 0.486 0.478 0.47
0.579 0.579 0.496 0.519 0.579 0.467 0.463 0.507
0.613 0.613 0.509 0.479 0.613 0.491 0.496 0.538
0.587 0.587 0.508 0.499 0.587 0.487 0.488 0.527
0.61 0.611 0.537 0.484 0.61 0.454 0.45 0.483
0.615 0.616 0.51 0.472 0.615 0.42 0.418 0.444
0.58 0.58 0.491 0.501 0.578 0.474 0.475 0.476
0.626 0.626 0.514 0.493 0.626 0.476 0.48 0.518
0.619 0.619 0.465 0.503 0.619 0.453 0.442 0.485
0.608 0.608 0.5 0.505 0.608 0.49 0.483 0.56
0.563 0.563 0.523 0.488 0.563 0.458 0.453 0.467
0.609 0.609 0.473 0.494 0.609 0.474 0.478 0.486
0.6 0.601 0.5 0.485 0.6 0.451 0.459 0.472
0.594 0.594 0.5 0.499 0.594 0.442 0.437 0.491
0.612 0.612 0.497 0.497 0.612 0.44 0.443 0.537
0.58 0.581 0.514 0.482 0.58 0.46 0.457 0.462
0.598 0.598 0.512 0.494 0.598 0.459 0.459 0.519
0.583 0.583 0.517 0.531 0.583 0.464 0.465 0.479
0.609 0.609 0.481 0.532 0.609 0.46 0.454 0.442
0.598 0.598 0.488 0.496 0.598 0.47 0.468 0.516
0.624 0.624 0.501 0.517 0.624 0.463 0.458 0.452
0.58 0.58 0.499 0.499 0.579 0.498 0.496 0.518
0.625 0.625 0.514 0.518 0.625 0.421 0.422 0.451
0.592 0.592 0.495 0.5 0.592 0.46 0.46 0.515
0.6 0.6 0.503 0.512 0.605 0.463 0.454 0.469
0.599 0.599 0.492 0.53 0.599 0.417 0.413 0.419
0.618 0.618 0.491 0.525 0.618 0.508 0.507 0.558
0.607 0.607 0.47 0.503 0.607 0.436 0.435 0.455
0.57 0.571 0.481 0.499 0.571 0.456 0.444 0.469
0.59 0.59 0.497 0.484 0.59 0.452 0.447 0.438
0.589 0.589 0.49 0.493 0.59 0.483 0.477 0.516
0.591 0.591 0.503 0.486 0.591 0.46 0.446 0.44
0.612 0.612 0.506 0.491 0.612 0.437 0.428 0.445
0.589 0.589 0.501 0.512 0.589 0.462 0.462 0.517
0.593 0.593 0.494 0.494 0.593 0.48 0.474 0.489
0.591 0.593 0.51 0.505 0.591 0.465 0.468 0.477
0.599 0.599 0.524 0.524 0.599 0.488 0.487 0.544
0.589 0.589 0.497 0.492 0.59 0.46 0.447 0.463
0.6 0.6 0.532 0.49 0.6 0.459 0.456 0.443
0.595 0.595 0.517 0.471 0.595 0.464 0.464 0.457
0.612 0.612 0.475 0.512 0.612 0.433 0.427 0.463
0.604 0.604 0.505 0.504 0.604 0.461 0.458 0.508
0.598 0.598 0.53 0.489 0.598 0.491 0.492 0.535
0.64 0.64 0.512 0.484 0.64 0.452 0.453 0.473
0.571 0.571 0.493 0.52 0.572 0.453 0.454 0.544
0.589 0.589 0.496 0.5 0.589 0.454 0.46 0.529
0.603 0.603 0.512 0.498 0.603 0.465 0.463 0.455
0.569 0.569 0.479 0.483 0.569 0.459 0.46 0.556
0.588 0.587 0.506 0.476 0.589 0.459 0.457 0.486
0.62 0.62 0.514 0.463 0.62 0.518 0.514 0.526
0.593 0.593 0.482 0.501 0.593 0.472 0.461 0.504
0.609 0.609 0.486 0.524 0.609 0.435 0.427 0.441
0.6 0.6 0.54 0.495 0.6 0.468 0.464 0.515
0.598 0.598 0.499 0.491 0.598 0.513 0.51 0.574
0.615 0.615 0.52 0.488 0.615 0.425 0.426 0.471
0.629 0.629 0.497 0.52 0.629 0.405 0.404 0.437
0.587 0.587 0.511 0.515 0.587 0.445 0.44 0.446
0.605 0.605 0.508 0.477 0.605 0.414 0.417 0.437
0.576 0.576 0.497 0.487 0.576 0.456 0.456 0.485
0.576 0.576 0.495 0.475 0.576 0.481 0.48 0.502
0.585 0.585 0.525 0.499 0.585 0.466 0.466 0.489
0.602 0.604 0.479 0.514 0.602 0.451 0.441 0.515
0.572 0.572 0.507 0.476 0.572 0.487 0.481 0.523
0.593 0.593 0.478 0.518 0.593 0.457 0.45 0.455
0.601 0.601 0.486 0.507 0.601 0.435 0.425 0.427
0.588 0.588 0.485 0.5 0.588 0.499 0.5 0.547
0.603 0.603 0.495 0.51 0.604 0.441 0.432 0.439
0.623 0.622 0.511 0.515 0.623 0.45 0.44 0.462
0.594 0.594 0.515 0.462 0.594 0.444 0.438 0.485
0.59 0.59 0.48 0.474 0.59 0.479 0.489 0.546
0.579 0.579 0.485 0.518 0.579 0.461 0.46 0.459
0.568 0.568 0.5 0.486 0.568 0.453 0.444 0.474
0.617 0.617 0.48 0.472 0.617 0.432 0.423 0.447
0.577 0.577 0.515 0.474 0.577 0.467 0.469 0.523
0.59 0.59 0.465 0.518 0.59 0.473 0.473 0.504
0.591 0.591 0.499 0.468 0.591 0.459 0.465 0.496
0.606 0.606 0.51 0.482 0.606 0.481 0.469 0.487
0.589 0.589 0.494 0.518 0.589 0.481 0.478 0.503
0.601 0.601 0.497 0.518 0.601 0.439 0.437 0.514
0.612 0.612 0.505 0.498 0.612 0.486 0.484 0.512
0.596 0.595 0.517 0.504 0.598 0.443 0.441 0.465
0.605 0.605 0.488 0.499 0.605 0.435 0.43 0.446
0.596 0.596 0.518 0.516 0.596 0.455 0.452 0.479
0.624 0.624 0.482 0.5 0.624 0.48 0.482 0.536
0.606 0.606 0.534 0.497 0.606 0.45 0.449 0.467
0.607 0.607 0.516 0.504 0.608 0.478 0.474 0.501
0.615 0.615 0.523 0.494 0.615 0.438 0.436 0.47
0.608 0.608 0.504 0.528 0.608 0.468 0.451 0.479
0.605 0.605 0.517 0.493 0.605 0.46 0.459 0.519
0.592 0.592 0.501 0.518 0.592 0.482 0.479 0.48
0.613 0.613 0.509 0.5 0.613 0.466 0.465 0.45
0.582 0.582 0.507 0.485 0.582 0.47 0.467 0.512
0.585 0.585 0.512 0.506 0.585 0.469 0.464 0.481
0.594 0.594 0.475 0.477 0.594 0.459 0.459 0.505
0.583 0.584 0.49 0.527 0.583 0.48 0.468 0.487
0.606 0.606 0.535 0.494 0.606 0.43 0.43 0.449
0.612 0.612 0.502 0.497 0.612 0.429 0.425 0.464
0.585 0.585 0.531 0.497 0.585 0.48 0.48 0.544
0.604 0.604 0.485 0.511 0.604 0.48 0.477 0.518
0.592 0.592 0.492 0.471 0.592 0.482 0.484 0.506
0.611 0.611 0.5 0.493 0.611 0.47 0.471 0.507
0.612 0.612 0.495 0.511 0.612 0.436 0.435 0.437
0.594 0.594 0.48 0.482 0.594 0.446 0.448 0.477
0.589 0.59 0.497 0.503 0.589 0.469 0.469 0.467
0.58 0.58 0.513 0.489 0.577 0.447 0.443 0.45
0.562 0.562 0.521 0.503 0.562 0.488 0.494 0.478
0.588 0.589 0.487 0.515 0.588 0.431 0.434 0.468
0.612 0.612 0.528 0.478 0.613 0.486 0.485 0.458
0.589 0.589 0.51 0.489 0.589 0.458 0.469 0.483
0.595 0.595 0.495 0.503 0.595 0.484 0.481 0.489
0.59 0.59 0.504 0.491 0.59 0.48 0.48 0.55
0.616 0.616 0.493 0.508 0.616 0.437 0.447 0.436
0.592 0.592 0.47 0.487 0.592 0.442 0.438 0.492
0.607 0.608 0.462 0.475 0.607 0.441 0.45 0.434
0.593 0.592 0.523 0.5 0.593 0.464 0.458 0.471
0.579 0.579 0.491 0.503 0.579 0.488 0.482 0.497
0.593 0.593 0.524 0.5 0.593 0.445 0.445 0.443
0.599 0.597 0.495 0.5 0.597 0.48 0.48 0.518
0.609 0.609 0.489 0.5 0.609 0.455 0.452 0.512
0.643 0.643 0.471 0.492 0.643 0.446 0.439 0.436
0.6 0.6 0.487 0.506 0.6 0.461 0.464 0.471
0.627 0.627 0.498 0.497 0.627 0.455 0.453 0.458
0.615 0.615 0.492 0.518 0.615 0.506 0.506 0.519
0.591 0.591 0.517 0.518 0.591 0.466 0.464 0.463
0.598 0.598 0.537 0.477 0.598 0.459 0.451 0.453
0.612 0.612 0.483 0.519 0.612 0.455 0.442 0.468
0.601 0.601 0.496 0.498 0.601 0.444 0.439 0.434
0.583 0.583 0.497 0.473 0.583 0.498 0.506 0.485
0.578 0.578 0.477 0.499 0.576 0.51 0.51 0.521
0.603 0.603 0.505 0.513 0.603 0.489 0.488 0.547
0.592 0.592 0.508 0.526 0.592 0.452 0.449 0.474
0.582 0.582 0.48 0.475 0.582 0.469 0.469 0.486
0.566 0.568 0.487 0.469 0.566 0.466 0.467 0.503
0.593 0.592 0.512 0.506 0.593 0.463 0.447 0.475
0.586 0.586 0.474 0.497 0.586 0.469 0.464 0.444
0.587 0.587 0.503 0.506 0.587 0.506 0.508 0.559
0.601 0.601 0.494 0.511 0.601 0.45 0.452 0.442
0.59 0.59 0.513 0.499 0.591 0.46 0.466 0.509
0.58 0.58 0.499 0.507 0.58 0.457 0.449 0.463
0.603 0.603 0.487 0.502 0.606 0.477 0.468 0.528
0.574 0.574 0.494 0.502 0.574 0.468 0.469 0.528
0.585 0.585 0.471 0.502 0.585 0.509 0.508 0.523
0.581 0.581 0.495 0.499 0.581 0.446 0.447 0.455
0.599 0.599 0.508 0.485 0.599 0.441 0.438 0.47
0.593 0.593 0.502 0.527 0.593 0.425 0.425 0.494
0.58 0.58 0.51 0.502 0.58 0.452 0.441 0.49
0.596 0.596 0.493 0.487 0.596 0.466 0.471 0.545
0.615 0.615 0.511 0.486 0.615 0.452 0.45 0.496
0.583 0.581 0.498 0.508 0.581 0.487 0.481 0.502
0.583 0.583 0.489 0.52 0.583 0.448 0.447 0.498
0.596 0.596 0.488 0.491 0.596 0.504 0.509 0.573
0.586 0.586 0.506 0.493 0.586 0.454 0.453 0.53
0.594 0.594 0.498 0.503 0.594 0.463 0.462 0.534
0.582 0.582 0.506 0.524 0.582 0.483 0.485 0.535
0.634 0.634 0.484 0.499 0.634 0.433 0.435 0.447
0.594 0.595 0.521 0.492 0.594 0.437 0.428 0.453
0.597 0.597 0.489 0.481 0.597 0.455 0.446 0.477
0.589 0.59 0.487 0.511 0.589 0.46 0.462 0.483
0.593 0.592 0.501 0.514 0.593 0.457 0.455 0.48
0.587 0.587 0.502 0.483 0.587 0.482 0.477 0.463
0.594 0.594 0.51 0.462 0.594 0.464 0.47 0.46
0.601 0.601 0.513 0.525 0.601 0.416 0.419 0.435
0.603 0.603 0.51 0.527 0.603 0.47 0.463 0.511
0.616 0.616 0.515 0.499 0.616 0.491 0.49 0.548
0.583 0.583 0.494 0.472 0.583 0.467 0.466 0.456
0.612 0.612 0.514 0.516 0.612 0.46 0.46 0.474
0.617 0.617 0.514 0.49 0.617 0.477 0.478 0.479
0.596 0.597 0.512 0.487 0.596 0.427 0.436 0.483
0.617 0.618 0.494 0.501 0.617 0.422 0.43 0.467
0.62 0.62 0.48 0.507 0.62 0.457 0.463 0.486
0.607 0.607 0.492 0.503 0.607 0.46 0.458 0.497
0.6 0.6 0.514 0.512 0.6 0.447 0.44 0.454
0.604 0.604 0.498 0.485 0.604 0.452 0.438 0.444
0.594 0.594 0.519 0.501 0.594 0.473 0.47 0.478
0.609 0.609 0.495 0.515 0.609 0.474 0.475 0.526
0.591 0.591 0.494 0.519 0.591 0.451 0.443 0.462
0.596 0.596 0.514 0.487 0.596 0.419 0.42 0.466
0.61 0.61 0.488 0.506 0.61 0.456 0.457 0.497
0.607 0.607 0.48 0.499 0.607 0.478 0.475 0.528
0.592 0.592 0.518 0.485 0.592 0.45 0.451 0.481
0.621 0.621 0.498 0.516 0.621 0.443 0.444 0.441
0.575 0.575 0.52 0.472 0.575 0.486 0.486 0.501
0.609 0.609 0.497 0.501 0.609 0.469 0.474 0.481
0.601 0.601 0.506 0.499 0.601 0.477 0.476 0.526
0.611 0.61 0.468 0.486 0.611 0.469 0.472 0.525
0.62 0.62 0.472 0.493 0.62 0.471 0.468 0.475
0.605 0.605 0.489 0.498 0.605 0.444 0.44 0.497
0.573 0.574 0.488 0.506 0.573 0.482 0.484 0.484
0.585 0.585 0.5 0.506 0.585 0.448 0.451 0.494
0.58 0.58 0.509 0.481 0.58 0.443 0.435 0.454
0.594 0.594 0.461 0.504 0.594 0.489 0.487 0.573
0.586 0.586 0.506 0.484 0.586 0.493 0.493 0.555
0.599 0.599 0.52 0.496 0.599 0.446 0.45 0.443
0.608 0.609 0.507 0.497 0.608 0.472 0.472 0.499
0.601 0.601 0.491 0.503 0.601 0.435 0.438 0.458
0.62 0.62 0.483 0.477 0.62 0.45 0.455 0.49
0.612 0.612 0.525 0.498 0.612 0.476 0.475 0.514
0.615 0.614 0.486 0.495 0.614 0.471 0.474 0.496
0.585 0.585 0.496 0.499 0.585 0.456 0.451 0.509
0.581 0.581 0.48 0.502 0.581 0.458 0.457 0.5
0.61 0.61 0.484 0.513 0.61 0.466 0.467 0.53
0.573 0.573 0.498 0.489 0.573 0.481 0.477 0.496
0.58 0.58 0.505 0.519 0.58 0.476 0.477 0.516
0.608 0.608 0.483 0.503 0.608 0.437 0.433 0.491
0.586 0.586 0.523 0.516 0.586 0.458 0.452 0.458
0.604 0.604 0.472 0.516 0.604 0.433 0.428 0.445
0.598 0.598 0.487 0.501 0.598 0.423 0.416 0.473
0.598 0.597 0.5 0.482 0.597 0.486 0.491 0.527
0.585 0.585 0.5 0.473 0.585 0.48 0.479 0.488
0.631 0.631 0.485 0.486 0.631 0.483 0.471 0.464
0.602 0.602 0.511 0.517 0.602 0.463 0.46 0.489
0.593 0.592 0.514 0.507 0.593 0.438 0.436 0.451
0.625 0.625 0.466 0.484 0.625 0.468 0.468 0.557
0.596 0.596 0.479 0.475 0.596 0.425 0.426 0.48
0.575 0.575 0.502 0.512 0.575 0.461 0.456 0.449
0.612 0.612 0.494 0.494 0.612 0.501 0.499 0.534
0.607 0.607 0.488 0.499 0.607 0.493 0.494 0.542
0.595 0.595 0.487 0.508 0.595 0.442 0.443 0.472
0.562 0.563 0.536 0.5 0.562 0.453 0.452 0.513
0.581 0.581 0.508 0.5 0.581 0.464 0.463 0.471
0.583 0.583 0.485 0.5 0.583 0.465 0.455 0.531
0.601 0.601 0.501 0.495 0.601 0.448 0.444 0.452
0.6 0.6 0.508 0.527 0.6 0.454 0.441 0.501
0.595 0.595 0.484 0.496 0.595 0.454 0.455 0.472
0.615 0.615 0.486 0.511 0.615 0.443 0.446 0.479
0.6 0.6 0.493 0.494 0.6 0.451 0.453 0.476
0.583 0.583 0.495 0.483 0.583 0.51 0.516 0.534
0.593 0.593 0.486 0.539 0.593 0.488 0.481 0.519
0.595 0.593 0.504 0.488 0.593 0.516 0.506 0.53
0.581 0.581 0.485 0.495 0.581 0.485 0.483 0.495
0.578 0.578 0.507 0.531 0.578 0.47 0.466 0.464
0.622 0.621 0.505 0.499 0.622 0.438 0.428 0.427
0.592 0.592 0.532 0.479 0.592 0.439 0.437 0.46
0.598 0.598 0.506 0.507 0.598 0.459 0.457 0.493
0.594 0.594 0.517 0.497 0.594 0.502 0.502 0.526
0.606 0.606 0.509 0.505 0.605 0.457 0.458 0.466
0.614 0.613 0.468 0.499 0.614 0.454 0.452 0.45
0.61 0.613 0.497 0.499 0.613 0.527 0.523 0.543
0.583 0.583 0.484 0.49 0.583 0.463 0.469 0.49
0.594 0.594 0.504 0.506 0.594 0.481 0.48 0.514
0.607 0.607 0.497 0.493 0.607 0.488 0.481 0.491
0.613 0.613 0.482 0.493 0.613 0.462 0.456 0.482
0.605 0.605 0.489 0.497 0.605 0.483 0.48 0.477
0.617 0.617 0.524 0.505 0.617 0.478 0.479 0.525
0.622 0.622 0.501 0.519 0.622 0.436 0.435 0.434
0.608 0.608 0.476 0.498 0.608 0.433 0.424 0.459
0.613 0.613 0.496 0.47 0.613 0.422 0.418 0.425
0.624 0.624 0.508 0.492 0.624 0.471 0.462 0.492
0.599 0.599 0.472 0.48 0.599 0.47 0.47 0.501
0.576 0.576 0.499 0.489 0.576 0.524 0.519 0.532
0.598 0.598 0.499 0.509 0.598 0.486 0.486 0.501
0.595 0.596 0.517 0.499 0.595 0.432 0.447 0.483
0.609 0.609 0.508 0.484 0.609 0.445 0.443 0.443
0.622 0.622 0.497 0.501 0.622 0.463 0.455 0.469
0.583 0.583 0.499 0.488 0.583 0.514 0.513 0.554
0.6 0.6 0.508 0.484 0.6 0.483 0.483 0.536
0.598 0.598 0.514 0.51 0.598 0.474 0.477 0.498
0.583 0.583 0.493 0.494 0.583 0.486 0.478 0.521
0.589 0.589 0.487 0.486 0.589 0.467 0.484 0.501
0.622 0.626 0.497 0.511 0.622 0.443 0.437 0.444
0.59 0.59 0.463 0.503 0.59 0.486 0.485 0.482
0.588 0.588 0.5 0.517 0.588 0.481 0.477 0.538
0.619 0.619 0.493 0.481 0.619 0.458 0.459 0.475
0.623 0.623 0.5 0.47 0.623 0.453 0.442 0.469
0.593 0.593 0.483 0.475 0.593 0.469 0.466 0.504
0.612 0.612 0.488 0.482 0.612 0.438 0.431 0.476
0.6 0.6 0.494 0.512 0.6 0.467 0.476 0.54
0.601 0.601 0.52 0.499 0.601 0.449 0.44 0.443
0.583 0.584 0.498 0.489 0.583 0.446 0.456 0.463
0.595 0.595 0.494 0.499 0.597 0.436 0.427 0.448
0.606 0.605 0.484 0.515 0.606 0.46 0.455 0.432
0.608 0.608 0.453 0.48 0.608 0.431 0.428 0.45
0.579 0.579 0.484 0.492 0.579 0.466 0.456 0.484
0.579 0.579 0.5 0.505 0.579 0.452 0.444 0.482
0.617 0.617 0.529 0.507 0.617 0.44 0.44 0.439
0.623 0.623 0.463 0.516 0.623 0.465 0.444 0.433
0.599 0.599 0.505 0.511 0.599 0.458 0.456 0.514
0.577 0.577 0.511 0.49 0.577 0.479 0.484 0.524
0.605 0.605 0.508 0.526 0.605 0.468 0.463 0.493
0.601 0.601 0.51 0.509 0.601 0.467 0.469 0.514
0.623 0.623 0.493 0.51 0.621 0.444 0.449 0.513
0.619 0.618 0.482 0.483 0.621 0.423 0.433 0.453
0.569 0.569 0.496 0.509 0.569 0.477 0.476 0.504
0.613 0.613 0.52 0.47 0.613 0.447 0.451 0.467
0.611 0.611 0.504 0.492 0.611 0.444 0.436 0.425
0.594 0.594 0.49 0.525 0.594 0.456 0.447 0.504
0.596 0.596 0.506 0.491 0.596 0.495 0.483 0.473
0.601 0.601 0.491 0.511 0.601 0.496 0.503 0.526
0.596 0.596 0.498 0.494 0.596 0.465 0.449 0.499
0.574 0.574 0.517 0.486 0.574 0.483 0.481 0.508
0.625 0.625 0.488 0.494 0.625 0.498 0.481 0.56
0.601 0.601 0.51 0.506 0.601 0.461 0.46 0.456
0.608 0.607 0.472 0.477 0.608 0.448 0.447 0.473
0.583 0.579 0.507 0.505 0.581 0.476 0.474 0.512
0.593 0.593 0.502 0.486 0.593 0.463 0.463 0.529
0.588 0.588 0.513 0.484 0.588 0.481 0.484 0.476
0.599 0.599 0.488 0.485 0.599 0.446 0.446 0.522
0.592 0.592 0.465 0.505 0.592 0.469 0.474 0.536
0.593 0.592 0.511 0.495 0.592 0.478 0.477 0.476
0.587 0.587 0.498 0.497 0.587 0.456 0.455 0.445
0.597 0.597 0.49 0.511 0.597 0.463 0.464 0.466
0.601 0.601 0.527 0.53 0.601 0.451 0.449 0.452
0.567 0.567 0.484 0.485 0.567 0.477 0.467 0.478
0.606 0.606 0.509 0.536 0.606 0.455 0.444 0.457
0.587 0.587 0.485 0.517 0.587 0.462 0.469 0.478
0.605 0.605 0.492 0.493 0.605 0.448 0.449 0.474
0.611 0.611 0.497 0.504 0.611 0.471 0.463 0.495
0.6 0.599 0.494 0.483 0.6 0.5 0.498 0.53
0.592 0.592 0.517 0.489 0.592 0.467 0.467 0.518
0.604 0.604 0.484 0.502 0.604 0.491 0.491 0.567
0.593 0.593 0.522 0.514 0.593 0.478 0.478 0.481
0.592 0.592 0.504 0.509 0.592 0.441 0.438 0.477
0.61 0.611 0.479 0.509 0.61 0.475 0.485 0.483
0.587 0.586 0.449 0.514 0.587 0.495 0.482 0.512
0.603 0.603 0.525 0.505 0.603 0.489 0.489 0.544
0.603 0.603 0.508 0.511 0.603 0.475 0.475 0.515
0.574 0.574 0.507 0.506 0.574 0.49 0.485 0.537
0.581 0.581 0.508 0.488 0.581 0.461 0.456 0.478
0.631 0.631 0.5 0.515 0.631 0.427 0.421 0.424
0.588 0.588 0.482 0.513 0.588 0.441 0.439 0.451
0.596 0.596 0.48 0.525 0.596 0.473 0.472 0.485
0.584 0.584 0.491 0.488 0.584 0.494 0.493 0.54
0.575 0.575 0.472 0.506 0.575 0.479 0.478 0.505
0.596 0.596 0.452 0.501 0.596 0.476 0.472 0.497
0.586 0.586 0.469 0.486 0.586 0.49 0.493 0.498
0.59 0.59 0.492 0.53 0.59 0.437 0.438 0.482
0.574 0.576 0.501 0.502 0.576 0.465 0.462 0.494
0.611 0.611 0.468 0.513 0.611 0.442 0.44 0.5
0.617 0.616 0.484 0.509 0.617 0.466 0.46 0.479
0.597 0.598 0.498 0.498 0.597 0.473 0.472 0.466
0.591 0.591 0.492 0.523 0.591 0.478 0.465 0.488
0.592 0.592 0.498 0.479 0.592 0.456 0.458 0.468
0.6 0.6 0.475 0.51 0.6 0.464 0.468 0.524
0.586 0.588 0.51 0.521 0.586 0.456 0.456 0.514
0.599 0.599 0.508 0.519 0.599 0.457 0.447 0.438
0.605 0.605 0.529 0.5 0.605 0.458 0.459 0.489
0.587 0.587 0.506 0.513 0.587 0.478 0.478 0.506
0.63 0.63 0.501 0.505 0.63 0.432 0.431 0.447
0.608 0.608 0.53 0.511 0.608 0.445 0.438 0.475
0.592 0.592 0.487 0.512 0.592 0.501 0.499 0.539
0.603 0.603 0.495 0.502 0.605 0.442 0.433 0.473
0.612 0.611 0.524 0.489 0.612 0.418 0.414 0.458
0.586 0.586 0.493 0.505 0.586 0.438 0.434 0.502
0.574 0.574 0.508 0.531 0.574 0.48 0.469 0.509
0.571 0.571 0.516 0.485 0.571 0.475 0.479 0.506
0.613 0.613 0.494 0.495 0.613 0.47 0.463 0.543
0.603 0.603 0.503 0.508 0.603 0.457 0.447 0.455
0.613 0.613 0.516 0.493 0.613 0.477 0.465 0.467
0.575 0.576 0.522 0.489 0.575 0.461 0.462 0.456
0.575 0.574 0.506 0.485 0.574 0.431 0.426 0.461
0.58 0.58 0.488 0.496 0.58 0.454 0.456 0.501
0.593 0.593 0.491 0.501 0.593 0.485 0.484 0.561
0.609 0.609 0.481 0.5 0.609 0.446 0.441 0.458
0.586 0.585 0.506 0.463 0.586 0.464 0.47 0.495
0.59 0.591 0.505 0.478 0.59 0.476 0.474 0.521
0.594 0.594 0.515 0.532 0.594 0.431 0.437 0.485
0.62 0.62 0.493 0.484 0.62 0.459 0.466 0.488
0.586 0.586 0.483 0.5 0.586 0.441 0.43 0.488
0.591 0.591 0.507 0.48 0.591 0.487 0.487 0.552
0.623 0.623 0.476 0.496 0.623 0.488 0.486 0.497
0.59 0.59 0.504 0.498 0.59 0.487 0.497 0.541
0.597 0.596 0.512 0.496 0.599 0.443 0.443 0.5
0.61 0.61 0.509 0.51 0.61 0.441 0.439 0.466
0.605 0.605 0.507 0.484 0.605 0.471 0.464 0.462
0.569 0.569 0.485 0.531 0.569 0.447 0.447 0.518
0.585 0.585 0.478 0.514 0.584 0.457 0.455 0.482
0.595 0.596 0.506 0.511 0.595 0.47 0.469 0.487
0.576 0.576 0.477 0.51 0.576 0.471 0.475 0.499
0.6 0.6 0.5 0.489 0.6 0.49 0.497 0.537
0.622 0.621 0.498 0.494 0.622 0.5 0.496 0.522
0.605 0.605 0.514 0.492 0.605 0.451 0.442 0.465
0.594 0.594 0.498 0.476 0.594 0.464 0.464 0.499
0.591 0.591 0.506 0.493 0.591 0.464 0.464 0.473
0.604 0.604 0.523 0.494 0.604 0.444 0.437 0.479
0.626 0.626 0.508 0.476 0.626 0.495 0.495 0.539
0.626 0.625 0.515 0.517 0.626 0.487 0.476 0.505
0.591 0.591 0.492 0.522 0.591 0.45 0.447 0.467
0.599 0.599 0.488 0.504 0.599 0.457 0.455 0.461
0.569 0.569 0.497 0.524 0.569 0.459 0.462 0.482
0.583 0.584 0.506 0.507 0.583 0.482 0.473 0.477
0.584 0.584 0.509 0.503 0.584 0.458 0.464 0.511
0.564 0.564 0.518 0.52 0.564 0.459 0.456 0.515
0.594 0.595 0.504 0.48 0.594 0.455 0.447 0.452
0.589 0.589 0.506 0.488 0.589 0.49 0.493 0.541
0.624 0.624 0.513 0.482 0.624 0.447 0.447 0.518
0.602 0.601 0.467 0.512 0.602 0.492 0.483 0.516
0.61 0.61 0.501 0.48 0.61 0.436 0.437 0.454
0.595 0.595 0.507 0.491 0.595 0.438 0.437 0.435
0.577 0.577 0.51 0.497 0.577 0.447 0.448 0.468
0.595 0.595 0.475 0.489 0.595 0.477 0.473 0.466
0.576 0.573 0.493 0.499 0.574 0.48 0.473 0.495
0.59 0.59 0.508 0.496 0.59 0.438 0.437 0.473
0.594 0.594 0.503 0.538 0.594 0.482 0.482 0.551
0.617 0.617 0.534 0.534 0.617 0.469 0.451 0.494
0.587 0.587 0.504 0.5 0.587 0.439 0.442 0.504
0.586 0.586 0.489 0.528 0.586 0.468 0.468 0.505
0.609 0.609 0.532 0.489 0.609 0.48 0.468 0.507
0.602 0.602 0.498 0.509 0.603 0.446 0.441 0.437
0.605 0.605 0.528 0.493 0.605 0.422 0.425 0.467
0.562 0.562 0.515 0.506 0.562 0.489 0.497 0.467
0.594 0.594 0.509 0.487 0.594 0.455 0.449 0.491
0.608 0.607 0.468 0.513 0.608 0.442 0.435 0.455
0.614 0.614 0.48 0.485 0.614 0.461 0.46 0.495
0.593 0.593 0.489 0.49 0.593 0.457 0.456 0.484
0.598 0.598 0.506 0.512 0.598 0.44 0.44 0.439
0.614 0.614 0.499 0.504 0.614 0.438 0.435 0.49
0.619 0.619 0.5 0.497 0.619 0.459 0.464 0.429
0.592 0.594 0.504 0.482 0.594 0.452 0.452 0.457
0.599 0.599 0.506 0.488 0.599 0.459 0.47 0.472
0.601 0.601 0.529 0.536 0.601 0.465 0.461 0.465
0.636 0.636 0.509 0.526 0.636 0.438 0.437 0.468
0.588 0.588 0.5 0.504 0.588 0.496 0.487 0.528
0.586 0.586 0.486 0.502 0.586 0.495 0.489 0.5
0.591 0.591 0.493 0.5 0.591 0.495 0.501 0.494
0.626 0.627 0.488 0.487 0.626 0.438 0.444 0.455
0.6 0.601 0.514 0.473 0.6 0.457 0.456 0.479
0.619 0.619 0.495 0.513 0.619 0.428 0.422 0.435
0.602 0.602 0.515 0.488 0.602 0.465 0.465 0.545
0.594 0.594 0.501 0.482 0.594 0.454 0.456 0.507
0.581 0.581 0.508 0.501 0.581 0.482 0.483 0.523
0.583 0.583 0.487 0.501 0.583 0.44 0.441 0.47
0.572 0.572 0.526 0.507 0.572 0.481 0.478 0.496
0.596 0.596 0.504 0.523 0.596 0.486 0.49 0.552
0.604 0.604 0.498 0.476 0.604 0.457 0.455 0.479
0.602 0.602 0.494 0.492 0.602 0.466 0.466 0.486
0.579 0.58 0.496 0.518 0.579 0.478 0.477 0.532
0.604 0.604 0.495 0.49 0.604 0.468 0.465 0.486
0.615 0.615 0.507 0.491 0.615 0.468 0.469 0.508
0.612 0.612 0.495 0.481 0.612 0.509 0.51 0.58
0.592 0.592 0.506 0.495 0.592 0.462 0.468 0.495
0.603 0.603 0.478 0.493 0.603 0.427 0.427 0.44
0.612 0.612 0.521 0.51 0.612 0.445 0.446 0.455
0.601 0.601 0.499 0.505 0.601 0.477 0.478 0.528
0.605 0.605 0.515 0.533 0.604 0.439 0.434 0.487
0.596 0.596 0.487 0.518 0.596 0.434 0.432 0.45
0.622 0.619 0.517 0.509 0.619 0.454 0.456 0.49
0.606 0.606 0.522 0.503 0.606 0.452 0.449 0.492
0.581 0.581 0.518 0.504 0.581 0.474 0.476 0.541
0.603 0.603 0.468 0.511 0.603 0.484 0.493 0.514
0.6 0.601 0.49 0.486 0.6 0.476 0.475 0.507
0.592 0.591 0.503 0.514 0.592 0.472 0.465 0.498
0.594 0.594 0.509 0.505 0.594 0.47 0.454 0.48
0.628 0.628 0.521 0.477 0.628 0.467 0.455 0.511
0.57 0.57 0.51 0.52 0.57 0.487 0.473 0.459
0.604 0.603 0.479 0.505 0.604 0.449 0.45 0.497
0.586 0.586 0.507 0.512 0.586 0.467 0.46 0.465
0.606 0.606 0.495 0.501 0.606 0.438 0.438 0.46
0.613 0.613 0.511 0.521 0.612 0.465 0.466 0.533
0.618 0.619 0.527 0.516 0.618 0.439 0.438 0.458
0.604 0.604 0.511 0.493 0.604 0.451 0.447 0.473
0.627 0.627 0.512 0.505 0.627 0.472 0.48 0.524
0.591 0.591 0.483 0.492 0.591 0.439 0.437 0.442
0.571 0.571 0.501 0.514 0.571 0.466 0.474 0.476
0.612 0.612 0.494 0.484 0.612 0.457 0.462 0.504
0.602 0.602 0.512 0.507 0.602 0.458 0.46 0.452
0.588 0.588 0.502 0.489 0.588 0.473 0.481 0.473
0.558 0.558 0.498 0.501 0.558 0.465 0.46 0.497
0.586 0.587 0.527 0.51 0.586 0.466 0.464 0.535
0.601 0.601 0.499 0.503 0.601 0.448 0.446 0.461
0.594 0.594 0.506 0.502 0.594 0.43 0.434 0.497
0.607 0.607 0.5 0.477 0.607 0.486 0.48 0.498
0.582 0.582 0.493 0.507 0.582 0.481 0.476 0.481
0.607 0.607 0.496 0.489 0.607 0.45 0.451 0.505
0.596 0.596 0.487 0.492 0.596 0.466 0.463 0.513
0.595 0.595 0.465 0.509 0.595 0.465 0.461 0.499
0.601 0.601 0.533 0.486 0.601 0.467 0.467 0.533
0.622 0.622 0.5 0.528 0.622 0.433 0.431 0.449
0.593 0.593 0.5 0.511 0.593 0.458 0.455 0.444
0.625 0.624 0.511 0.522 0.625 0.46 0.462 0.441
0.578 0.578 0.465 0.49 0.578 0.474 0.473 0.506
0.602 0.602 0.505 0.519 0.602 0.436 0.43 0.495
0.575 0.574 0.498 0.52 0.575 0.517 0.509 0.573
0.611 0.611 0.514 0.513 0.611 0.449 0.441 0.447
0.581 0.582 0.491 0.505 0.582 0.486 0.48 0.523
0.596 0.596 0.509 0.51 0.596 0.474 0.464 0.492
0.598 0.597 0.511 0.485 0.598 0.465 0.469 0.501
0.614 0.614 0.508 0.488 0.614 0.451 0.447 0.452
0.592 0.592 0.497 0.487 0.592 0.459 0.461 0.464
0.589 0.589 0.509 0.509 0.589 0.465 0.462 0.479
0.596 0.596 0.502 0.532 0.596 0.483 0.469 0.481
0.582 0.581 0.484 0.516 0.582 0.483 0.478 0.482
0.602 0.602 0.514 0.518 0.602 0.495 0.498 0.505
0.569 0.569 0.515 0.493 0.569 0.478 0.471 0.475
0.595 0.595 0.494 0.491 0.595 0.458 0.45 0.469
0.588 0.588 0.511 0.501 0.588 0.493 0.492 0.538
0.574 0.573 0.468 0.5 0.574 0.457 0.453 0.478
0.581 0.581 0.501 0.498 0.582 0.448 0.441 0.461
0.612 0.613 0.482 0.466 0.612 0.449 0.452 0.47
0.598 0.599 0.49 0.514 0.598 0.472 0.474 0.501
0.594 0.594 0.498 0.5 0.594 0.494 0.503 0.509
0.602 0.602 0.51 0.505 0.604 0.465 0.468 0.525
0.601 0.601 0.475 0.508 0.601 0.441 0.441 0.443
0.621 0.621 0.508 0.512 0.621 0.431 0.433 0.419
0.611 0.611 0.494 0.509 0.611 0.439 0.441 0.478
0.581 0.581 0.493 0.484 0.581 0.47 0.458 0.468
0.575 0.575 0.498 0.493 0.575 0.489 0.485 0.481
0.613 0.613 0.531 0.514 0.613 0.445 0.445 0.516
0.594 0.594 0.524 0.501 0.594 0.458 0.441 0.446
0.577 0.577 0.484 0.511 0.577 0.483 0.474 0.485
0.581 0.581 0.496 0.494 0.584 0.467 0.465 0.489
0.612 0.612 0.477 0.493 0.612 0.391 0.396 0.432
0.605 0.605 0.505 0.523 0.605 0.454 0.452 0.453
0.576 0.576 0.481 0.487 0.576 0.461 0.465 0.453
0.587 0.587 0.512 0.5 0.587 0.492 0.492 0.544
0.581 0.581 0.48 0.515 0.581 0.479 0.482 0.49
0.593 0.593 0.536 0.505 0.593 0.43 0.424 0.47
0.597 0.597 0.498 0.495 0.597 0.463 0.459 0.514
0.596 0.596 0.509 0.493 0.594 0.457 0.458 0.5
0.604 0.604 0.506 0.494 0.604 0.449 0.451 0.477
0.591 0.591 0.505 0.499 0.591 0.427 0.425 0.485
0.601 0.601 0.513 0.505 0.601 0.48 0.475 0.493
0.58 0.581 0.497 0.517 0.58 0.444 0.448 0.507
0.591 0.591 0.526 0.509 0.593 0.46 0.459 0.489
0.61 0.61 0.527 0.524 0.61 0.457 0.459 0.455
0.601 0.601 0.516 0.505 0.601 0.456 0.435 0.477
0.587 0.586 0.514 0.522 0.586 0.452 0.456 0.502
0.624 0.624 0.504 0.51 0.624 0.471 0.469 0.527
0.597 0.597 0.523 0.508 0.597 0.517 0.502 0.514
0.598 0.598 0.495 0.515 0.598 0.464 0.447 0.48
0.586 0.586 0.461 0.508 0.586 0.48 0.473 0.485
0.593 0.593 0.492 0.499 0.593 0.467 0.458 0.489
0.572 0.572 0.488 0.51 0.572 0.459 0.459 0.515
0.614 0.614 0.528 0.471 0.614 0.454 0.447 0.457
0.6 0.6 0.476 0.528 0.6 0.468 0.468 0.507
0.604 0.604 0.484 0.508 0.604 0.435 0.434 0.463
0.578 0.578 0.534 0.484 0.578 0.489 0.49 0.498
0.631 0.631 0.463 0.493 0.631 0.452 0.456 0.463
0.611 0.61 0.482 0.48 0.611 0.464 0.469 0.44
0.594 0.594 0.496 0.511 0.594 0.456 0.456 0.498
0.591 0.591 0.503 0.501 0.594 0.449 0.45 0.464
0.602 0.602 0.501 0.516 0.602 0.453 0.456 0.487
0.626 0.626 0.52 0.513 0.626 0.465 0.466 0.461
0.598 0.598 0.507 0.515 0.598 0.471 0.473 0.493
0.601 0.601 0.496 0.506 0.601 0.471 0.472 0.485
0.591 0.59 0.494 0.542 0.591 0.461 0.46 0.478
0.598 0.598 0.545 0.502 0.598 0.454 0.452 0.507
0.617 0.617 0.512 0.506 0.617 0.445 0.43 0.447
0.591 0.591 0.489 0.449 0.591 0.48 0.472 0.467
