0.591 0.591 0.501 0.493 0.591 0.439 0.442 0.577
0.588 0.588 0.508 0.504 0.588 0.493 0.493 0.579
0.589 0.589 0.504 0.518 0.589 0.472 0.476 0.575
0.593 0.593 0.486 0.506 0.593 0.443 0.444 0.594
0.582 0.582 0.496 0.517 0.582 0.45 0.447 0.576
0.586 0.586 0.502 0.485 0.586 0.472 0.472 0.577
0.601 0.601 0.512 0.493 0.601 0.499 0.498 0.598
0.589 0.589 0.525 0.48 0.589 0.473 0.481 0.587
0.61 0.61 0.502 0.489 0.61 0.483 0.477 0.609
0.581 0.581 0.487 0.504 0.581 0.521 0.52 0.591
0.612 0.612 0.458 0.477 0.612 0.426 0.427 0.59
0.595 0.595 0.505 0.497 0.595 0.571 0.568 0.595
0.588 0.588 0.514 0.47 0.588 0.454 0.453 0.556
0.608 0.608 0.504 0.488 0.608 0.444 0.442 0.563
0.632 0.632 0.513 0.468 0.632 0.448 0.449 0.588
0.578 0.578 0.499 0.53 0.578 0.486 0.478 0.578
0.584 0.584 0.511 0.505 0.584 0.517 0.504 0.589
0.573 0.573 0.495 0.515 0.573 0.467 0.467 0.557
0.578 0.578 0.493 0.485 0.578 0.49 0.495 0.593
0.593 0.593 0.491 0.509 0.593 0.516 0.516 0.596
0.61 0.61 0.517 0.488 0.61 0.48 0.48 0.637
0.6 0.6 0.514 0.498 0.6 0.529 0.53 0.609
0.605 0.605 0.489 0.509 0.605 0.449 0.453 0.576
0.578 0.578 0.505 0.495 0.578 0.471 0.466 0.565
0.592 0.592 0.497 0.513 0.592 0.499 0.487 0.576
0.597 0.597 0.49 0.502 0.597 0.48 0.48 0.597
0.616 0.616 0.509 0.531 0.616 0.425 0.419 0.566
0.601 0.601 0.489 0.5 0.601 0.445 0.443 0.525
0.583 0.583 0.492 0.506 0.583 0.457 0.457 0.585
0.603 0.603 0.496 0.508 0.603 0.397 0.398 0.603
0.597 0.597 0.496 0.487 0.597 0.469 0.47 0.598
0.572 0.572 0.479 0.511 0.572 0.524 0.524 0.579
0.577 0.577 0.504 0.485 0.577 0.493 0.493 0.569
0.592 0.592 0.491 0.513 0.592 0.535 0.535 0.588
0.571 0.571 0.497 0.502 0.571 0.516 0.507 0.598
0.616 0.616 0.52 0.511 0.616 0.44 0.447 0.587
0.59 0.59 0.515 0.505 0.59 0.475 0.475 0.612
0.595 0.595 0.506 0.493 0.595 0.49 0.484 0.582
0.577 0.577 0.494 0.511 0.577 0.484 0.483 0.58
0.586 0.586 0.507 0.513 0.586 0.513 0.511 0.585
0.596 0.597 0.499 0.482 0.597 0.453 0.456 0.573
0.619 0.619 0.503 0.509 0.619 0.482 0.478 0.61
0.591 0.591 0.489 0.504 0.591 0.491 0.495 0.598
0.58 0.58 0.522 0.48 0.58 0.492 0.493 0.583
0.596 0.596 0.515 0.497 0.596 0.463 0.456 0.582
0.611 0.611 0.511 0.479 0.611 0.501 0.501 0.612
0.6 0.6 0.493 0.512 0.6 0.436 0.435 0.601
0.612 0.612 0.48 0.488 0.612 0.481 0.481 0.622
0.594 0.594 0.509 0.491 0.594 0.469 0.477 0.599
0.58 0.58 0.483 0.501 0.58 0.457 0.459 0.543
0.616 0.616 0.469 0.474 0.616 0.508 0.507 0.618
0.597 0.597 0.479 0.506 0.597 0.484 0.476 0.58
0.565 0.565 0.51 0.519 0.565 0.479 0.48 0.564
0.604 0.604 0.495 0.551 0.604 0.414 0.412 0.538
0.558 0.558 0.515 0.456 0.558 0.475 0.475 0.551
0.567 0.567 0.52 0.51 0.567 0.469 0.469 0.583
0.596 0.596 0.502 0.495 0.596 0.471 0.47 0.588
0.595 0.595 0.507 0.474 0.595 0.449 0.45 0.593
0.598 0.598 0.466 0.504 0.598 0.434 0.43 0.542
0.605 0.605 0.527 0.504 0.605 0.449 0.448 0.534
0.577 0.577 0.515 0.517 0.577 0.457 0.457 0.582
0.584 0.584 0.508 0.506 0.584 0.472 0.472 0.583
0.576 0.576 0.517 0.474 0.576 0.502 0.497 0.577
0.6 0.6 0.469 0.462 0.6 0.515 0.515 0.604
0.585 0.585 0.492 0.497 0.585 0.455 0.45 0.599
0.565 0.565 0.507 0.467 0.565 0.454 0.455 0.564
0.582 0.582 0.485 0.493 0.582 0.496 0.496 0.588
0.613 0.613 0.477 0.516 0.613 0.495 0.495 0.606
0.588 0.588 0.514 0.479 0.588 0.495 0.499 0.593
0.595 0.595 0.485 0.485 0.595 0.516 0.516 0.611
0.588 0.588 0.483 0.496 0.588 0.468 0.47 0.584
0.602 0.602 0.499 0.476 0.602 0.454 0.454 0.579
0.548 0.548 0.504 0.491 0.548 0.473 0.476 0.546
0.587 0.587 0.493 0.515 0.587 0.491 0.491 0.578
0.608 0.608 0.518 0.487 0.608 0.479 0.479 0.612
0.622 0.622 0.52 0.472 0.622 0.452 0.452 0.597
0.593 0.593 0.504 0.534 0.593 0.485 0.485 0.579
0.627 0.627 0.519 0.518 0.627 0.477 0.474 0.632
0.571 0.571 0.515 0.493 0.571 0.454 0.454 0.584
0.598 0.598 0.507 0.512 0.598 0.486 0.488 0.602
0.622 0.622 0.482 0.479 0.622 0.498 0.496 0.602
0.59 0.59 0.485 0.488 0.59 0.469 0.469 0.595
0.586 0.586 0.513 0.463 0.586 0.477 0.477 0.577
0.593 0.593 0.531 0.503 0.593 0.468 0.464 0.582
0.555 0.555 0.502 0.466 0.555 0.482 0.478 0.561
0.583 0.583 0.508 0.525 0.583 0.472 0.473 0.583
0.611 0.611 0.481 0.502 0.611 0.442 0.443 0.572
0.591 0.591 0.525 0.514 0.591 0.498 0.495 0.594
0.629 0.629 0.508 0.492 0.629 0.457 0.457 0.618
0.579 0.579 0.521 0.507 0.579 0.494 0.492 0.577
0.583 0.583 0.505 0.512 0.583 0.449 0.448 0.525
0.593 0.593 0.495 0.47 0.593 0.479 0.478 0.59
0.592 0.592 0.495 0.477 0.592 0.483 0.473 0.602
0.588 0.588 0.497 0.487 0.588 0.482 0.476 0.577
0.602 0.602 0.496 0.512 0.602 0.503 0.503 0.595
0.588 0.588 0.494 0.473 0.588 0.49 0.487 0.596
0.577 0.577 0.531 0.474 0.577 0.441 0.44 0.549
0.587 0.587 0.513 0.506 0.587 0.487 0.488 0.589
0.618 0.618 0.503 0.506 0.618 0.45 0.45 0.6
0.61 0.61 0.51 0.498 0.61 0.459 0.447 0.587
0.584 0.584 0.517 0.492 0.584 0.475 0.474 0.62
0.581 0.581 0.49 0.509 0.581 0.48 0.479 0.589
0.597 0.597 0.493 0.493 0.597 0.479 0.483 0.601
0.589 0.589 0.513 0.515 0.589 0.531 0.531 0.589
0.588 0.588 0.496 0.497 0.588 0.459 0.46 0.572
0.582 0.582 0.507 0.503 0.582 0.489 0.489 0.586
0.59 0.59 0.496 0.496 0.59 0.458 0.458 0.579
0.593 0.593 0.517 0.505 0.593 0.469 0.465 0.596
0.6 0.6 0.529 0.498 0.6 0.488 0.485 0.592
0.601 0.601 0.504 0.5 0.601 0.477 0.481 0.6
0.603 0.603 0.476 0.519 0.603 0.454 0.457 0.585
0.59 0.59 0.489 0.464 0.59 0.502 0.502 0.596
0.586 0.586 0.521 0.505 0.586 0.5 0.497 0.59
0.603 0.603 0.5 0.487 0.603 0.501 0.501 0.62
0.605 0.605 0.495 0.485 0.605 0.456 0.453 0.583
0.594 0.594 0.492 0.507 0.594 0.499 0.491 0.599
0.61 0.61 0.545 0.508 0.61 0.536 0.532 0.617
0.601 0.601 0.525 0.501 0.601 0.467 0.464 0.585
0.603 0.603 0.513 0.511 0.603 0.46 0.455 0.609
0.597 0.597 0.495 0.504 0.597 0.442 0.444 0.567
0.623 0.623 0.501 0.491 0.623 0.469 0.47 0.6
0.605 0.605 0.512 0.489 0.605 0.469 0.469 0.613
0.6 0.6 0.501 0.511 0.6 0.502 0.502 0.604
0.583 0.583 0.496 0.508 0.583 0.479 0.476 0.595
0.584 0.584 0.513 0.483 0.584 0.493 0.493 0.592
0.63 0.63 0.5 0.484 0.63 0.482 0.477 0.595
0.614 0.614 0.511 0.519 0.614 0.483 0.482 0.614
0.591 0.591 0.507 0.531 0.591 0.467 0.468 0.602
0.619 0.619 0.492 0.478 0.619 0.488 0.482 0.611
0.627 0.627 0.489 0.52 0.627 0.454 0.456 0.61
0.608 0.608 0.527 0.51 0.608 0.5 0.495 0.597
0.592 0.592 0.524 0.496 0.592 0.489 0.494 0.589
0.602 0.602 0.522 0.518 0.602 0.456 0.456 0.618
0.596 0.596 0.527 0.495 0.596 0.468 0.468 0.598
0.594 0.594 0.515 0.493 0.594 0.482 0.484 0.601
0.607 0.607 0.511 0.474 0.607 0.441 0.44 0.571
0.6 0.6 0.458 0.521 0.6 0.495 0.495 0.604
0.602 0.602 0.504 0.456 0.602 0.478 0.478 0.598
0.581 0.581 0.509 0.489 0.581 0.504 0.504 0.588
0.614 0.614 0.494 0.49 0.614 0.457 0.457 0.585
0.602 0.602 0.528 0.509 0.602 0.491 0.492 0.593
0.578 0.578 0.506 0.497 0.578 0.48 0.48 0.575
0.579 0.579 0.502 0.494 0.579 0.466 0.466 0.587
0.59 0.59 0.487 0.506 0.59 0.499 0.496 0.594
0.608 0.608 0.483 0.52 0.608 0.54 0.54 0.609
0.607 0.607 0.533 0.512 0.607 0.507 0.506 0.617
0.593 0.593 0.522 0.521 0.593 0.488 0.488 0.602
0.577 0.577 0.498 0.512 0.577 0.509 0.508 0.583
0.606 0.607 0.508 0.483 0.606 0.46 0.451 0.609
0.575 0.575 0.48 0.497 0.575 0.467 0.47 0.586
0.612 0.612 0.483 0.497 0.612 0.478 0.482 0.61
0.617 0.617 0.512 0.515 0.617 0.446 0.447 0.607
0.585 0.585 0.497 0.487 0.585 0.458 0.458 0.586
0.586 0.586 0.528 0.509 0.586 0.429 0.431 0.561
0.582 0.582 0.514 0.483 0.582 0.458 0.458 0.576
0.594 0.594 0.518 0.507 0.594 0.463 0.465 0.626
0.591 0.591 0.5 0.51 0.591 0.491 0.487 0.609
0.593 0.593 0.497 0.527 0.593 0.463 0.46 0.562
0.625 0.625 0.509 0.504 0.625 0.502 0.502 0.623
0.586 0.586 0.517 0.521 0.586 0.469 0.467 0.596
0.587 0.587 0.467 0.517 0.587 0.501 0.501 0.584
0.598 0.598 0.489 0.487 0.598 0.437 0.435 0.593
0.615 0.615 0.531 0.497 0.615 0.48 0.48 0.616
0.607 0.607 0.507 0.514 0.607 0.513 0.514 0.607
0.592 0.592 0.469 0.474 0.592 0.508 0.506 0.598
0.613 0.613 0.54 0.504 0.613 0.479 0.473 0.581
0.598 0.598 0.5 0.502 0.598 0.471 0.459 0.591
0.58 0.58 0.515 0.518 0.58 0.51 0.518 0.577
0.608 0.608 0.516 0.491 0.608 0.522 0.522 0.606
0.61 0.61 0.513 0.498 0.61 0.505 0.505 0.609
0.62 0.62 0.506 0.516 0.62 0.502 0.502 0.624
0.629 0.629 0.517 0.491 0.629 0.484 0.486 0.619
0.599 0.599 0.482 0.495 0.599 0.477 0.479 0.59
0.59 0.59 0.497 0.505 0.59 0.456 0.45 0.568
0.579 0.579 0.498 0.528 0.579 0.465 0.473 0.579
0.582 0.582 0.503 0.519 0.582 0.466 0.464 0.583
0.625 0.625 0.507 0.53 0.625 0.445 0.449 0.577
0.593 0.593 0.503 0.493 0.593 0.461 0.461 0.611
0.621 0.621 0.495 0.531 0.621 0.462 0.46 0.59
0.571 0.571 0.506 0.49 0.571 0.461 0.463 0.577
0.594 0.594 0.503 0.523 0.594 0.452 0.452 0.582
0.59 0.59 0.506 0.498 0.59 0.446 0.447 0.563
0.595 0.595 0.501 0.488 0.595 0.525 0.524 0.592
0.594 0.594 0.479 0.487 0.594 0.479 0.48 0.601
0.603 0.603 0.484 0.532 0.603 0.463 0.466 0.575
0.612 0.612 0.47 0.51 0.612 0.47 0.482 0.62
0.567 0.567 0.513 0.511 0.567 0.481 0.479 0.61
0.606 0.606 0.5 0.532 0.606 0.458 0.466 0.595
0.586 0.586 0.511 0.496 0.586 0.461 0.462 0.555
0.627 0.627 0.507 0.502 0.627 0.507 0.507 0.624
0.605 0.604 0.528 0.514 0.605 0.444 0.448 0.595
0.598 0.598 0.488 0.506 0.598 0.485 0.487 0.589
0.586 0.586 0.499 0.533 0.586 0.479 0.479 0.589
0.581 0.581 0.485 0.519 0.581 0.484 0.478 0.584
0.619 0.619 0.497 0.52 0.619 0.432 0.432 0.573
0.603 0.603 0.507 0.476 0.603 0.447 0.442 0.567
0.608 0.608 0.502 0.479 0.608 0.447 0.454 0.595
0.609 0.609 0.51 0.484 0.609 0.52 0.52 0.612
0.611 0.611 0.499 0.482 0.611 0.47 0.47 0.607
0.602 0.602 0.506 0.514 0.602 0.453 0.452 0.604
0.611 0.611 0.478 0.475 0.611 0.43 0.429 0.581
0.619 0.619 0.504 0.494 0.619 0.498 0.498 0.607
0.599 0.599 0.493 0.501 0.599 0.478 0.478 0.575
0.594 0.594 0.495 0.478 0.594 0.494 0.497 0.588
0.614 0.614 0.483 0.481 0.614 0.488 0.488 0.624
0.606 0.606 0.485 0.501 0.606 0.511 0.511 0.604
0.618 0.618 0.483 0.475 0.618 0.474 0.474 0.612
0.606 0.606 0.52 0.501 0.606 0.464 0.472 0.591
0.592 0.592 0.461 0.475 0.592 0.486 0.486 0.588
0.588 0.588 0.515 0.48 0.588 0.418 0.423 0.555
0.586 0.586 0.524 0.491 0.586 0.515 0.521 0.59
0.615 0.615 0.504 0.507 0.615 0.494 0.494 0.61
0.593 0.593 0.491 0.496 0.593 0.475 0.474 0.577
0.625 0.625 0.49 0.515 0.625 0.471 0.472 0.616
0.61 0.61 0.529 0.495 0.61 0.458 0.455 0.566
0.623 0.623 0.458 0.533 0.623 0.444 0.441 0.598
0.587 0.587 0.488 0.512 0.587 0.511 0.511 0.584
0.6 0.6 0.502 0.502 0.6 0.468 0.468 0.592
0.605 0.605 0.498 0.511 0.605 0.456 0.456 0.601
0.607 0.607 0.489 0.524 0.607 0.489 0.485 0.6
0.583 0.583 0.523 0.507 0.583 0.475 0.475 0.583
0.598 0.598 0.512 0.509 0.598 0.488 0.488 0.594
0.635 0.635 0.514 0.474 0.635 0.444 0.439 0.607
0.581 0.581 0.496 0.507 0.581 0.455 0.442 0.582
0.613 0.613 0.531 0.512 0.613 0.442 0.442 0.615
0.593 0.593 0.513 0.49 0.593 0.482 0.486 0.581
0.596 0.596 0.496 0.5 0.596 0.458 0.458 0.597
0.576 0.576 0.544 0.543 0.576 0.51 0.509 0.592
0.599 0.599 0.503 0.476 0.599 0.497 0.497 0.601
0.599 0.599 0.474 0.522 0.599 0.463 0.462 0.604
0.599 0.599 0.502 0.485 0.599 0.457 0.455 0.584
0.59 0.59 0.52 0.487 0.59 0.482 0.477 0.576
0.598 0.598 0.5 0.501 0.598 0.502 0.5 0.598
0.595 0.595 0.51 0.478 0.595 0.503 0.495 0.601
0.596 0.596 0.498 0.527 0.596 0.458 0.455 0.58
0.615 0.615 0.503 0.508 0.615 0.515 0.514 0.603
0.65 0.65 0.47 0.477 0.65 0.427 0.427 0.64
0.603 0.603 0.5 0.479 0.603 0.464 0.457 0.585
0.603 0.603 0.502 0.471 0.603 0.473 0.471 0.604
0.588 0.588 0.503 0.497 0.588 0.504 0.509 0.6
0.598 0.598 0.523 0.494 0.598 0.501 0.501 0.606
0.601 0.601 0.499 0.509 0.601 0.463 0.456 0.607
0.61 0.61 0.47 0.491 0.61 0.433 0.429 0.546
0.616 0.616 0.521 0.498 0.616 0.507 0.507 0.618
0.604 0.604 0.494 0.501 0.604 0.466 0.462 0.574
0.578 0.578 0.509 0.506 0.578 0.499 0.499 0.578
0.59 0.59 0.494 0.518 0.59 0.494 0.494 0.593
0.593 0.593 0.506 0.509 0.593 0.454 0.454 0.595
0.618 0.618 0.492 0.512 0.618 0.456 0.457 0.605
0.616 0.616 0.518 0.505 0.616 0.48 0.48 0.629
0.601 0.601 0.49 0.487 0.601 0.519 0.516 0.607
0.604 0.604 0.501 0.507 0.604 0.457 0.453 0.584
0.594 0.595 0.538 0.502 0.595 0.506 0.506 0.602
0.572 0.572 0.484 0.527 0.572 0.504 0.504 0.577
0.598 0.598 0.493 0.499 0.598 0.513 0.51 0.593
0.58 0.58 0.5 0.472 0.58 0.472 0.472 0.586
0.61 0.61 0.497 0.506 0.61 0.508 0.508 0.601
0.589 0.589 0.505 0.509 0.589 0.5 0.494 0.6
0.595 0.595 0.499 0.501 0.594 0.447 0.447 0.605
0.595 0.595 0.521 0.519 0.595 0.472 0.472 0.592
0.6 0.6 0.506 0.486 0.6 0.497 0.497 0.592
0.605 0.605 0.509 0.521 0.605 0.468 0.471 0.59
0.588 0.588 0.505 0.504 0.588 0.47 0.47 0.604
0.623 0.623 0.534 0.49 0.623 0.45 0.45 0.617
0.61 0.61 0.507 0.51 0.61 0.426 0.42 0.559
0.597 0.597 0.504 0.485 0.597 0.487 0.487 0.581
0.609 0.609 0.467 0.491 0.609 0.474 0.474 0.614
0.585 0.585 0.524 0.513 0.585 0.478 0.473 0.593
0.588 0.588 0.485 0.512 0.588 0.496 0.498 0.591
0.569 0.569 0.514 0.48 0.569 0.46 0.464 0.56
0.591 0.591 0.526 0.493 0.591 0.495 0.503 0.587
0.613 0.613 0.516 0.5 0.613 0.514 0.517 0.615
0.575 0.575 0.483 0.49 0.575 0.488 0.485 0.588
0.596 0.596 0.501 0.524 0.596 0.46 0.462 0.599
0.598 0.598 0.51 0.505 0.598 0.473 0.478 0.616
0.619 0.619 0.499 0.495 0.619 0.512 0.511 0.628
0.613 0.613 0.513 0.525 0.613 0.463 0.461 0.623
0.582 0.582 0.502 0.488 0.582 0.497 0.493 0.577
0.58 0.58 0.474 0.496 0.58 0.466 0.466 0.589
0.616 0.616 0.516 0.49 0.616 0.441 0.444 0.568
0.613 0.613 0.504 0.501 0.613 0.459 0.453 0.573
0.59 0.59 0.482 0.491 0.59 0.45 0.448 0.571
0.591 0.591 0.525 0.499 0.591 0.464 0.46 0.589
0.607 0.607 0.537 0.492 0.607 0.484 0.483 0.576
0.585 0.584 0.506 0.513 0.585 0.46 0.46 0.572
0.585 0.585 0.485 0.472 0.585 0.516 0.515 0.592
0.597 0.597 0.493 0.537 0.597 0.492 0.491 0.603
0.607 0.607 0.466 0.499 0.607 0.484 0.484 0.611
0.6 0.6 0.513 0.473 0.6 0.486 0.488 0.605
0.589 0.589 0.49 0.474 0.589 0.454 0.455 0.583
0.582 0.582 0.52 0.499 0.582 0.479 0.479 0.595
0.609 0.609 0.493 0.493 0.609 0.468 0.468 0.583
0.595 0.596 0.51 0.481 0.595 0.425 0.422 0.55
0.593 0.593 0.496 0.514 0.593 0.448 0.454 0.584
0.597 0.598 0.506 0.485 0.597 0.446 0.446 0.604
0.575 0.575 0.457 0.526 0.575 0.512 0.511 0.596
0.588 0.588 0.508 0.49 0.588 0.529 0.529 0.586
0.602 0.602 0.511 0.482 0.602 0.446 0.45 0.597
0.595 0.595 0.495 0.497 0.595 0.488 0.495 0.596
0.612 0.612 0.502 0.478 0.612 0.486 0.489 0.592
0.587 0.587 0.494 0.488 0.587 0.452 0.453 0.559
0.612 0.612 0.472 0.485 0.612 0.476 0.471 0.607
0.61 0.61 0.485 0.498 0.61 0.515 0.515 0.614
0.572 0.572 0.533 0.504 0.572 0.468 0.469 0.594
0.603 0.603 0.494 0.499 0.603 0.447 0.445 0.555
0.591 0.591 0.487 0.49 0.591 0.531 0.531 0.589
0.573 0.575 0.512 0.503 0.573 0.456 0.453 0.565
0.592 0.592 0.538 0.509 0.592 0.471 0.468 0.605
0.586 0.586 0.502 0.504 0.586 0.473 0.473 0.594
0.599 0.599 0.521 0.484 0.599 0.467 0.469 0.579
0.588 0.588 0.506 0.512 0.588 0.523 0.517 0.598
0.577 0.577 0.49 0.483 0.577 0.494 0.494 0.574
0.616 0.616 0.512 0.501 0.616 0.494 0.491 0.613
0.589 0.589 0.48 0.523 0.589 0.499 0.499 0.602
0.569 0.569 0.489 0.483 0.569 0.466 0.473 0.548
0.595 0.595 0.487 0.516 0.595 0.477 0.477 0.603
0.607 0.607 0.482 0.509 0.607 0.548 0.548 0.607
0.593 0.593 0.498 0.497 0.593 0.49 0.498 0.605
0.601 0.601 0.506 0.477 0.601 0.455 0.458 0.582
0.6 0.6 0.518 0.492 0.6 0.45 0.451 0.595
0.605 0.605 0.485 0.497 0.605 0.505 0.504 0.614
0.588 0.588 0.483 0.512 0.588 0.493 0.486 0.582
0.624 0.624 0.517 0.496 0.624 0.437 0.441 0.542
0.61 0.61 0.53 0.528 0.61 0.478 0.477 0.598
0.609 0.609 0.496 0.492 0.609 0.495 0.495 0.619
0.566 0.566 0.513 0.513 0.566 0.475 0.481 0.558
0.608 0.608 0.495 0.512 0.608 0.44 0.436 0.566
0.615 0.615 0.51 0.514 0.615 0.464 0.461 0.603
0.593 0.593 0.476 0.48 0.593 0.499 0.504 0.579
0.594 0.594 0.494 0.494 0.594 0.474 0.473 0.583
0.568 0.568 0.512 0.499 0.568 0.452 0.449 0.547
0.578 0.578 0.505 0.517 0.578 0.464 0.468 0.56
0.604 0.604 0.498 0.51 0.604 0.435 0.437 0.614
0.605 0.605 0.503 0.478 0.605 0.439 0.438 0.6
0.581 0.581 0.507 0.498 0.581 0.454 0.459 0.589
0.612 0.612 0.513 0.515 0.612 0.46 0.458 0.6
0.609 0.609 0.507 0.499 0.609 0.484 0.479 0.621
0.585 0.585 0.504 0.488 0.585 0.458 0.458 0.577
0.612 0.612 0.474 0.486 0.612 0.446 0.44 0.548
0.622 0.622 0.483 0.54 0.622 0.5 0.504 0.626
0.621 0.621 0.491 0.484 0.621 0.478 0.472 0.597
0.59 0.59 0.516 0.482 0.59 0.473 0.473 0.592
0.592 0.592 0.532 0.494 0.592 0.476 0.473 0.589
0.596 0.596 0.505 0.499 0.596 0.489 0.491 0.599
0.591 0.591 0.508 0.528 0.591 0.463 0.459 0.587
0.591 0.591 0.484 0.497 0.591 0.509 0.509 0.591
0.596 0.596 0.499 0.538 0.596 0.508 0.506 0.601
0.618 0.618 0.498 0.505 0.618 0.518 0.519 0.623
0.598 0.598 0.509 0.515 0.598 0.442 0.439 0.598
0.601 0.601 0.501 0.508 0.601 0.49 0.487 0.599
0.597 0.597 0.504 0.491 0.597 0.477 0.472 0.604
0.589 0.589 0.491 0.504 0.589 0.473 0.471 0.573
0.581 0.581 0.483 0.502 0.581 0.485 0.486 0.587
0.612 0.612 0.491 0.5 0.612 0.443 0.45 0.588
0.61 0.61 0.507 0.501 0.61 0.468 0.476 0.591
0.629 0.629 0.511 0.493 0.629 0.452 0.452 0.625
0.592 0.592 0.479 0.498 0.592 0.499 0.504 0.612
0.597 0.597 0.53 0.512 0.597 0.492 0.492 0.595
0.616 0.616 0.475 0.498 0.616 0.499 0.501 0.602
0.606 0.606 0.526 0.479 0.606 0.5 0.499 0.589
0.597 0.597 0.508 0.478 0.597 0.455 0.453 0.602
0.602 0.602 0.53 0.508 0.602 0.507 0.507 0.602
0.599 0.599 0.521 0.515 0.599 0.519 0.519 0.6
0.595 0.595 0.516 0.498 0.595 0.469 0.467 0.584
0.589 0.589 0.488 0.49 0.589 0.473 0.473 0.59
0.622 0.622 0.489 0.52 0.622 0.456 0.461 0.589
0.591 0.591 0.491 0.513 0.591 0.456 0.456 0.572
0.598 0.598 0.517 0.484 0.598 0.5 0.5 0.599
0.614 0.614 0.49 0.486 0.614 0.473 0.473 0.603
0.596 0.596 0.496 0.498 0.596 0.473 0.473 0.599
0.594 0.594 0.496 0.536 0.594 0.483 0.485 0.607
0.619 0.619 0.504 0.518 0.619 0.466 0.469 0.614
0.604 0.604 0.513 0.52 0.604 0.479 0.477 0.596
0.604 0.604 0.499 0.49 0.604 0.478 0.479 0.576
0.594 0.594 0.459 0.511 0.594 0.451 0.449 0.59
0.557 0.557 0.518 0.482 0.557 0.471 0.469 0.557
0.603 0.603 0.506 0.498 0.603 0.439 0.438 0.584
0.615 0.615 0.508 0.533 0.615 0.503 0.503 0.614
0.605 0.605 0.499 0.485 0.605 0.474 0.475 0.596
0.625 0.625 0.515 0.509 0.625 0.458 0.466 0.609
0.617 0.617 0.487 0.472 0.617 0.448 0.441 0.581
0.609 0.609 0.497 0.507 0.609 0.448 0.443 0.581
0.617 0.617 0.486 0.491 0.617 0.478 0.478 0.599
0.618 0.618 0.466 0.509 0.618 0.502 0.502 0.624
0.625 0.625 0.514 0.501 0.625 0.465 0.466 0.619
0.589 0.589 0.505 0.523 0.589 0.47 0.471 0.575
0.611 0.611 0.514 0.483 0.611 0.486 0.493 0.576
0.582 0.582 0.517 0.504 0.582 0.489 0.488 0.575
0.586 0.585 0.526 0.52 0.586 0.47 0.463 0.595
0.587 0.587 0.492 0.501 0.587 0.499 0.501 0.587
0.596 0.596 0.489 0.518 0.596 0.465 0.463 0.592
0.584 0.584 0.494 0.499 0.584 0.476 0.481 0.583
0.611 0.611 0.506 0.503 0.611 0.461 0.458 0.589
0.593 0.593 0.459 0.502 0.593 0.469 0.481 0.623
0.586 0.586 0.51 0.484 0.586 0.501 0.503 0.581
0.593 0.593 0.504 0.471 0.593 0.462 0.462 0.579
0.63 0.63 0.505 0.52 0.63 0.476 0.476 0.63
0.612 0.612 0.506 0.516 0.612 0.476 0.479 0.606
0.582 0.582 0.528 0.49 0.582 0.483 0.479 0.601
0.611 0.611 0.479 0.509 0.611 0.49 0.491 0.611
0.583 0.583 0.513 0.511 0.583 0.483 0.483 0.588
0.606 0.606 0.517 0.5 0.606 0.513 0.51 0.596
0.577 0.577 0.456 0.507 0.578 0.511 0.512 0.607
0.597 0.597 0.496 0.512 0.597 0.454 0.456 0.575
0.61 0.61 0.523 0.513 0.61 0.453 0.452 0.576
0.571 0.571 0.502 0.525 0.571 0.484 0.482 0.542
0.584 0.584 0.502 0.513 0.584 0.441 0.444 0.576
0.597 0.597 0.508 0.471 0.597 0.484 0.487 0.599
0.601 0.601 0.514 0.508 0.601 0.464 0.46 0.608
0.571 0.571 0.51 0.525 0.571 0.524 0.519 0.572
0.587 0.587 0.52 0.516 0.587 0.498 0.497 0.59
0.598 0.598 0.495 0.493 0.598 0.435 0.431 0.591
0.586 0.586 0.495 0.48 0.586 0.42 0.426 0.543
0.613 0.613 0.521 0.504 0.613 0.452 0.447 0.551
0.595 0.595 0.503 0.505 0.595 0.513 0.513 0.593
0.588 0.588 0.498 0.507 0.588 0.503 0.503 0.586
0.612 0.612 0.506 0.52 0.612 0.464 0.463 0.608
0.602 0.602 0.467 0.489 0.602 0.479 0.479 0.592
0.611 0.611 0.48 0.488 0.611 0.444 0.44 0.586
0.584 0.584 0.523 0.501 0.584 0.493 0.488 0.575
0.612 0.612 0.492 0.49 0.612 0.466 0.461 0.57
0.599 0.599 0.528 0.521 0.599 0.46 0.46 0.611
0.603 0.603 0.45 0.527 0.603 0.5 0.5 0.612
0.621 0.621 0.512 0.529 0.621 0.446 0.435 0.617
0.601 0.601 0.498 0.508 0.601 0.47 0.471 0.595
0.604 0.604 0.512 0.502 0.604 0.507 0.508 0.608
0.616 0.616 0.475 0.505 0.616 0.468 0.468 0.618
0.6 0.6 0.491 0.497 0.6 0.49 0.487 0.581
0.605 0.605 0.51 0.478 0.605 0.506 0.506 0.606
0.606 0.606 0.485 0.501 0.606 0.498 0.492 0.603
0.597 0.597 0.522 0.492 0.597 0.499 0.499 0.591
0.578 0.578 0.452 0.496 0.578 0.501 0.501 0.581
0.598 0.598 0.516 0.456 0.598 0.512 0.512 0.598
0.58 0.58 0.474 0.492 0.58 0.485 0.476 0.579
0.605 0.605 0.501 0.5 0.605 0.483 0.483 0.602
0.597 0.597 0.487 0.495 0.597 0.487 0.48 0.601
0.595 0.595 0.482 0.503 0.595 0.502 0.496 0.605
0.585 0.585 0.495 0.498 0.585 0.477 0.471 0.609
0.593 0.593 0.497 0.49 0.593 0.489 0.489 0.596
0.609 0.609 0.505 0.529 0.609 0.493 0.484 0.606
0.575 0.575 0.502 0.537 0.575 0.457 0.453 0.58
0.607 0.607 0.504 0.5 0.607 0.444 0.449 0.6
0.588 0.588 0.475 0.489 0.588 0.499 0.505 0.577
0.582 0.582 0.502 0.501 0.582 0.455 0.449 0.59
0.588 0.588 0.518 0.515 0.588 0.465 0.467 0.582
0.588 0.588 0.505 0.483 0.588 0.492 0.492 0.583
0.602 0.602 0.491 0.526 0.602 0.421 0.419 0.586
0.604 0.604 0.5 0.52 0.604 0.469 0.468 0.598
0.582 0.582 0.503 0.516 0.582 0.464 0.464 0.581
0.617 0.617 0.515 0.501 0.617 0.461 0.46 0.624
0.603 0.603 0.504 0.515 0.603 0.444 0.445 0.541
0.604 0.604 0.498 0.512 0.604 0.475 0.468 0.584
0.571 0.571 0.502 0.5 0.571 0.455 0.463 0.574
0.624 0.624 0.496 0.482 0.624 0.47 0.469 0.609
0.603 0.604 0.482 0.513 0.603 0.469 0.466 0.607
0.609 0.609 0.497 0.501 0.609 0.482 0.488 0.611
0.582 0.582 0.509 0.491 0.582 0.472 0.473 0.582
0.585 0.585 0.505 0.463 0.585 0.481 0.482 0.6
0.604 0.604 0.516 0.469 0.604 0.452 0.451 0.579
0.605 0.605 0.519 0.522 0.605 0.468 0.465 0.572
0.59 0.59 0.507 0.504 0.59 0.473 0.47 0.599
0.546 0.546 0.474 0.482 0.546 0.506 0.511 0.538
0.587 0.587 0.499 0.483 0.587 0.471 0.465 0.577
0.578 0.578 0.524 0.491 0.578 0.498 0.501 0.591
0.613 0.613 0.514 0.526 0.613 0.429 0.425 0.599
0.588 0.588 0.519 0.519 0.588 0.463 0.464 0.588
0.612 0.612 0.485 0.514 0.612 0.489 0.489 0.613
0.615 0.615 0.482 0.527 0.615 0.491 0.493 0.61
0.58 0.58 0.475 0.514 0.58 0.484 0.488 0.576
0.626 0.626 0.469 0.488 0.626 0.503 0.496 0.639
0.619 0.619 0.512 0.501 0.619 0.476 0.476 0.616
0.607 0.607 0.507 0.507 0.607 0.503 0.503 0.613
0.563 0.563 0.518 0.501 0.563 0.501 0.501 0.564
0.609 0.609 0.49 0.517 0.609 0.435 0.44 0.616
0.602 0.602 0.494 0.512 0.602 0.523 0.523 0.607
0.594 0.594 0.475 0.493 0.594 0.489 0.489 0.611
0.61 0.61 0.492 0.486 0.61 0.453 0.452 0.599
0.58 0.58 0.504 0.497 0.58 0.517 0.518 0.578
0.599 0.599 0.508 0.511 0.599 0.492 0.492 0.593
0.584 0.584 0.526 0.524 0.584 0.491 0.499 0.583
0.609 0.609 0.493 0.475 0.609 0.493 0.493 0.604
0.598 0.598 0.519 0.461 0.598 0.515 0.515 0.601
0.624 0.624 0.482 0.504 0.624 0.489 0.48 0.621
0.58 0.58 0.494 0.474 0.58 0.506 0.506 0.578
0.624 0.624 0.497 0.497 0.624 0.521 0.521 0.63
0.592 0.592 0.506 0.512 0.592 0.506 0.508 0.591
0.6 0.6 0.486 0.481 0.6 0.448 0.439 0.557
0.598 0.598 0.472 0.498 0.598 0.467 0.471 0.598
0.617 0.617 0.48 0.499 0.617 0.467 0.46 0.605
0.607 0.607 0.502 0.493 0.607 0.495 0.496 0.601
0.571 0.571 0.501 0.49 0.571 0.451 0.449 0.553
0.59 0.59 0.508 0.489 0.59 0.478 0.478 0.586
0.588 0.588 0.501 0.491 0.588 0.472 0.469 0.602
0.591 0.591 0.481 0.504 0.591 0.498 0.491 0.59
0.612 0.612 0.53 0.486 0.612 0.501 0.501 0.61
0.588 0.588 0.476 0.49 0.588 0.479 0.482 0.589
0.593 0.593 0.486 0.509 0.593 0.502 0.502 0.593
0.595 0.595 0.493 0.497 0.595 0.466 0.471 0.592
0.599 0.599 0.491 0.517 0.599 0.502 0.504 0.598
0.589 0.589 0.508 0.508 0.589 0.465 0.467 0.57
0.6 0.6 0.496 0.519 0.6 0.481 0.485 0.593
0.597 0.597 0.505 0.504 0.597 0.469 0.469 0.593
0.613 0.613 0.499 0.507 0.613 0.476 0.47 0.579
0.604 0.604 0.5 0.481 0.604 0.501 0.501 0.605
0.598 0.598 0.502 0.505 0.598 0.482 0.472 0.6
0.64 0.64 0.497 0.49 0.64 0.518 0.52 0.633
0.572 0.572 0.498 0.479 0.572 0.465 0.457 0.575
0.59 0.59 0.48 0.473 0.59 0.49 0.49 0.577
0.603 0.603 0.495 0.53 0.603 0.453 0.455 0.583
0.569 0.569 0.524 0.482 0.569 0.491 0.487 0.584
0.586 0.586 0.501 0.519 0.586 0.514 0.514 0.588
0.62 0.62 0.497 0.503 0.62 0.5 0.5 0.626
0.593 0.593 0.489 0.533 0.593 0.468 0.471 0.601
0.609 0.609 0.514 0.477 0.609 0.423 0.427 0.555
0.6 0.6 0.509 0.505 0.6 0.474 0.472 0.613
0.597 0.597 0.486 0.497 0.597 0.475 0.475 0.602
0.614 0.614 0.51 0.51 0.614 0.435 0.436 0.596
0.629 0.629 0.51 0.471 0.629 0.532 0.532 0.63
0.588 0.588 0.502 0.505 0.588 0.447 0.453 0.588
0.605 0.605 0.512 0.483 0.605 0.511 0.511 0.607
0.577 0.577 0.5 0.502 0.577 0.484 0.483 0.588
0.576 0.576 0.482 0.521 0.576 0.529 0.53 0.572
0.585 0.585 0.5 0.511 0.585 0.467 0.467 0.576
0.602 0.602 0.503 0.492 0.602 0.476 0.472 0.579
0.572 0.572 0.486 0.487 0.572 0.449 0.452 0.547
0.593 0.593 0.477 0.498 0.593 0.467 0.459 0.559
0.601 0.601 0.512 0.5 0.601 0.434 0.426 0.586
0.587 0.587 0.472 0.5 0.587 0.478 0.477 0.589
0.603 0.603 0.52 0.534 0.603 0.534 0.534 0.601
0.622 0.622 0.481 0.489 0.622 0.508 0.508 0.615
0.595 0.595 0.505 0.479 0.595 0.429 0.426 0.593
0.59 0.59 0.502 0.544 0.59 0.496 0.498 0.616
0.579 0.579 0.504 0.504 0.579 0.516 0.513 0.594
0.569 0.569 0.513 0.508 0.569 0.504 0.504 0.579
0.618 0.618 0.49 0.501 0.618 0.453 0.446 0.589
0.577 0.577 0.508 0.461 0.577 0.515 0.515 0.579
0.59 0.59 0.514 0.461 0.59 0.53 0.529 0.598
0.591 0.591 0.512 0.527 0.591 0.489 0.489 0.594
0.607 0.607 0.492 0.5 0.607 0.47 0.469 0.607
0.587 0.587 0.475 0.494 0.587 0.481 0.481 0.584
0.601 0.601 0.489 0.479 0.601 0.464 0.47 0.595
0.613 0.613 0.49 0.508 0.613 0.514 0.506 0.616
0.595 0.595 0.489 0.494 0.595 0.448 0.45 0.59
0.605 0.605 0.505 0.508 0.605 0.459 0.452 0.598
0.596 0.596 0.528 0.48 0.596 0.482 0.486 0.603
0.624 0.624 0.5 0.507 0.624 0.506 0.508 0.617
0.606 0.606 0.492 0.458 0.606 0.461 0.46 0.59
0.607 0.607 0.484 0.498 0.607 0.522 0.522 0.614
0.615 0.615 0.497 0.519 0.615 0.487 0.478 0.597
0.608 0.608 0.502 0.513 0.608 0.472 0.467 0.606
0.603 0.603 0.528 0.479 0.603 0.46 0.46 0.63
0.591 0.591 0.509 0.465 0.591 0.454 0.454 0.588
0.613 0.613 0.482 0.496 0.613 0.493 0.493 0.607
0.583 0.583 0.447 0.499 0.583 0.484 0.485 0.595
0.585 0.585 0.531 0.503 0.585 0.478 0.484 0.573
0.594 0.594 0.503 0.501 0.594 0.469 0.467 0.588
0.584 0.584 0.509 0.501 0.584 0.491 0.491 0.586
0.606 0.606 0.497 0.49 0.606 0.441 0.447 0.588
0.616 0.616 0.517 0.472 0.616 0.501 0.501 0.62
0.585 0.585 0.511 0.507 0.585 0.449 0.449 0.589
0.604 0.604 0.501 0.503 0.604 0.479 0.483 0.619
0.59 0.591 0.499 0.521 0.59 0.449 0.453 0.591
0.611 0.611 0.498 0.473 0.611 0.448 0.462 0.59
0.613 0.613 0.492 0.496 0.613 0.456 0.456 0.609
0.595 0.595 0.467 0.501 0.595 0.488 0.49 0.604
0.59 0.59 0.516 0.486 0.59 0.476 0.488 0.591
0.579 0.579 0.487 0.473 0.579 0.51 0.51 0.583
0.562 0.562 0.497 0.506 0.562 0.509 0.515 0.575
0.591 0.591 0.484 0.501 0.591 0.459 0.459 0.59
0.612 0.612 0.509 0.522 0.612 0.466 0.466 0.599
0.587 0.588 0.517 0.482 0.587 0.489 0.486 0.593
0.595 0.595 0.522 0.503 0.595 0.485 0.485 0.588
0.589 0.589 0.498 0.526 0.589 0.483 0.482 0.583
0.616 0.616 0.517 0.509 0.616 0.448 0.444 0.566
0.593 0.593 0.511 0.502 0.593 0.484 0.484 0.596
0.608 0.608 0.504 0.506 0.608 0.506 0.505 0.605
0.593 0.593 0.496 0.484 0.593 0.501 0.499 0.593
0.579 0.579 0.49 0.509 0.579 0.48 0.481 0.57
0.594 0.594 0.513 0.505 0.594 0.482 0.48 0.588
0.596 0.596 0.468 0.481 0.596 0.473 0.473 0.554
0.608 0.608 0.481 0.495 0.608 0.475 0.485 0.597
0.643 0.643 0.506 0.487 0.643 0.477 0.478 0.64
0.601 0.601 0.483 0.484 0.601 0.474 0.474 0.601
0.627 0.627 0.519 0.491 0.627 0.48 0.477 0.606
0.615 0.615 0.51 0.535 0.615 0.419 0.417 0.573
0.592 0.592 0.529 0.482 0.592 0.47 0.471 0.55
0.597 0.597 0.485 0.489 0.597 0.467 0.467 0.586
0.612 0.612 0.512 0.509 0.612 0.514 0.514 0.612
0.601 0.601 0.491 0.449 0.601 0.492 0.494 0.612
0.582 0.583 0.488 0.453 0.582 0.467 0.468 0.594
0.578 0.578 0.5 0.481 0.578 0.515 0.511 0.586
0.603 0.603 0.511 0.485 0.603 0.452 0.45 0.605
0.592 0.592 0.507 0.499 0.592 0.456 0.456 0.58
0.582 0.582 0.501 0.518 0.582 0.499 0.499 0.584
0.568 0.568 0.497 0.488 0.568 0.472 0.473 0.561
0.594 0.594 0.476 0.511 0.594 0.44 0.433 0.549
0.586 0.586 0.503 0.489 0.586 0.466 0.469 0.587
0.588 0.588 0.502 0.489 0.588 0.496 0.496 0.599
0.601 0.601 0.5 0.492 0.601 0.468 0.469 0.579
0.59 0.59 0.52 0.485 0.59 0.449 0.454 0.578
0.58 0.58 0.487 0.487 0.58 0.468 0.472 0.596
0.606 0.606 0.493 0.487 0.606 0.456 0.457 0.586
0.573 0.573 0.486 0.488 0.573 0.462 0.463 0.584
0.585 0.585 0.482 0.515 0.585 0.438 0.433 0.536
0.581 0.581 0.49 0.536 0.581 0.454 0.454 0.596
0.599 0.599 0.485 0.506 0.599 0.502 0.503 0.595
0.593 0.593 0.509 0.504 0.593 0.513 0.511 0.59
0.579 0.579 0.504 0.496 0.579 0.508 0.508 0.598
0.595 0.595 0.5 0.492 0.595 0.509 0.508 0.613
0.615 0.615 0.5 0.504 0.615 0.52 0.52 0.622
0.581 0.581 0.502 0.479 0.581 0.471 0.471 0.593
0.582 0.582 0.512 0.5 0.582 0.473 0.473 0.58
0.596 0.596 0.509 0.507 0.596 0.471 0.473 0.573
0.586 0.586 0.502 0.509 0.586 0.515 0.515 0.586
0.594 0.594 0.482 0.518 0.594 0.465 0.465 0.565
0.582 0.582 0.493 0.527 0.582 0.486 0.486 0.581
0.634 0.634 0.467 0.483 0.634 0.456 0.455 0.631
0.595 0.595 0.514 0.498 0.595 0.49 0.494 0.59
0.596 0.596 0.496 0.487 0.596 0.484 0.483 0.582
0.59 0.59 0.515 0.519 0.59 0.473 0.476 0.606
0.592 0.592 0.528 0.503 0.592 0.432 0.429 0.536
0.588 0.588 0.497 0.517 0.588 0.485 0.483 0.603
0.594 0.594 0.508 0.475 0.594 0.479 0.471 0.58
0.6 0.6 0.486 0.507 0.6 0.532 0.531 0.601
0.606 0.604 0.531 0.494 0.606 0.463 0.465 0.608
0.617 0.617 0.499 0.505 0.617 0.472 0.466 0.611
0.582 0.582 0.507 0.494 0.582 0.451 0.449 0.552
0.612 0.612 0.49 0.509 0.612 0.45 0.45 0.606
0.617 0.617 0.491 0.533 0.617 0.471 0.482 0.627
0.597 0.597 0.483 0.486 0.597 0.481 0.477 0.597
0.617 0.617 0.512 0.513 0.617 0.468 0.462 0.594
0.62 0.62 0.499 0.5 0.62 0.462 0.459 0.57
0.608 0.607 0.451 0.513 0.608 0.479 0.476 0.613
0.599 0.599 0.488 0.489 0.599 0.501 0.501 0.602
0.603 0.604 0.479 0.513 0.603 0.494 0.494 0.606
0.594 0.594 0.51 0.491 0.594 0.497 0.493 0.599
0.608 0.608 0.507 0.508 0.608 0.475 0.475 0.616
0.591 0.591 0.515 0.479 0.591 0.48 0.476 0.606
0.596 0.596 0.521 0.496 0.596 0.503 0.503 0.6
0.609 0.609 0.5 0.482 0.609 0.443 0.443 0.604
0.605 0.605 0.488 0.5 0.605 0.483 0.484 0.616
0.592 0.592 0.515 0.521 0.592 0.468 0.471 0.557
0.62 0.62 0.497 0.488 0.62 0.456 0.459 0.618
0.574 0.574 0.53 0.485 0.574 0.503 0.503 0.575
0.608 0.608 0.503 0.471 0.608 0.479 0.471 0.609
0.602 0.602 0.495 0.483 0.602 0.423 0.423 0.568
0.612 0.612 0.479 0.507 0.612 0.488 0.488 0.607
0.62 0.62 0.515 0.529 0.62 0.479 0.479 0.624
0.605 0.605 0.508 0.481 0.605 0.449 0.449 0.601
0.574 0.574 0.504 0.481 0.574 0.509 0.51 0.574
0.584 0.584 0.47 0.524 0.584 0.54 0.54 0.585
0.581 0.581 0.501 0.514 0.581 0.456 0.452 0.571
0.594 0.594 0.498 0.504 0.594 0.444 0.441 0.563
0.586 0.586 0.519 0.493 0.586 0.477 0.481 0.6
0.599 0.599 0.489 0.513 0.599 0.508 0.508 0.599
0.61 0.61 0.501 0.506 0.61 0.486 0.488 0.613
0.6 0.6 0.474 0.476 0.6 0.479 0.475 0.592
0.62 0.62 0.494 0.491 0.62 0.428 0.424 0.572
0.611 0.611 0.449 0.525 0.611 0.471 0.471 0.605
0.612 0.612 0.505 0.519 0.612 0.503 0.503 0.614
0.584 0.584 0.467 0.528 0.584 0.488 0.478 0.583
0.581 0.581 0.497 0.514 0.581 0.487 0.484 0.588
0.61 0.61 0.481 0.516 0.61 0.445 0.445 0.593
0.573 0.573 0.488 0.488 0.573 0.456 0.456 0.564
0.579 0.579 0.503 0.517 0.579 0.497 0.497 0.581
0.608 0.608 0.494 0.529 0.608 0.514 0.514 0.605
0.585 0.585 0.496 0.518 0.585 0.445 0.45 0.585
0.604 0.604 0.499 0.492 0.604 0.447 0.45 0.571
0.598 0.598 0.484 0.507 0.598 0.448 0.449 0.566
0.597 0.597 0.489 0.498 0.597 0.505 0.512 0.597
0.586 0.586 0.47 0.51 0.586 0.474 0.474 0.574
0.631 0.631 0.48 0.532 0.631 0.495 0.495 0.628
0.601 0.601 0.518 0.496 0.601 0.493 0.492 0.6
0.592 0.592 0.492 0.512 0.592 0.518 0.52 0.611
0.625 0.625 0.476 0.515 0.625 0.475 0.475 0.633
0.596 0.596 0.492 0.497 0.596 0.48 0.48 0.59
0.575 0.575 0.492 0.497 0.575 0.464 0.464 0.573
0.612 0.612 0.501 0.516 0.612 0.487 0.487 0.61
0.607 0.607 0.518 0.504 0.607 0.525 0.524 0.604
0.594 0.594 0.516 0.485 0.594 0.468 0.477 0.532
0.563 0.563 0.474 0.483 0.563 0.502 0.502 0.575
0.581 0.581 0.5 0.496 0.581 0.452 0.449 0.568
0.584 0.584 0.497 0.464 0.584 0.482 0.485 0.59
0.601 0.601 0.492 0.52 0.601 0.501 0.493 0.595
0.6 0.6 0.494 0.492 0.6 0.454 0.455 0.591
0.596 0.596 0.503 0.495 0.596 0.463 0.466 0.577
0.615 0.615 0.494 0.502 0.615 0.485 0.486 0.615
0.601 0.601 0.513 0.485 0.601 0.436 0.436 0.613
0.583 0.583 0.475 0.502 0.583 0.459 0.453 0.567
0.592 0.592 0.485 0.511 0.592 0.496 0.495 0.599
0.594 0.593 0.477 0.489 0.594 0.475 0.475 0.619
0.581 0.581 0.518 0.511 0.581 0.497 0.495 0.576
0.578 0.578 0.489 0.487 0.578 0.46 0.461 0.588
0.621 0.621 0.508 0.506 0.621 0.451 0.448 0.585
0.592 0.592 0.499 0.485 0.592 0.472 0.469 0.594
0.598 0.598 0.51 0.491 0.598 0.512 0.512 0.589
0.594 0.594 0.517 0.469 0.594 0.466 0.466 0.59
0.606 0.606 0.512 0.499 0.606 0.484 0.483 0.613
0.614 0.614 0.516 0.505 0.614 0.463 0.458 0.571
0.613 0.613 0.518 0.474 0.613 0.514 0.511 0.601
0.583 0.583 0.489 0.503 0.583 0.489 0.488 0.585
0.593 0.593 0.477 0.499 0.593 0.458 0.465 0.593
0.607 0.607 0.501 0.467 0.607 0.463 0.463 0.602
0.614 0.614 0.519 0.475 0.614 0.496 0.499 0.615
0.604 0.604 0.506 0.516 0.604 0.483 0.484 0.601
0.618 0.618 0.511 0.502 0.618 0.473 0.469 0.608
0.622 0.622 0.5 0.488 0.622 0.472 0.471 0.622
0.608 0.608 0.507 0.511 0.608 0.473 0.488 0.595
0.613 0.613 0.5 0.513 0.613 0.448 0.447 0.574
0.624 0.624 0.51 0.493 0.624 0.476 0.476 0.613
0.598 0.598 0.489 0.488 0.598 0.489 0.489 0.604
0.576 0.576 0.494 0.488 0.576 0.485 0.483 0.583
0.598 0.598 0.482 0.498 0.598 0.46 0.456 0.582
0.597 0.597 0.478 0.484 0.597 0.451 0.45 0.533
0.61 0.61 0.504 0.501 0.61 0.447 0.453 0.578
0.621 0.621 0.491 0.5 0.621 0.465 0.463 0.604
0.583 0.583 0.505 0.484 0.583 0.457 0.458 0.574
0.6 0.6 0.497 0.484 0.6 0.407 0.406 0.58
0.596 0.596 0.522 0.506 0.596 0.496 0.496 0.592
0.581 0.581 0.507 0.516 0.581 0.465 0.467 0.574
0.589 0.589 0.512 0.509 0.589 0.469 0.459 0.56
0.623 0.623 0.492 0.498 0.623 0.481 0.485 0.597
0.59 0.59 0.511 0.491 0.59 0.475 0.473 0.598
0.588 0.587 0.491 0.491 0.588 0.49 0.492 0.598
0.62 0.62 0.525 0.484 0.62 0.438 0.436 0.568
0.623 0.623 0.467 0.49 0.623 0.504 0.501 0.602
0.593 0.593 0.494 0.511 0.593 0.496 0.496 0.594
0.612 0.612 0.464 0.475 0.612 0.479 0.48 0.609
0.6 0.6 0.526 0.495 0.6 0.514 0.511 0.6
0.602 0.602 0.505 0.493 0.602 0.456 0.462 0.597
0.586 0.586 0.486 0.47 0.586 0.48 0.482 0.563
0.595 0.595 0.492 0.503 0.595 0.467 0.468 0.605
0.605 0.605 0.506 0.485 0.605 0.477 0.475 0.597
0.608 0.608 0.527 0.47 0.608 0.461 0.461 0.591
0.579 0.579 0.511 0.512 0.579 0.47 0.471 0.594
0.576 0.576 0.478 0.504 0.576 0.498 0.498 0.581
0.616 0.616 0.503 0.484 0.616 0.515 0.509 0.62
0.624 0.624 0.499 0.477 0.624 0.512 0.512 0.623
0.599 0.599 0.517 0.524 0.599 0.505 0.504 0.603
0.577 0.577 0.488 0.516 0.577 0.455 0.455 0.58
0.605 0.605 0.503 0.492 0.605 0.466 0.465 0.64
0.602 0.602 0.501 0.515 0.602 0.48 0.478 0.607
0.623 0.623 0.497 0.49 0.623 0.469 0.467 0.616
0.619 0.619 0.486 0.5 0.619 0.443 0.446 0.571
0.568 0.568 0.491 0.495 0.568 0.482 0.493 0.577
0.613 0.613 0.526 0.509 0.613 0.424 0.429 0.53
0.609 0.609 0.499 0.5 0.609 0.438 0.432 0.521
0.593 0.593 0.484 0.52 0.593 0.502 0.503 0.595
0.596 0.596 0.518 0.505 0.596 0.463 0.466 0.565
0.602 0.602 0.506 0.499 0.602 0.496 0.496 0.6
0.595 0.595 0.471 0.484 0.595 0.501 0.499 0.592
0.574 0.574 0.493 0.527 0.574 0.49 0.485 0.562
0.624 0.624 0.504 0.513 0.624 0.486 0.488 0.622
0.601 0.601 0.471 0.514 0.601 0.481 0.481 0.599
0.607 0.607 0.479 0.498 0.607 0.431 0.431 0.555
0.578 0.578 0.507 0.519 0.578 0.506 0.501 0.581
0.593 0.593 0.496 0.507 0.593 0.486 0.487 0.599
0.588 0.588 0.526 0.499 0.588 0.456 0.459 0.566
0.597 0.597 0.502 0.514 0.597 0.51 0.518 0.604
0.592 0.592 0.517 0.514 0.592 0.452 0.445 0.543
0.592 0.592 0.479 0.546 0.592 0.471 0.464 0.586
0.586 0.586 0.498 0.496 0.586 0.505 0.495 0.618
0.597 0.597 0.512 0.495 0.597 0.423 0.421 0.572
0.6 0.6 0.514 0.499 0.6 0.483 0.479 0.596
0.567 0.567 0.488 0.517 0.567 0.471 0.473 0.58
0.606 0.606 0.511 0.507 0.606 0.475 0.479 0.588
0.586 0.586 0.491 0.477 0.586 0.467 0.47 0.569
0.607 0.607 0.5 0.519 0.607 0.49 0.489 0.59
0.611 0.611 0.499 0.494 0.611 0.495 0.5 0.608
0.6 0.6 0.485 0.508 0.6 0.489 0.492 0.593
0.592 0.592 0.493 0.487 0.592 0.493 0.493 0.588
0.604 0.604 0.526 0.502 0.604 0.479 0.471 0.591
0.592 0.592 0.517 0.498 0.592 0.46 0.462 0.565
0.592 0.592 0.489 0.5 0.592 0.469 0.468 0.574
0.611 0.611 0.525 0.51 0.611 0.448 0.442 0.565
0.586 0.586 0.496 0.507 0.586 0.493 0.496 0.578
0.602 0.602 0.515 0.514 0.602 0.464 0.464 0.609
0.603 0.603 0.486 0.512 0.603 0.448 0.448 0.597
0.575 0.575 0.508 0.509 0.575 0.496 0.498 0.575
0.58 0.58 0.469 0.477 0.58 0.502 0.502 0.587
0.63 0.63 0.511 0.513 0.63 0.532 0.531 0.626
0.587 0.587 0.485 0.479 0.587 0.481 0.482 0.588
0.595 0.595 0.509 0.501 0.595 0.511 0.51 0.613
0.583 0.583 0.51 0.489 0.583 0.505 0.505 0.588
0.574 0.574 0.483 0.497 0.574 0.467 0.464 0.572
0.594 0.594 0.497 0.492 0.594 0.449 0.443 0.577
0.586 0.586 0.486 0.515 0.586 0.487 0.499 0.601
0.59 0.59 0.501 0.489 0.59 0.473 0.473 0.604
0.575 0.575 0.484 0.484 0.575 0.494 0.492 0.604
0.61 0.61 0.488 0.534 0.61 0.471 0.471 0.612
0.616 0.616 0.524 0.508 0.616 0.505 0.502 0.602
0.598 0.598 0.502 0.507 0.598 0.509 0.509 0.601
0.591 0.591 0.467 0.485 0.591 0.521 0.521 0.59
0.591 0.591 0.499 0.524 0.591 0.487 0.484 0.584
0.6 0.6 0.509 0.52 0.6 0.486 0.483 0.6
0.588 0.588 0.54 0.474 0.588 0.497 0.497 0.586
0.6 0.6 0.498 0.506 0.6 0.51 0.51 0.597
0.605 0.605 0.475 0.514 0.605 0.494 0.494 0.612
0.587 0.587 0.492 0.506 0.587 0.467 0.466 0.578
0.63 0.63 0.521 0.503 0.63 0.436 0.436 0.587
0.61 0.61 0.507 0.493 0.61 0.487 0.488 0.6
0.592 0.592 0.528 0.459 0.592 0.518 0.514 0.59
0.603 0.603 0.516 0.498 0.603 0.453 0.453 0.6
0.611 0.611 0.525 0.499 0.611 0.457 0.461 0.605
0.586 0.586 0.511 0.516 0.586 0.496 0.493 0.597
0.573 0.573 0.501 0.536 0.573 0.52 0.519 0.584
0.571 0.571 0.532 0.484 0.571 0.466 0.47 0.574
0.612 0.612 0.501 0.488 0.612 0.427 0.436 0.566
0.604 0.604 0.502 0.529 0.604 0.483 0.483 0.612
0.614 0.614 0.489 0.474 0.614 0.49 0.489 0.617
0.576 0.576 0.509 0.519 0.576 0.476 0.471 0.576
0.574 0.574 0.494 0.485 0.574 0.491 0.49 0.587
0.579 0.579 0.491 0.5 0.579 0.491 0.493 0.591
0.593 0.593 0.495 0.484 0.593 0.469 0.47 0.597
0.609 0.609 0.522 0.487 0.609 0.49 0.482 0.613
0.584 0.584 0.527 0.496 0.584 0.463 0.464 0.582
0.591 0.591 0.487 0.502 0.591 0.508 0.515 0.59
0.595 0.595 0.524 0.496 0.595 0.496 0.49 0.584
0.619 0.619 0.535 0.497 0.619 0.482 0.482 0.61
0.587 0.586 0.478 0.523 0.587 0.475 0.474 0.572
0.591 0.591 0.49 0.525 0.591 0.489 0.485 0.582
0.622 0.622 0.509 0.51 0.622 0.485 0.483 0.627
0.59 0.59 0.501 0.516 0.59 0.465 0.46 0.587
0.596 0.596 0.519 0.502 0.596 0.475 0.476 0.6
0.609 0.609 0.5 0.513 0.609 0.486 0.487 0.608
0.605 0.605 0.487 0.501 0.605 0.478 0.479 0.587
0.569 0.569 0.534 0.474 0.569 0.463 0.466 0.581
0.585 0.585 0.512 0.505 0.585 0.471 0.472 0.588
0.595 0.595 0.504 0.511 0.595 0.498 0.5 0.595
0.576 0.576 0.516 0.487 0.576 0.477 0.476 0.598
0.6 0.599 0.494 0.488 0.6 0.469 0.47 0.587
0.621 0.621 0.517 0.506 0.621 0.488 0.48 0.612
0.605 0.605 0.508 0.501 0.605 0.467 0.471 0.576
0.595 0.595 0.496 0.505 0.595 0.475 0.472 0.591
0.591 0.591 0.503 0.499 0.591 0.484 0.484 0.592
0.603 0.603 0.511 0.526 0.603 0.484 0.485 0.602
0.626 0.626 0.51 0.511 0.626 0.443 0.439 0.613
0.625 0.625 0.506 0.508 0.625 0.469 0.47 0.619
0.591 0.591 0.501 0.493 0.591 0.453 0.453 0.598
0.599 0.599 0.515 0.5 0.599 0.447 0.446 0.573
0.569 0.569 0.508 0.502 0.569 0.448 0.451 0.582
0.585 0.585 0.491 0.525 0.585 0.471 0.467 0.6
0.584 0.584 0.504 0.502 0.584 0.488 0.486 0.594
0.564 0.564 0.519 0.526 0.564 0.494 0.493 0.58
0.594 0.594 0.511 0.52 0.594 0.48 0.482 0.595
0.589 0.589 0.48 0.533 0.589 0.471 0.473 0.586
0.622 0.622 0.475 0.505 0.622 0.482 0.479 0.591
0.602 0.603 0.496 0.491 0.602 0.516 0.517 0.586
0.61 0.61 0.498 0.494 0.61 0.432 0.432 0.54
0.595 0.595 0.497 0.538 0.595 0.475 0.475 0.59
0.577 0.577 0.524 0.53 0.577 0.449 0.449 0.574
0.595 0.595 0.512 0.53 0.595 0.483 0.484 0.594
0.574 0.574 0.499 0.503 0.574 0.498 0.494 0.575
0.59 0.59 0.511 0.519 0.59 0.506 0.506 0.593
0.594 0.594 0.483 0.488 0.594 0.456 0.457 0.569
0.615 0.616 0.511 0.491 0.615 0.483 0.478 0.606
0.588 0.588 0.508 0.516 0.588 0.444 0.441 0.571
0.587 0.587 0.54 0.527 0.587 0.49 0.492 0.596
0.609 0.609 0.502 0.504 0.609 0.481 0.474 0.613
0.601 0.601 0.487 0.469 0.601 0.425 0.424 0.54
0.605 0.605 0.504 0.509 0.605 0.465 0.461 0.582
0.561 0.561 0.516 0.507 0.561 0.489 0.487 0.562
0.594 0.594 0.489 0.471 0.594 0.485 0.485 0.609
0.608 0.608 0.519 0.503 0.608 0.447 0.443 0.529
0.615 0.615 0.511 0.502 0.615 0.469 0.466 0.577
0.593 0.593 0.501 0.513 0.593 0.51 0.506 0.592
0.599 0.599 0.497 0.503 0.599 0.462 0.462 0.592
0.614 0.614 0.496 0.503 0.614 0.458 0.449 0.598
0.618 0.618 0.481 0.493 0.618 0.484 0.493 0.622
0.594 0.594 0.536 0.491 0.594 0.481 0.481 0.606
0.599 0.599 0.513 0.486 0.599 0.518 0.515 0.597
0.601 0.601 0.496 0.491 0.601 0.491 0.492 0.618
0.636 0.636 0.496 0.514 0.636 0.448 0.439 0.621
0.588 0.588 0.487 0.491 0.588 0.457 0.452 0.567
0.586 0.586 0.509 0.524 0.586 0.484 0.484 0.596
0.59 0.59 0.481 0.509 0.59 0.49 0.49 0.591
0.627 0.627 0.502 0.51 0.627 0.487 0.488 0.621
0.603 0.603 0.516 0.525 0.603 0.466 0.465 0.602
0.619 0.619 0.49 0.477 0.619 0.445 0.443 0.563
0.602 0.602 0.483 0.505 0.602 0.502 0.504 0.603
0.594 0.594 0.501 0.483 0.594 0.486 0.486 0.586
0.581 0.581 0.524 0.493 0.581 0.483 0.485 0.573
0.583 0.583 0.522 0.493 0.583 0.486 0.486 0.587
0.573 0.573 0.472 0.496 0.573 0.477 0.475 0.569
0.595 0.595 0.502 0.493 0.595 0.458 0.46 0.597
0.604 0.604 0.495 0.508 0.604 0.443 0.444 0.572
0.602 0.602 0.514 0.495 0.602 0.454 0.451 0.55
0.578 0.579 0.514 0.504 0.578 0.493 0.488 0.582
0.604 0.604 0.507 0.504 0.604 0.521 0.521 0.605
0.616 0.616 0.509 0.485 0.616 0.498 0.498 0.613
0.612 0.612 0.488 0.523 0.612 0.474 0.476 0.62
0.592 0.592 0.484 0.507 0.592 0.495 0.489 0.603
0.603 0.603 0.495 0.485 0.603 0.493 0.493 0.609
0.612 0.612 0.485 0.525 0.612 0.486 0.491 0.611
0.601 0.601 0.485 0.473 0.601 0.478 0.477 0.601
0.604 0.604 0.509 0.515 0.604 0.474 0.468 0.621
0.595 0.595 0.47 0.518 0.595 0.495 0.497 0.592
0.619 0.619 0.522 0.511 0.619 0.492 0.489 0.623
0.607 0.607 0.494 0.507 0.607 0.497 0.493 0.585
0.581 0.581 0.489 0.507 0.581 0.482 0.481 0.61
0.603 0.603 0.506 0.528 0.603 0.457 0.458 0.605
0.601 0.601 0.475 0.508 0.601 0.465 0.462 0.585
0.591 0.591 0.52 0.493 0.591 0.462 0.456 0.609
0.596 0.596 0.489 0.53 0.596 0.491 0.487 0.586
0.628 0.628 0.542 0.508 0.628 0.436 0.434 0.602
0.573 0.573 0.519 0.507 0.573 0.478 0.476 0.595
0.601 0.601 0.503 0.508 0.601 0.481 0.483 0.603
0.586 0.586 0.482 0.501 0.586 0.51 0.517 0.583
0.607 0.607 0.517 0.526 0.607 0.512 0.512 0.608
0.612 0.612 0.515 0.493 0.612 0.504 0.504 0.612
0.618 0.618 0.491 0.498 0.618 0.469 0.468 0.611
0.605 0.605 0.524 0.5 0.605 0.479 0.476 0.607
0.626 0.626 0.528 0.513 0.626 0.475 0.475 0.604
0.591 0.591 0.514 0.486 0.591 0.489 0.489 0.593
0.572 0.572 0.494 0.488 0.572 0.466 0.468 0.584
0.613 0.613 0.508 0.512 0.613 0.464 0.46 0.602
0.602 0.602 0.486 0.473 0.602 0.473 0.473 0.602
0.589 0.589 0.495 0.509 0.589 0.475 0.477 0.603
0.557 0.557 0.501 0.496 0.557 0.521 0.521 0.563
0.587 0.587 0.506 0.471 0.587 0.462 0.462 0.571
0.602 0.602 0.501 0.489 0.602 0.482 0.464 0.581
0.594 0.594 0.503 0.493 0.594 0.492 0.492 0.606
0.606 0.606 0.497 0.514 0.606 0.49 0.496 0.616
0.584 0.584 0.508 0.487 0.584 0.482 0.482 0.578
0.606 0.606 0.506 0.463 0.606 0.462 0.466 0.607
0.596 0.596 0.519 0.5 0.596 0.443 0.437 0.567
0.595 0.595 0.51 0.501 0.595 0.464 0.475 0.591
0.601 0.601 0.5 0.49 0.601 0.512 0.514 0.598
0.622 0.622 0.512 0.472 0.622 0.444 0.438 0.592
0.591 0.591 0.538 0.51 0.591 0.522 0.522 0.589
0.625 0.625 0.521 0.491 0.625 0.489 0.486 0.602
0.577 0.577 0.489 0.485 0.577 0.485 0.485 0.577
0.602 0.602 0.505 0.522 0.602 0.479 0.489 0.615
0.574 0.574 0.505 0.513 0.574 0.461 0.456 0.582
0.611 0.611 0.481 0.49 0.611 0.456 0.456 0.611
0.582 0.582 0.49 0.526 0.582 0.494 0.491 0.583
0.596 0.596 0.501 0.498 0.596 0.483 0.489 0.599
0.598 0.598 0.509 0.48 0.598 0.549 0.549 0.599
0.614 0.614 0.501 0.516 0.614 0.465 0.47 0.612
0.591 0.592 0.518 0.494 0.591 0.477 0.474 0.59
0.589 0.589 0.507 0.492 0.589 0.502 0.502 0.591
0.596 0.596 0.495 0.521 0.596 0.511 0.511 0.596
0.58 0.58 0.516 0.516 0.58 0.485 0.485 0.584
0.602 0.602 0.495 0.482 0.602 0.466 0.466 0.58
0.569 0.569 0.5 0.479 0.569 0.49 0.49 0.567
0.595 0.595 0.499 0.499 0.595 0.437 0.434 0.541
0.588 0.588 0.492 0.493 0.588 0.473 0.469 0.598
0.571 0.571 0.496 0.544 0.571 0.48 0.481 0.575
0.581 0.581 0.513 0.505 0.581 0.463 0.459 0.617
0.613 0.613 0.503 0.51 0.613 0.484 0.484 0.609
0.6 0.6 0.466 0.473 0.6 0.512 0.507 0.595
0.594 0.594 0.485 0.522 0.594 0.425 0.425 0.562
0.601 0.601 0.502 0.538 0.601 0.465 0.471 0.618
0.602 0.602 0.519 0.511 0.602 0.474 0.477 0.627
0.621 0.621 0.498 0.49 0.621 0.486 0.479 0.611
0.611 0.611 0.495 0.477 0.611 0.484 0.482 0.614
0.583 0.583 0.483 0.493 0.583 0.484 0.483 0.592
0.575 0.575 0.506 0.491 0.575 0.526 0.526 0.579
0.613 0.613 0.487 0.511 0.613 0.467 0.467 0.602
0.594 0.594 0.492 0.521 0.594 0.464 0.464 0.59
0.577 0.577 0.494 0.49 0.577 0.465 0.466 0.58
0.581 0.581 0.516 0.512 0.581 0.456 0.457 0.584
0.612 0.612 0.529 0.478 0.612 0.489 0.492 0.613
0.606 0.606 0.496 0.473 0.606 0.478 0.479 0.608
0.576 0.576 0.508 0.511 0.576 0.496 0.496 0.585
0.587 0.587 0.526 0.492 0.587 0.448 0.448 0.577
0.58 0.58 0.505 0.471 0.58 0.479 0.482 0.575
0.594 0.594 0.475 0.507 0.594 0.468 0.468 0.603
0.597 0.597 0.514 0.472 0.597 0.489 0.489 0.601
0.595 0.595 0.523 0.501 0.595 0.502 0.498 0.588
0.602 0.602 0.479 0.526 0.602 0.459 0.456 0.582
0.592 0.592 0.481 0.487 0.592 0.48 0.478 0.577
0.602 0.602 0.48 0.518 0.602 0.442 0.441 0.578
0.581 0.581 0.499 0.503 0.581 0.448 0.448 0.566
0.592 0.592 0.495 0.495 0.592 0.446 0.455 0.557
0.611 0.611 0.484 0.516 0.611 0.466 0.461 0.588
0.601 0.601 0.507 0.482 0.601 0.493 0.494 0.603
0.587 0.587 0.53 0.502 0.587 0.488 0.488 0.595
0.624 0.624 0.477 0.501 0.624 0.475 0.475 0.614
0.598 0.598 0.505 0.515 0.598 0.453 0.456 0.574
0.599 0.599 0.511 0.504 0.599 0.424 0.422 0.528
0.585 0.585 0.517 0.506 0.585 0.454 0.455 0.566
0.595 0.595 0.522 0.509 0.595 0.464 0.465 0.554
0.572 0.572 0.5 0.491 0.572 0.515 0.515 0.57
0.614 0.614 0.533 0.473 0.614 0.456 0.453 0.546
0.601 0.601 0.497 0.495 0.601 0.499 0.499 0.611
0.605 0.605 0.488 0.5 0.605 0.493 0.489 0.573
0.578 0.578 0.491 0.495 0.578 0.493 0.491 0.569
0.631 0.631 0.526 0.5 0.631 0.485 0.489 0.639
0.61 0.61 0.508 0.506 0.61 0.441 0.444 0.598
0.594 0.594 0.51 0.491 0.594 0.47 0.47 0.618
0.591 0.591 0.511 0.507 0.591 0.491 0.489 0.614
0.602 0.602 0.49 0.498 0.602 0.483 0.483 0.606
0.625 0.625 0.503 0.476 0.625 0.452 0.452 0.577
0.6 0.6 0.489 0.51 0.6 0.481 0.486 0.59
0.599 0.599 0.512 0.521 0.599 0.483 0.483 0.6
0.589 0.589 0.485 0.511 0.589 0.416 0.419 0.56
0.598 0.598 0.508 0.491 0.598 0.497 0.505 0.605
0.617 0.617 0.478 0.523 0.617 0.479 0.48 0.619
0.593 0.592 0.507 0.504 0.593 0.532 0.532 0.593
