0.335 0.356 0.322 0.319 0.334 0.353 0.351 0.305
0.353 0.369 0.343 0.343 0.352 0.352 0.352 0.316
0.353 0.338 0.347 0.346 0.355 0.374 0.373 0.322
0.349 0.364 0.345 0.343 0.349 0.381 0.384 0.323
0.337 0.352 0.324 0.331 0.329 0.343 0.343 0.286
0.346 0.349 0.334 0.336 0.348 0.366 0.366 0.294
0.363 0.384 0.359 0.354 0.36 0.371 0.359 0.322
0.379 0.376 0.363 0.366 0.377 0.359 0.356 0.326
0.35 0.345 0.337 0.335 0.346 0.351 0.351 0.319
0.367 0.362 0.349 0.347 0.368 0.38 0.38 0.314
0.343 0.387 0.344 0.34 0.344 0.372 0.371 0.313
0.346 0.369 0.335 0.333 0.342 0.346 0.34 0.316
0.366 0.374 0.346 0.349 0.364 0.367 0.367 0.312
0.338 0.338 0.328 0.333 0.339 0.335 0.335 0.309
0.354 0.356 0.341 0.338 0.348 0.386 0.386 0.336
0.352 0.371 0.343 0.343 0.35 0.349 0.348 0.33
0.312 0.343 0.303 0.298 0.312 0.376 0.376 0.305
0.373 0.355 0.365 0.369 0.373 0.376 0.376 0.324
0.349 0.342 0.339 0.342 0.35 0.341 0.341 0.294
0.336 0.334 0.324 0.322 0.334 0.338 0.338 0.296
0.343 0.346 0.333 0.325 0.345 0.365 0.365 0.306
0.354 0.353 0.339 0.337 0.346 0.375 0.368 0.318
0.353 0.37 0.338 0.339 0.348 0.392 0.387 0.316
0.357 0.347 0.343 0.348 0.356 0.36 0.36 0.321
0.38 0.404 0.371 0.37 0.385 0.368 0.36 0.331
0.369 0.38 0.356 0.353 0.368 0.411 0.399 0.36
0.351 0.357 0.334 0.336 0.344 0.355 0.355 0.323
0.342 0.39 0.335 0.335 0.343 0.371 0.371 0.32
0.313 0.327 0.304 0.303 0.309 0.358 0.358 0.297
0.367 0.362 0.364 0.362 0.367 0.389 0.384 0.346
0.322 0.345 0.315 0.313 0.322 0.346 0.344 0.292
0.293 0.314 0.281 0.283 0.294 0.358 0.349 0.301
0.333 0.344 0.322 0.317 0.329 0.369 0.367 0.303
0.334 0.34 0.318 0.319 0.327 0.346 0.346 0.304
0.339 0.355 0.322 0.319 0.332 0.361 0.36 0.309
0.343 0.351 0.326 0.327 0.343 0.377 0.369 0.31
0.349 0.365 0.332 0.329 0.342 0.356 0.352 0.334
0.371 0.374 0.368 0.367 0.374 0.396 0.395 0.344
0.352 0.363 0.342 0.341 0.351 0.382 0.379 0.323
0.352 0.375 0.336 0.336 0.351 0.354 0.349 0.325
0.339 0.355 0.329 0.331 0.334 0.369 0.369 0.325
0.346 0.37 0.33 0.333 0.348 0.361 0.361 0.305
0.383 0.4 0.365 0.366 0.377 0.382 0.381 0.347
0.356 0.37 0.346 0.348 0.356 0.34 0.34 0.296
0.316 0.321 0.309 0.304 0.314 0.364 0.364 0.31
0.345 0.349 0.327 0.332 0.337 0.339 0.339 0.291
0.342 0.355 0.329 0.333 0.344 0.375 0.375 0.318
0.398 0.396 0.39 0.389 0.396 0.412 0.398 0.35
0.339 0.348 0.33 0.336 0.345 0.348 0.341 0.302
0.338 0.32 0.327 0.325 0.341 0.378 0.378 0.32
0.346 0.35 0.331 0.332 0.343 0.359 0.357 0.302
0.375 0.384 0.363 0.362 0.373 0.362 0.362 0.318
0.359 0.376 0.344 0.344 0.352 0.388 0.389 0.345
0.326 0.36 0.31 0.315 0.323 0.365 0.354 0.293
0.356 0.355 0.341 0.341 0.351 0.363 0.363 0.333
0.308 0.331 0.302 0.299 0.308 0.339 0.337 0.303
0.326 0.329 0.316 0.322 0.325 0.337 0.337 0.294
0.328 0.34 0.317 0.322 0.323 0.382 0.373 0.313
0.344 0.374 0.334 0.341 0.343 0.385 0.385 0.323
0.342 0.344 0.328 0.333 0.346 0.374 0.374 0.32
0.414 0.417 0.394 0.399 0.41 0.424 0.419 0.384
0.344 0.331 0.34 0.339 0.346 0.388 0.376 0.314
0.371 0.376 0.359 0.364 0.373 0.362 0.362 0.308
0.365 0.355 0.352 0.349 0.367 0.341 0.34 0.316
0.353 0.336 0.341 0.342 0.352 0.387 0.383 0.313
0.323 0.326 0.315 0.315 0.321 0.347 0.352 0.31
0.374 0.396 0.36 0.365 0.373 0.371 0.363 0.335
0.364 0.393 0.357 0.352 0.364 0.381 0.381 0.341
0.329 0.342 0.328 0.329 0.334 0.391 0.391 0.331
0.368 0.404 0.359 0.364 0.371 0.396 0.399 0.35
0.355 0.361 0.346 0.343 0.355 0.334 0.333 0.311
0.36 0.375 0.35 0.346 0.358 0.331 0.327 0.285
0.34 0.359 0.327 0.326 0.339 0.363 0.364 0.309
0.33 0.356 0.314 0.315 0.328 0.354 0.353 0.304
0.359 0.392 0.339 0.34 0.36 0.357 0.358 0.308
0.366 0.376 0.357 0.359 0.366 0.373 0.373 0.323
0.375 0.367 0.35 0.359 0.363 0.384 0.386 0.328
0.338 0.344 0.333 0.33 0.339 0.396 0.396 0.318
0.384 0.374 0.37 0.367 0.381 0.377 0.377 0.353
0.343 0.387 0.33 0.331 0.34 0.359 0.359 0.308
0.355 0.382 0.347 0.346 0.353 0.352 0.352 0.306
0.346 0.363 0.332 0.331 0.345 0.335 0.334 0.288
0.344 0.366 0.325 0.324 0.342 0.359 0.359 0.303
0.358 0.358 0.341 0.345 0.354 0.35 0.35 0.312
0.323 0.337 0.309 0.309 0.317 0.352 0.352 0.294
0.383 0.376 0.373 0.373 0.379 0.369 0.369 0.313
0.366 0.382 0.35 0.351 0.361 0.368 0.368 0.332
0.365 0.376 0.357 0.356 0.367 0.354 0.354 0.339
0.342 0.333 0.33 0.334 0.341 0.367 0.364 0.307
0.355 0.359 0.336 0.337 0.349 0.396 0.397 0.314
0.339 0.345 0.326 0.327 0.331 0.369 0.372 0.336
0.382 0.381 0.368 0.369 0.378 0.402 0.395 0.352
0.377 0.439 0.366 0.364 0.38 0.407 0.412 0.367
0.35 0.367 0.334 0.332 0.341 0.369 0.365 0.323
0.379 0.403 0.37 0.367 0.379 0.384 0.384 0.342
0.368 0.39 0.359 0.36 0.37 0.391 0.391 0.332
0.365 0.408 0.349 0.347 0.364 0.405 0.405 0.346
0.374 0.387 0.366 0.365 0.371 0.378 0.378 0.324
0.354 0.363 0.349 0.346 0.35 0.354 0.353 0.332
0.381 0.387 0.374 0.377 0.384 0.378 0.375 0.318
0.361 0.365 0.359 0.358 0.363 0.369 0.369 0.317
0.367 0.382 0.354 0.355 0.369 0.359 0.36 0.319
0.361 0.356 0.354 0.355 0.363 0.375 0.374 0.302
0.371 0.389 0.368 0.368 0.375 0.371 0.371 0.318
0.341 0.383 0.336 0.326 0.34 0.382 0.37 0.336
0.362 0.398 0.351 0.351 0.362 0.422 0.421 0.334
0.35 0.338 0.338 0.339 0.35 0.374 0.374 0.336
0.336 0.351 0.325 0.321 0.336 0.365 0.365 0.299
0.348 0.362 0.336 0.334 0.35 0.371 0.372 0.324
0.358 0.384 0.352 0.346 0.361 0.354 0.354 0.289
0.33 0.35 0.326 0.32 0.333 0.412 0.411 0.347
0.349 0.37 0.336 0.337 0.346 0.38 0.38 0.333
0.371 0.386 0.362 0.359 0.368 0.38 0.37 0.326
0.367 0.365 0.36 0.355 0.37 0.418 0.418 0.339
0.344 0.366 0.333 0.337 0.346 0.384 0.384 0.331
0.352 0.354 0.342 0.343 0.353 0.356 0.355 0.32
0.33 0.365 0.322 0.324 0.329 0.359 0.354 0.29
0.333 0.34 0.321 0.324 0.332 0.37 0.37 0.315
0.365 0.396 0.362 0.359 0.366 0.356 0.356 0.309
0.345 0.37 0.338 0.343 0.343 0.389 0.391 0.326
0.34 0.353 0.323 0.323 0.34 0.395 0.395 0.337
0.339 0.362 0.329 0.327 0.339 0.352 0.353 0.315
0.329 0.335 0.32 0.317 0.329 0.355 0.355 0.296
0.402 0.416 0.379 0.38 0.393 0.404 0.397 0.35
0.3 0.302 0.292 0.29 0.299 0.347 0.347 0.269
0.372 0.412 0.36 0.359 0.368 0.377 0.378 0.352
0.339 0.348 0.321 0.32 0.335 0.343 0.343 0.302
0.343 0.39 0.329 0.332 0.344 0.335 0.335 0.291
0.364 0.367 0.358 0.352 0.359 0.374 0.374 0.32
0.341 0.35 0.332 0.334 0.339 0.358 0.358 0.288
0.356 0.355 0.349 0.348 0.355 0.389 0.39 0.327
0.35 0.376 0.342 0.342 0.349 0.402 0.394 0.333
0.357 0.367 0.334 0.333 0.346 0.388 0.37 0.326
0.377 0.379 0.375 0.368 0.378 0.382 0.381 0.324
0.373 0.41 0.358 0.358 0.37 0.403 0.387 0.363
0.326 0.351 0.319 0.322 0.328 0.354 0.353 0.292
0.327 0.35 0.326 0.321 0.329 0.339 0.339 0.299
0.348 0.347 0.342 0.34 0.345 0.355 0.355 0.297
0.368 0.371 0.349 0.352 0.366 0.366 0.366 0.332
0.325 0.329 0.314 0.311 0.318 0.346 0.346 0.286
0.361 0.367 0.351 0.352 0.357 0.354 0.354 0.332
0.336 0.336 0.326 0.324 0.335 0.389 0.381 0.327
0.361 0.38 0.357 0.351 0.361 0.355 0.355 0.315
0.357 0.357 0.345 0.346 0.356 0.392 0.392 0.345
0.362 0.385 0.357 0.359 0.362 0.365 0.365 0.322
0.356 0.368 0.338 0.337 0.349 0.368 0.359 0.313
0.34 0.379 0.325 0.325 0.335 0.37 0.366 0.303
0.361 0.349 0.357 0.355 0.361 0.391 0.393 0.336
0.34 0.363 0.333 0.335 0.341 0.379 0.379 0.313
0.367 0.371 0.356 0.358 0.364 0.377 0.376 0.323
0.331 0.337 0.317 0.317 0.33 0.348 0.348 0.301
0.305 0.331 0.296 0.299 0.304 0.327 0.327 0.264
0.32 0.319 0.316 0.316 0.319 0.359 0.359 0.303
0.337 0.351 0.325 0.328 0.335 0.359 0.358 0.332
0.334 0.372 0.326 0.327 0.341 0.37 0.37 0.33
0.314 0.328 0.303 0.306 0.316 0.353 0.353 0.294
0.316 0.309 0.31 0.31 0.317 0.322 0.322 0.284
0.344 0.374 0.334 0.336 0.344 0.393 0.393 0.333
0.388 0.4 0.379 0.374 0.388 0.369 0.369 0.326
0.33 0.343 0.32 0.323 0.332 0.37 0.37 0.289
0.371 0.387 0.368 0.366 0.371 0.396 0.396 0.336
0.335 0.322 0.322 0.326 0.333 0.346 0.346 0.296
0.366 0.381 0.35 0.345 0.358 0.381 0.382 0.331
0.341 0.362 0.325 0.329 0.342 0.373 0.373 0.313
0.327 0.354 0.314 0.314 0.319 0.317 0.317 0.27
0.382 0.393 0.364 0.369 0.383 0.377 0.374 0.34
0.346 0.374 0.338 0.336 0.344 0.355 0.355 0.327
0.338 0.365 0.325 0.321 0.335 0.357 0.351 0.275
0.383 0.388 0.362 0.358 0.379 0.39 0.384 0.341
0.387 0.388 0.367 0.365 0.369 0.365 0.363 0.348
0.31 0.309 0.299 0.303 0.309 0.365 0.364 0.309
0.371 0.398 0.363 0.364 0.37 0.388 0.387 0.332
0.346 0.368 0.341 0.329 0.346 0.357 0.357 0.309
0.356 0.357 0.338 0.337 0.358 0.398 0.398 0.351
0.34 0.358 0.322 0.327 0.338 0.378 0.375 0.334
0.377 0.385 0.368 0.367 0.379 0.392 0.379 0.342
0.363 0.386 0.349 0.348 0.359 0.358 0.358 0.307
0.33 0.335 0.327 0.319 0.332 0.354 0.35 0.316
0.363 0.369 0.356 0.357 0.365 0.349 0.349 0.296
0.341 0.373 0.329 0.33 0.339 0.387 0.384 0.336
0.343 0.372 0.337 0.332 0.343 0.356 0.357 0.315
0.352 0.362 0.343 0.343 0.358 0.371 0.371 0.308
0.323 0.355 0.319 0.319 0.326 0.388 0.381 0.311
0.359 0.369 0.342 0.345 0.353 0.379 0.379 0.327
0.335 0.349 0.326 0.324 0.335 0.351 0.351 0.312
0.336 0.345 0.326 0.329 0.334 0.358 0.352 0.276
0.387 0.382 0.38 0.378 0.385 0.364 0.364 0.33
0.318 0.328 0.315 0.309 0.317 0.36 0.345 0.309
0.345 0.371 0.334 0.332 0.345 0.392 0.382 0.317
0.361 0.392 0.342 0.342 0.35 0.394 0.394 0.324
0.366 0.378 0.352 0.352 0.359 0.403 0.402 0.345
0.282 0.292 0.274 0.274 0.282 0.323 0.322 0.279
0.341 0.349 0.336 0.335 0.348 0.352 0.351 0.323
0.362 0.406 0.35 0.347 0.362 0.388 0.364 0.32
0.369 0.366 0.355 0.356 0.367 0.344 0.341 0.298
0.345 0.358 0.329 0.33 0.346 0.366 0.366 0.316
0.306 0.311 0.3 0.298 0.304 0.349 0.346 0.295
0.336 0.344 0.33 0.332 0.337 0.36 0.352 0.319
0.326 0.335 0.316 0.316 0.326 0.344 0.344 0.29
0.363 0.377 0.355 0.354 0.365 0.384 0.381 0.317
0.342 0.359 0.334 0.329 0.342 0.371 0.377 0.331
0.37 0.38 0.352 0.353 0.372 0.371 0.37 0.318
0.344 0.358 0.332 0.333 0.341 0.345 0.345 0.313
0.359 0.397 0.348 0.344 0.358 0.362 0.361 0.328
0.351 0.354 0.336 0.34 0.349 0.343 0.343 0.312
0.345 0.347 0.332 0.327 0.343 0.377 0.376 0.302
0.349 0.378 0.34 0.343 0.348 0.381 0.367 0.328
0.338 0.369 0.329 0.322 0.337 0.374 0.374 0.308
0.33 0.354 0.317 0.321 0.33 0.381 0.356 0.291
0.306 0.346 0.298 0.294 0.304 0.329 0.329 0.286
0.35 0.37 0.343 0.341 0.35 0.385 0.381 0.331
0.375 0.394 0.372 0.371 0.375 0.384 0.383 0.344
0.325 0.355 0.318 0.32 0.325 0.337 0.337 0.289
0.369 0.386 0.361 0.36 0.373 0.363 0.363 0.309
0.311 0.328 0.304 0.306 0.309 0.348 0.346 0.299
0.348 0.359 0.339 0.341 0.35 0.35 0.35 0.31
0.359 0.375 0.351 0.349 0.358 0.362 0.344 0.314
0.311 0.326 0.306 0.296 0.312 0.354 0.351 0.317
0.369 0.376 0.36 0.352 0.37 0.382 0.375 0.334
0.329 0.348 0.319 0.32 0.332 0.375 0.37 0.314
0.316 0.334 0.309 0.305 0.32 0.362 0.361 0.294
0.394 0.397 0.381 0.379 0.391 0.363 0.371 0.323
0.379 0.376 0.369 0.371 0.378 0.377 0.377 0.316
0.358 0.367 0.354 0.356 0.358 0.378 0.368 0.31
0.393 0.404 0.377 0.375 0.385 0.41 0.411 0.343
0.341 0.337 0.33 0.332 0.339 0.349 0.35 0.313
0.366 0.372 0.357 0.355 0.363 0.391 0.387 0.343
0.362 0.38 0.346 0.345 0.355 0.352 0.352 0.316
0.342 0.356 0.333 0.333 0.342 0.383 0.377 0.323
0.328 0.327 0.319 0.316 0.328 0.345 0.344 0.297
0.34 0.368 0.334 0.332 0.339 0.363 0.364 0.313
0.368 0.384 0.361 0.357 0.368 0.394 0.39 0.348
0.327 0.382 0.314 0.314 0.325 0.351 0.358 0.291
0.367 0.37 0.355 0.358 0.364 0.367 0.367 0.329
0.35 0.369 0.336 0.342 0.356 0.37 0.37 0.314
0.363 0.376 0.359 0.358 0.363 0.396 0.382 0.336
0.378 0.381 0.371 0.368 0.381 0.411 0.414 0.353
0.281 0.32 0.277 0.279 0.285 0.357 0.346 0.294
0.366 0.371 0.343 0.346 0.355 0.36 0.36 0.32
0.358 0.361 0.347 0.347 0.358 0.373 0.374 0.324
0.381 0.383 0.361 0.367 0.38 0.377 0.373 0.341
0.377 0.404 0.373 0.372 0.378 0.378 0.378 0.337
0.328 0.372 0.326 0.323 0.329 0.357 0.356 0.303
0.362 0.37 0.352 0.357 0.362 0.382 0.381 0.334
0.359 0.403 0.353 0.355 0.359 0.371 0.368 0.329
0.32 0.351 0.301 0.3 0.31 0.364 0.354 0.306
0.373 0.377 0.352 0.354 0.36 0.364 0.364 0.328
0.329 0.341 0.311 0.314 0.318 0.379 0.377 0.324
0.334 0.333 0.326 0.321 0.331 0.377 0.357 0.291
0.344 0.346 0.333 0.332 0.344 0.394 0.376 0.327
0.38 0.395 0.357 0.359 0.369 0.374 0.365 0.327
0.393 0.424 0.382 0.384 0.39 0.376 0.376 0.318
0.361 0.359 0.354 0.357 0.362 0.368 0.368 0.314
0.309 0.309 0.294 0.298 0.305 0.361 0.329 0.27
0.332 0.376 0.313 0.322 0.329 0.36 0.362 0.313
0.333 0.343 0.318 0.317 0.332 0.371 0.371 0.292
0.331 0.343 0.317 0.323 0.329 0.318 0.318 0.281
0.385 0.388 0.367 0.373 0.384 0.38 0.379 0.336
0.32 0.343 0.308 0.311 0.32 0.364 0.364 0.291
0.355 0.353 0.344 0.34 0.353 0.318 0.318 0.295
0.344 0.349 0.333 0.329 0.343 0.359 0.359 0.291
0.353 0.36 0.343 0.343 0.353 0.336 0.336 0.314
0.39 0.387 0.375 0.371 0.39 0.378 0.377 0.331
0.342 0.387 0.339 0.339 0.343 0.36 0.36 0.316
0.353 0.368 0.35 0.346 0.352 0.384 0.378 0.334
0.327 0.331 0.317 0.313 0.323 0.356 0.356 0.293
0.391 0.393 0.375 0.372 0.385 0.414 0.413 0.348
0.366 0.379 0.356 0.355 0.362 0.395 0.397 0.332
0.369 0.378 0.356 0.361 0.367 0.38 0.378 0.342
0.37 0.36 0.36 0.359 0.363 0.368 0.361 0.332
0.333 0.334 0.324 0.327 0.336 0.36 0.36 0.312
0.335 0.351 0.313 0.309 0.324 0.349 0.351 0.314
0.388 0.39 0.381 0.377 0.39 0.395 0.395 0.339
0.375 0.391 0.368 0.367 0.374 0.392 0.389 0.343
0.358 0.386 0.349 0.341 0.358 0.383 0.383 0.328
0.314 0.344 0.309 0.317 0.313 0.338 0.338 0.284
0.363 0.403 0.356 0.359 0.367 0.348 0.351 0.341
0.382 0.389 0.364 0.366 0.379 0.397 0.397 0.356
0.384 0.412 0.367 0.373 0.385 0.382 0.384 0.331
0.333 0.339 0.321 0.325 0.334 0.371 0.365 0.299
0.361 0.344 0.347 0.342 0.356 0.392 0.363 0.329
0.346 0.34 0.338 0.338 0.344 0.351 0.352 0.316
0.326 0.332 0.316 0.317 0.322 0.374 0.374 0.32
0.355 0.366 0.347 0.349 0.354 0.358 0.358 0.31
0.308 0.334 0.305 0.303 0.308 0.351 0.352 0.292
0.352 0.361 0.341 0.338 0.353 0.376 0.375 0.329
0.385 0.366 0.371 0.372 0.382 0.384 0.378 0.319
0.348 0.364 0.334 0.333 0.342 0.367 0.366 0.312
0.368 0.385 0.357 0.361 0.371 0.428 0.427 0.369
0.371 0.398 0.358 0.36 0.372 0.388 0.388 0.341
0.345 0.368 0.336 0.342 0.347 0.403 0.401 0.329
0.331 0.355 0.316 0.317 0.332 0.35 0.35 0.291
0.345 0.381 0.332 0.331 0.345 0.394 0.377 0.326
0.381 0.384 0.355 0.355 0.368 0.383 0.378 0.33
0.329 0.361 0.309 0.313 0.322 0.367 0.367 0.293
0.369 0.394 0.351 0.354 0.367 0.356 0.356 0.326
0.346 0.345 0.333 0.328 0.348 0.356 0.356 0.306
0.357 0.396 0.353 0.351 0.36 0.405 0.405 0.341
0.366 0.367 0.355 0.354 0.363 0.384 0.385 0.351
0.361 0.367 0.357 0.349 0.366 0.37 0.369 0.315
0.314 0.338 0.301 0.303 0.314 0.351 0.35 0.275
0.341 0.361 0.32 0.322 0.339 0.369 0.369 0.33
0.406 0.412 0.395 0.395 0.401 0.412 0.413 0.371
0.33 0.34 0.321 0.318 0.328 0.339 0.339 0.301
0.337 0.353 0.327 0.327 0.333 0.35 0.348 0.298
0.328 0.349 0.314 0.316 0.32 0.348 0.348 0.293
0.375 0.388 0.366 0.363 0.371 0.385 0.385 0.313
0.339 0.371 0.331 0.332 0.336 0.354 0.355 0.315
0.357 0.366 0.353 0.348 0.362 0.411 0.39 0.333
0.332 0.367 0.323 0.322 0.331 0.359 0.359 0.296
0.373 0.383 0.368 0.362 0.373 0.381 0.381 0.301
0.322 0.322 0.315 0.314 0.321 0.353 0.354 0.287
0.365 0.384 0.36 0.358 0.366 0.388 0.387 0.339
0.303 0.345 0.293 0.296 0.301 0.332 0.332 0.271
0.336 0.362 0.322 0.327 0.336 0.364 0.361 0.323
0.388 0.381 0.375 0.371 0.384 0.4 0.401 0.349
0.327 0.328 0.317 0.319 0.327 0.373 0.373 0.323
0.347 0.368 0.342 0.34 0.347 0.386 0.373 0.307
0.348 0.367 0.337 0.339 0.349 0.361 0.362 0.318
0.333 0.349 0.324 0.329 0.335 0.342 0.342 0.261
0.363 0.361 0.353 0.354 0.363 0.395 0.395 0.329
0.345 0.377 0.336 0.334 0.345 0.383 0.384 0.322
0.358 0.374 0.342 0.341 0.351 0.371 0.37 0.337
0.34 0.367 0.326 0.329 0.339 0.385 0.377 0.337
0.372 0.373 0.361 0.37 0.375 0.375 0.377 0.327
0.37 0.405 0.354 0.356 0.373 0.389 0.389 0.331
0.348 0.379 0.337 0.337 0.347 0.361 0.359 0.316
0.337 0.366 0.324 0.328 0.341 0.374 0.374 0.336
0.33 0.354 0.321 0.322 0.33 0.359 0.357 0.319
0.364 0.385 0.353 0.357 0.367 0.351 0.353 0.316
0.333 0.338 0.327 0.328 0.332 0.367 0.365 0.291
0.356 0.364 0.342 0.347 0.353 0.375 0.376 0.339
0.359 0.369 0.351 0.345 0.361 0.342 0.342 0.292
0.344 0.371 0.332 0.334 0.342 0.361 0.372 0.331
0.358 0.367 0.355 0.352 0.358 0.35 0.35 0.315
0.32 0.339 0.311 0.312 0.322 0.35 0.355 0.334
0.371 0.398 0.357 0.36 0.368 0.385 0.388 0.352
0.344 0.367 0.332 0.338 0.344 0.373 0.356 0.308
0.311 0.315 0.298 0.301 0.309 0.327 0.327 0.298
0.349 0.37 0.332 0.328 0.349 0.337 0.337 0.302
0.339 0.34 0.331 0.333 0.337 0.356 0.356 0.325
0.361 0.358 0.338 0.339 0.354 0.351 0.351 0.31
0.29 0.338 0.284 0.292 0.294 0.367 0.367 0.28
0.33 0.354 0.324 0.324 0.329 0.361 0.361 0.302
0.359 0.396 0.356 0.356 0.369 0.39 0.389 0.337
0.328 0.322 0.313 0.313 0.319 0.34 0.34 0.293
0.348 0.363 0.331 0.334 0.343 0.352 0.35 0.328
0.363 0.359 0.355 0.353 0.362 0.404 0.405 0.372
0.35 0.346 0.337 0.339 0.339 0.361 0.361 0.319
0.368 0.394 0.359 0.355 0.368 0.366 0.365 0.339
0.37 0.355 0.348 0.348 0.362 0.374 0.373 0.325
0.331 0.348 0.325 0.319 0.329 0.355 0.356 0.307
0.37 0.381 0.35 0.351 0.364 0.346 0.346 0.305
0.342 0.359 0.332 0.331 0.343 0.355 0.355 0.305
0.361 0.383 0.337 0.341 0.361 0.338 0.34 0.281
0.369 0.382 0.354 0.356 0.37 0.383 0.375 0.327
0.296 0.313 0.288 0.286 0.299 0.347 0.343 0.307
0.331 0.359 0.32 0.318 0.327 0.382 0.378 0.32
0.348 0.386 0.331 0.329 0.344 0.356 0.355 0.299
0.375 0.405 0.368 0.364 0.374 0.378 0.368 0.345
0.347 0.351 0.34 0.341 0.346 0.375 0.359 0.323
0.363 0.352 0.349 0.35 0.363 0.36 0.36 0.312
0.362 0.376 0.351 0.351 0.359 0.391 0.385 0.331
0.361 0.381 0.352 0.354 0.361 0.355 0.355 0.307
0.352 0.365 0.342 0.342 0.354 0.363 0.362 0.317
0.333 0.361 0.321 0.326 0.333 0.355 0.355 0.321
0.305 0.332 0.302 0.297 0.306 0.354 0.354 0.281
0.344 0.37 0.325 0.33 0.341 0.366 0.366 0.341
0.358 0.353 0.337 0.34 0.359 0.369 0.369 0.313
0.382 0.4 0.378 0.376 0.385 0.347 0.347 0.309
0.338 0.346 0.329 0.329 0.338 0.33 0.33 0.294
0.345 0.363 0.339 0.332 0.345 0.357 0.352 0.308
0.372 0.375 0.369 0.366 0.373 0.386 0.386 0.324
0.356 0.358 0.33 0.328 0.34 0.399 0.399 0.34
0.333 0.344 0.315 0.323 0.328 0.349 0.351 0.3
0.378 0.394 0.37 0.37 0.376 0.364 0.364 0.34
0.357 0.382 0.338 0.342 0.35 0.361 0.359 0.317
0.371 0.379 0.366 0.368 0.374 0.401 0.383 0.346
0.384 0.406 0.365 0.361 0.378 0.418 0.413 0.348
0.331 0.371 0.326 0.322 0.33 0.363 0.362 0.3
0.36 0.368 0.347 0.344 0.355 0.39 0.389 0.332
0.367 0.417 0.353 0.356 0.368 0.351 0.351 0.333
0.361 0.387 0.344 0.346 0.355 0.354 0.354 0.32
0.318 0.303 0.306 0.305 0.316 0.354 0.354 0.318
0.382 0.386 0.376 0.373 0.383 0.374 0.374 0.357
0.36 0.394 0.359 0.354 0.361 0.365 0.365 0.309
0.334 0.359 0.329 0.326 0.334 0.389 0.394 0.313
0.318 0.346 0.31 0.312 0.319 0.326 0.325 0.277
0.313 0.324 0.311 0.308 0.324 0.355 0.354 0.302
0.333 0.356 0.329 0.325 0.334 0.344 0.344 0.294
0.332 0.339 0.322 0.326 0.335 0.385 0.385 0.291
0.419 0.412 0.404 0.402 0.417 0.435 0.425 0.369
0.346 0.325 0.328 0.333 0.346 0.395 0.397 0.325
0.348 0.346 0.341 0.34 0.349 0.388 0.39 0.327
0.393 0.413 0.376 0.379 0.395 0.37 0.37 0.347
0.294 0.311 0.284 0.287 0.292 0.331 0.331 0.284
0.35 0.363 0.337 0.343 0.35 0.372 0.372 0.295
0.376 0.385 0.363 0.366 0.376 0.386 0.387 0.337
0.38 0.391 0.372 0.373 0.382 0.379 0.379 0.334
0.35 0.352 0.34 0.338 0.348 0.37 0.37 0.318
0.356 0.361 0.34 0.337 0.354 0.354 0.354 0.322
0.348 0.343 0.341 0.341 0.346 0.372 0.37 0.31
0.324 0.344 0.316 0.314 0.326 0.338 0.338 0.294
0.361 0.378 0.355 0.358 0.36 0.357 0.354 0.302
0.317 0.327 0.307 0.307 0.317 0.367 0.367 0.294
0.383 0.404 0.372 0.365 0.379 0.391 0.391 0.358
0.37 0.377 0.363 0.359 0.367 0.422 0.401 0.366
0.338 0.361 0.342 0.336 0.343 0.332 0.332 0.295
0.34 0.336 0.334 0.336 0.341 0.361 0.361 0.313
0.361 0.389 0.349 0.352 0.361 0.352 0.356 0.325
0.312 0.339 0.31 0.309 0.311 0.364 0.363 0.323
0.36 0.359 0.351 0.351 0.36 0.363 0.363 0.312
0.394 0.388 0.385 0.386 0.391 0.39 0.391 0.352
0.364 0.367 0.357 0.366 0.366 0.364 0.364 0.315
0.361 0.369 0.338 0.346 0.356 0.36 0.358 0.311
0.315 0.339 0.311 0.309 0.317 0.363 0.363 0.296
0.38 0.39 0.372 0.374 0.38 0.383 0.379 0.325
0.351 0.374 0.336 0.34 0.352 0.359 0.359 0.327
0.368 0.376 0.354 0.36 0.367 0.379 0.378 0.328
0.339 0.343 0.328 0.333 0.344 0.339 0.338 0.328
0.336 0.349 0.324 0.328 0.334 0.35 0.348 0.303
0.276 0.307 0.265 0.271 0.276 0.318 0.3 0.238
0.355 0.39 0.345 0.344 0.36 0.377 0.377 0.334
0.393 0.388 0.381 0.384 0.393 0.357 0.358 0.315
0.352 0.35 0.332 0.335 0.354 0.353 0.35 0.298
0.349 0.369 0.339 0.339 0.349 0.377 0.377 0.325
0.358 0.346 0.348 0.353 0.356 0.368 0.369 0.319
0.371 0.397 0.367 0.367 0.37 0.375 0.375 0.312
0.358 0.355 0.347 0.349 0.353 0.375 0.376 0.332
0.357 0.379 0.349 0.343 0.355 0.412 0.412 0.338
0.331 0.353 0.317 0.317 0.329 0.372 0.372 0.309
0.35 0.386 0.342 0.342 0.351 0.376 0.376 0.315
0.344 0.38 0.333 0.33 0.341 0.338 0.337 0.307
0.34 0.337 0.332 0.326 0.34 0.358 0.358 0.303
0.358 0.388 0.346 0.349 0.357 0.351 0.351 0.317
0.349 0.383 0.332 0.326 0.346 0.37 0.359 0.311
0.365 0.386 0.349 0.348 0.36 0.387 0.383 0.344
0.361 0.376 0.349 0.346 0.359 0.403 0.385 0.365
0.36 0.38 0.356 0.356 0.362 0.383 0.39 0.337
0.314 0.342 0.3 0.301 0.313 0.33 0.33 0.288
0.337 0.35 0.323 0.324 0.337 0.352 0.352 0.298
0.322 0.345 0.315 0.317 0.322 0.341 0.341 0.293
0.359 0.347 0.342 0.344 0.351 0.365 0.365 0.313
0.343 0.378 0.326 0.321 0.338 0.33 0.33 0.313
0.335 0.357 0.325 0.33 0.34 0.37 0.37 0.315
0.337 0.376 0.318 0.318 0.331 0.356 0.356 0.305
0.341 0.347 0.328 0.332 0.342 0.363 0.363 0.318
0.332 0.338 0.321 0.318 0.33 0.369 0.369 0.312
0.357 0.353 0.347 0.342 0.354 0.381 0.38 0.321
0.363 0.365 0.352 0.357 0.364 0.409 0.411 0.335
0.339 0.36 0.325 0.32 0.33 0.36 0.353 0.305
0.33 0.348 0.327 0.328 0.333 0.349 0.349 0.319
0.322 0.347 0.316 0.313 0.323 0.364 0.365 0.275
0.357 0.362 0.35 0.346 0.356 0.355 0.355 0.323
0.335 0.349 0.325 0.329 0.336 0.386 0.386 0.319
0.325 0.34 0.314 0.316 0.322 0.333 0.333 0.298
0.366 0.398 0.354 0.353 0.365 0.38 0.379 0.308
0.327 0.365 0.314 0.31 0.317 0.374 0.374 0.311
0.326 0.328 0.317 0.315 0.324 0.362 0.364 0.285
0.365 0.367 0.35 0.352 0.365 0.365 0.365 0.344
0.31 0.322 0.3 0.298 0.312 0.327 0.327 0.265
0.363 0.389 0.347 0.344 0.362 0.408 0.389 0.342
0.364 0.371 0.344 0.34 0.357 0.355 0.355 0.31
0.343 0.371 0.336 0.335 0.345 0.359 0.359 0.31
0.34 0.368 0.331 0.334 0.337 0.364 0.364 0.316
0.353 0.397 0.333 0.342 0.345 0.369 0.369 0.297
0.327 0.338 0.319 0.317 0.322 0.386 0.374 0.315
0.339 0.34 0.327 0.327 0.337 0.373 0.373 0.313
0.354 0.395 0.344 0.347 0.354 0.359 0.359 0.319
0.308 0.324 0.294 0.3 0.315 0.341 0.341 0.282
0.362 0.395 0.349 0.351 0.358 0.369 0.369 0.319
0.35 0.352 0.339 0.343 0.349 0.356 0.343 0.321
0.367 0.357 0.343 0.346 0.358 0.383 0.383 0.348
0.307 0.31 0.296 0.293 0.307 0.356 0.356 0.294
0.347 0.357 0.333 0.332 0.344 0.368 0.368 0.305
0.365 0.377 0.356 0.353 0.363 0.402 0.393 0.358
0.354 0.334 0.343 0.348 0.354 0.359 0.358 0.312
0.375 0.354 0.361 0.364 0.376 0.378 0.378 0.325
0.353 0.392 0.34 0.339 0.353 0.371 0.371 0.305
0.356 0.373 0.34 0.345 0.362 0.395 0.394 0.339
0.345 0.343 0.335 0.333 0.35 0.384 0.384 0.328
0.37 0.408 0.361 0.359 0.37 0.378 0.362 0.329
0.365 0.353 0.35 0.344 0.358 0.382 0.383 0.308
0.352 0.364 0.35 0.341 0.352 0.34 0.34 0.305
0.296 0.32 0.286 0.283 0.298 0.309 0.309 0.254
0.342 0.34 0.331 0.333 0.347 0.366 0.365 0.33
0.36 0.383 0.347 0.346 0.356 0.357 0.356 0.295
0.342 0.383 0.335 0.338 0.337 0.368 0.362 0.331
0.355 0.362 0.341 0.344 0.348 0.363 0.363 0.328
0.365 0.392 0.353 0.356 0.365 0.394 0.394 0.339
0.36 0.366 0.351 0.349 0.354 0.337 0.337 0.314
0.348 0.357 0.331 0.334 0.35 0.374 0.373 0.321
0.388 0.403 0.373 0.373 0.387 0.354 0.354 0.318
0.336 0.329 0.319 0.321 0.336 0.357 0.355 0.309
0.346 0.335 0.324 0.321 0.334 0.333 0.333 0.3
0.341 0.376 0.324 0.318 0.33 0.379 0.379 0.309
0.312 0.346 0.3 0.304 0.316 0.355 0.355 0.298
0.329 0.345 0.314 0.31 0.323 0.356 0.354 0.287
0.325 0.329 0.318 0.321 0.325 0.348 0.347 0.284
0.357 0.369 0.344 0.348 0.353 0.35 0.349 0.3
0.336 0.341 0.322 0.327 0.337 0.385 0.379 0.324
0.341 0.341 0.327 0.324 0.339 0.356 0.356 0.303
0.331 0.346 0.324 0.327 0.333 0.357 0.358 0.29
0.335 0.345 0.326 0.326 0.335 0.354 0.354 0.299
0.37 0.384 0.352 0.358 0.371 0.395 0.394 0.368
0.364 0.388 0.354 0.355 0.363 0.385 0.382 0.332
0.359 0.389 0.339 0.345 0.362 0.359 0.361 0.339
0.349 0.352 0.332 0.335 0.348 0.356 0.356 0.327
0.366 0.389 0.356 0.355 0.363 0.369 0.369 0.337
0.331 0.349 0.319 0.32 0.333 0.346 0.347 0.282
0.37 0.375 0.355 0.352 0.369 0.377 0.377 0.34
0.362 0.364 0.35 0.35 0.361 0.379 0.379 0.328
0.376 0.389 0.367 0.362 0.377 0.387 0.381 0.339
0.339 0.338 0.33 0.331 0.335 0.349 0.349 0.286
0.349 0.364 0.34 0.34 0.35 0.355 0.355 0.301
0.342 0.333 0.324 0.321 0.329 0.387 0.386 0.317
0.343 0.365 0.335 0.337 0.342 0.375 0.367 0.332
0.35 0.351 0.329 0.331 0.344 0.395 0.395 0.333
0.349 0.37 0.34 0.348 0.35 0.369 0.363 0.316
0.343 0.36 0.335 0.334 0.341 0.39 0.39 0.324
0.322 0.357 0.303 0.307 0.313 0.382 0.372 0.315
0.404 0.444 0.392 0.395 0.403 0.404 0.4 0.359
0.333 0.327 0.319 0.313 0.329 0.358 0.358 0.319
0.285 0.316 0.275 0.272 0.283 0.33 0.33 0.279
0.396 0.405 0.387 0.385 0.395 0.383 0.383 0.334
0.346 0.348 0.333 0.335 0.345 0.364 0.364 0.319
0.368 0.394 0.36 0.353 0.37 0.352 0.352 0.306
0.339 0.353 0.321 0.325 0.332 0.358 0.351 0.298
0.34 0.353 0.328 0.326 0.339 0.36 0.36 0.303
0.329 0.324 0.322 0.321 0.331 0.353 0.345 0.301
0.379 0.391 0.36 0.367 0.38 0.381 0.382 0.319
0.354 0.335 0.342 0.341 0.352 0.39 0.38 0.306
0.345 0.358 0.327 0.33 0.345 0.357 0.356 0.285
0.345 0.363 0.332 0.334 0.345 0.385 0.37 0.335
0.349 0.372 0.34 0.334 0.348 0.39 0.387 0.328
0.328 0.353 0.318 0.322 0.331 0.327 0.326 0.305
0.338 0.373 0.328 0.326 0.34 0.303 0.303 0.263
0.338 0.35 0.328 0.328 0.336 0.363 0.365 0.305
0.372 0.39 0.359 0.367 0.372 0.373 0.375 0.326
0.37 0.379 0.359 0.354 0.365 0.374 0.374 0.316
0.351 0.372 0.341 0.343 0.35 0.394 0.394 0.33
0.363 0.386 0.35 0.35 0.361 0.376 0.376 0.314
0.341 0.333 0.338 0.337 0.342 0.354 0.354 0.305
0.337 0.347 0.335 0.33 0.34 0.357 0.357 0.286
0.354 0.341 0.332 0.337 0.347 0.377 0.371 0.314
0.349 0.375 0.343 0.344 0.347 0.39 0.385 0.316
0.331 0.351 0.321 0.322 0.333 0.384 0.373 0.336
0.391 0.431 0.37 0.374 0.387 0.35 0.348 0.321
0.352 0.368 0.345 0.346 0.354 0.355 0.355 0.302
0.361 0.345 0.348 0.348 0.36 0.371 0.367 0.322
0.354 0.363 0.344 0.341 0.353 0.357 0.355 0.317
0.343 0.337 0.335 0.33 0.345 0.372 0.372 0.308
0.388 0.392 0.374 0.379 0.383 0.385 0.368 0.343
0.306 0.291 0.293 0.293 0.305 0.322 0.322 0.263
0.308 0.333 0.301 0.304 0.305 0.348 0.348 0.291
0.361 0.373 0.349 0.35 0.359 0.399 0.379 0.344
0.331 0.336 0.324 0.323 0.332 0.348 0.348 0.304
0.378 0.391 0.367 0.368 0.38 0.395 0.386 0.356
0.31 0.331 0.295 0.299 0.312 0.336 0.337 0.304
0.376 0.359 0.355 0.355 0.368 0.392 0.395 0.339
0.369 0.4 0.356 0.351 0.368 0.371 0.371 0.299
0.32 0.334 0.316 0.312 0.323 0.388 0.375 0.322
0.318 0.326 0.31 0.312 0.319 0.361 0.362 0.281
0.324 0.353 0.315 0.315 0.325 0.35 0.349 0.289
0.369 0.383 0.358 0.358 0.369 0.418 0.418 0.352
0.332 0.355 0.331 0.326 0.334 0.374 0.374 0.298
0.346 0.338 0.341 0.339 0.345 0.37 0.371 0.303
0.378 0.397 0.363 0.364 0.371 0.384 0.383 0.346
0.367 0.369 0.355 0.358 0.367 0.368 0.368 0.337
0.387 0.395 0.379 0.379 0.389 0.387 0.388 0.344
0.363 0.379 0.354 0.353 0.363 0.379 0.379 0.303
0.349 0.373 0.341 0.335 0.349 0.39 0.379 0.311
0.339 0.354 0.328 0.327 0.337 0.347 0.347 0.313
0.345 0.375 0.338 0.333 0.346 0.344 0.353 0.298
0.373 0.39 0.358 0.364 0.373 0.383 0.383 0.35
0.367 0.365 0.358 0.358 0.366 0.385 0.377 0.35
0.376 0.388 0.371 0.364 0.376 0.345 0.345 0.31
0.352 0.38 0.346 0.346 0.354 0.369 0.369 0.303
0.326 0.348 0.316 0.318 0.324 0.384 0.374 0.317
0.352 0.364 0.344 0.347 0.355 0.334 0.334 0.311
0.343 0.343 0.332 0.335 0.344 0.368 0.366 0.308
0.329 0.357 0.321 0.32 0.328 0.349 0.348 0.29
0.333 0.339 0.323 0.324 0.332 0.374 0.374 0.294
0.368 0.407 0.357 0.361 0.368 0.372 0.371 0.309
0.383 0.395 0.375 0.375 0.381 0.405 0.406 0.346
0.335 0.369 0.318 0.317 0.331 0.355 0.355 0.316
0.342 0.378 0.336 0.337 0.343 0.375 0.359 0.319
0.348 0.373 0.335 0.337 0.35 0.396 0.393 0.326
0.37 0.356 0.355 0.352 0.362 0.395 0.395 0.335
0.36 0.371 0.351 0.351 0.359 0.369 0.369 0.304
0.355 0.376 0.332 0.339 0.345 0.392 0.385 0.33
0.378 0.397 0.369 0.371 0.376 0.392 0.372 0.345
0.361 0.374 0.351 0.35 0.36 0.381 0.391 0.362
0.366 0.38 0.347 0.346 0.359 0.378 0.378 0.325
0.357 0.356 0.345 0.341 0.357 0.367 0.366 0.339
0.372 0.375 0.364 0.362 0.372 0.379 0.379 0.328
0.352 0.375 0.333 0.337 0.35 0.365 0.365 0.327
0.363 0.359 0.346 0.347 0.358 0.353 0.353 0.299
0.38 0.385 0.371 0.368 0.379 0.367 0.367 0.33
0.342 0.345 0.334 0.333 0.343 0.36 0.359 0.317
0.298 0.315 0.293 0.292 0.299 0.351 0.353 0.296
0.354 0.371 0.349 0.346 0.354 0.384 0.385 0.327
0.361 0.382 0.352 0.351 0.361 0.353 0.353 0.317
0.348 0.37 0.333 0.336 0.349 0.371 0.371 0.32
0.354 0.354 0.348 0.345 0.353 0.367 0.367 0.333
0.339 0.356 0.324 0.323 0.338 0.326 0.326 0.309
0.354 0.37 0.338 0.338 0.349 0.362 0.362 0.308
0.328 0.326 0.321 0.318 0.326 0.326 0.327 0.29
0.377 0.361 0.355 0.354 0.37 0.362 0.362 0.331
0.369 0.371 0.363 0.358 0.366 0.372 0.37 0.341
0.346 0.39 0.332 0.327 0.346 0.359 0.354 0.329
0.329 0.33 0.312 0.318 0.324 0.343 0.34 0.295
0.33 0.341 0.305 0.308 0.323 0.378 0.374 0.344
0.357 0.369 0.333 0.335 0.351 0.356 0.356 0.269
0.348 0.391 0.334 0.339 0.351 0.376 0.375 0.336
0.336 0.335 0.327 0.321 0.333 0.38 0.362 0.316
0.363 0.375 0.348 0.345 0.358 0.366 0.368 0.31
0.33 0.352 0.326 0.326 0.332 0.356 0.356 0.294
0.316 0.331 0.31 0.313 0.316 0.366 0.366 0.31
0.356 0.367 0.342 0.342 0.354 0.367 0.363 0.306
0.345 0.368 0.337 0.338 0.345 0.366 0.365 0.314
0.359 0.35 0.347 0.345 0.359 0.38 0.38 0.332
0.383 0.42 0.364 0.365 0.378 0.389 0.389 0.342
0.333 0.323 0.31 0.312 0.33 0.381 0.384 0.333
0.342 0.355 0.328 0.327 0.341 0.373 0.365 0.322
0.345 0.341 0.336 0.335 0.346 0.369 0.351 0.322
0.372 0.404 0.363 0.365 0.373 0.387 0.387 0.332
0.352 0.374 0.344 0.342 0.354 0.384 0.384 0.34
0.331 0.345 0.325 0.322 0.332 0.361 0.36 0.285
0.342 0.355 0.322 0.322 0.334 0.373 0.371 0.296
0.34 0.341 0.334 0.329 0.338 0.336 0.336 0.309
0.36 0.402 0.344 0.345 0.356 0.376 0.376 0.328
0.365 0.378 0.354 0.351 0.36 0.408 0.401 0.365
0.329 0.351 0.314 0.32 0.328 0.332 0.332 0.275
0.375 0.39 0.351 0.355 0.365 0.368 0.368 0.323
0.368 0.377 0.361 0.359 0.366 0.384 0.384 0.331
0.373 0.378 0.356 0.356 0.364 0.381 0.381 0.353
0.306 0.299 0.296 0.294 0.301 0.36 0.353 0.309
0.349 0.369 0.341 0.345 0.352 0.347 0.347 0.295
0.348 0.352 0.341 0.332 0.348 0.356 0.356 0.328
0.365 0.362 0.352 0.351 0.363 0.376 0.371 0.325
0.373 0.376 0.36 0.36 0.373 0.435 0.425 0.361
0.351 0.355 0.335 0.335 0.345 0.363 0.363 0.326
0.353 0.354 0.343 0.345 0.353 0.36 0.36 0.317
0.346 0.362 0.335 0.334 0.346 0.359 0.359 0.304
0.319 0.326 0.313 0.312 0.317 0.356 0.356 0.294
0.352 0.375 0.343 0.342 0.352 0.37 0.37 0.324
0.369 0.366 0.357 0.356 0.365 0.371 0.367 0.339
0.371 0.361 0.359 0.356 0.368 0.398 0.372 0.335
0.344 0.389 0.34 0.34 0.346 0.369 0.369 0.323
0.325 0.347 0.315 0.313 0.325 0.336 0.335 0.298
0.386 0.394 0.376 0.371 0.38 0.376 0.376 0.327
0.337 0.364 0.327 0.324 0.337 0.371 0.371 0.306
0.337 0.368 0.324 0.325 0.338 0.361 0.361 0.308
0.386 0.392 0.378 0.376 0.384 0.38 0.38 0.339
0.325 0.345 0.312 0.31 0.331 0.35 0.35 0.283
0.349 0.366 0.329 0.331 0.339 0.346 0.331 0.295
0.39 0.407 0.382 0.38 0.388 0.407 0.412 0.365
0.375 0.42 0.365 0.362 0.374 0.363 0.363 0.326
0.327 0.336 0.307 0.312 0.323 0.36 0.352 0.312
0.352 0.374 0.347 0.347 0.352 0.368 0.368 0.29
0.362 0.379 0.356 0.357 0.361 0.397 0.397 0.338
0.35 0.379 0.337 0.333 0.352 0.345 0.344 0.3
0.31 0.332 0.303 0.308 0.312 0.364 0.364 0.273
0.342 0.378 0.335 0.332 0.341 0.372 0.372 0.294
0.34 0.372 0.332 0.328 0.341 0.377 0.366 0.325
0.363 0.377 0.36 0.356 0.364 0.351 0.351 0.321
0.343 0.355 0.337 0.336 0.342 0.353 0.348 0.299
0.341 0.34 0.33 0.332 0.344 0.339 0.339 0.304
0.37 0.377 0.358 0.358 0.365 0.385 0.383 0.318
0.371 0.357 0.359 0.358 0.365 0.376 0.376 0.347
0.338 0.349 0.312 0.312 0.321 0.376 0.376 0.305
0.339 0.361 0.331 0.329 0.339 0.382 0.381 0.323
0.325 0.363 0.316 0.317 0.326 0.334 0.334 0.279
0.388 0.406 0.378 0.376 0.388 0.408 0.408 0.358
0.357 0.374 0.352 0.35 0.36 0.388 0.366 0.319
0.333 0.346 0.327 0.323 0.332 0.39 0.368 0.348
0.322 0.332 0.316 0.318 0.319 0.329 0.33 0.312
0.356 0.376 0.344 0.346 0.354 0.386 0.386 0.31
0.346 0.342 0.34 0.341 0.345 0.369 0.367 0.319
0.364 0.359 0.35 0.345 0.353 0.372 0.37 0.301
0.366 0.389 0.362 0.355 0.369 0.35 0.35 0.316
0.34 0.342 0.326 0.33 0.337 0.368 0.368 0.32
0.327 0.339 0.313 0.312 0.326 0.388 0.384 0.35
0.338 0.35 0.324 0.329 0.335 0.354 0.354 0.304
0.327 0.367 0.313 0.319 0.327 0.388 0.389 0.334
0.353 0.368 0.341 0.342 0.35 0.377 0.376 0.317
0.319 0.336 0.316 0.313 0.319 0.363 0.354 0.298
0.315 0.344 0.309 0.304 0.316 0.358 0.359 0.286
0.407 0.403 0.39 0.398 0.407 0.428 0.427 0.377
0.34 0.364 0.33 0.327 0.336 0.357 0.357 0.324
0.374 0.392 0.361 0.366 0.372 0.39 0.386 0.317
0.343 0.379 0.336 0.332 0.342 0.34 0.339 0.292
0.352 0.36 0.345 0.344 0.352 0.342 0.342 0.296
0.365 0.367 0.348 0.351 0.363 0.35 0.35 0.311
0.335 0.349 0.321 0.316 0.325 0.386 0.366 0.292
0.337 0.372 0.323 0.321 0.335 0.366 0.367 0.33
0.324 0.318 0.319 0.316 0.325 0.363 0.368 0.316
0.33 0.35 0.313 0.313 0.322 0.339 0.339 0.269
0.365 0.363 0.359 0.353 0.365 0.372 0.365 0.339
0.365 0.356 0.36 0.353 0.365 0.377 0.377 0.342
0.329 0.333 0.32 0.32 0.33 0.357 0.357 0.294
0.373 0.38 0.362 0.365 0.373 0.346 0.347 0.322
0.359 0.361 0.341 0.339 0.35 0.359 0.36 0.328
0.378 0.385 0.357 0.355 0.371 0.383 0.383 0.34
0.355 0.355 0.346 0.347 0.353 0.359 0.36 0.318
0.339 0.387 0.336 0.331 0.341 0.369 0.369 0.296
0.385 0.415 0.366 0.37 0.379 0.376 0.376 0.32
0.382 0.378 0.375 0.375 0.381 0.367 0.367 0.322
0.368 0.363 0.356 0.361 0.363 0.357 0.357 0.314
0.364 0.398 0.353 0.36 0.366 0.375 0.375 0.334
0.323 0.332 0.314 0.316 0.323 0.359 0.359 0.298
0.378 0.406 0.368 0.369 0.378 0.363 0.342 0.314
0.355 0.382 0.34 0.334 0.351 0.356 0.356 0.317
0.347 0.348 0.332 0.339 0.348 0.392 0.392 0.328
0.347 0.365 0.334 0.333 0.347 0.371 0.372 0.32
0.338 0.339 0.321 0.321 0.328 0.354 0.354 0.303
0.324 0.338 0.317 0.31 0.323 0.402 0.402 0.307
0.353 0.357 0.342 0.342 0.35 0.402 0.38 0.346
0.37 0.382 0.358 0.359 0.369 0.357 0.357 0.322
0.365 0.355 0.354 0.351 0.367 0.388 0.388 0.335
0.385 0.399 0.373 0.374 0.387 0.375 0.375 0.341
0.361 0.396 0.352 0.35 0.365 0.367 0.367 0.315
0.363 0.382 0.361 0.356 0.365 0.35 0.341 0.324
0.394 0.407 0.38 0.381 0.395 0.385 0.385 0.35
0.315 0.336 0.305 0.304 0.315 0.372 0.373 0.323
0.318 0.312 0.306 0.304 0.321 0.323 0.323 0.293
0.339 0.353 0.335 0.337 0.343 0.364 0.364 0.311
0.345 0.358 0.338 0.339 0.345 0.355 0.333 0.297
0.349 0.368 0.332 0.337 0.349 0.357 0.357 0.321
0.354 0.37 0.349 0.35 0.356 0.429 0.414 0.326
0.341 0.355 0.331 0.329 0.34 0.377 0.367 0.312
0.407 0.401 0.397 0.395 0.411 0.359 0.358 0.323
0.326 0.334 0.316 0.314 0.323 0.375 0.374 0.322
0.399 0.408 0.394 0.392 0.402 0.403 0.403 0.357
0.318 0.334 0.313 0.312 0.316 0.331 0.331 0.276
0.336 0.352 0.32 0.319 0.332 0.362 0.36 0.31
0.377 0.38 0.366 0.364 0.379 0.396 0.396 0.348
0.351 0.366 0.345 0.349 0.353 0.364 0.364 0.34
0.344 0.351 0.344 0.342 0.347 0.366 0.366 0.312
0.342 0.36 0.33 0.331 0.339 0.354 0.354 0.309
0.325 0.316 0.314 0.314 0.322 0.339 0.339 0.3
0.332 0.34 0.319 0.319 0.329 0.352 0.352 0.298
0.341 0.352 0.331 0.333 0.341 0.384 0.384 0.326
0.339 0.356 0.322 0.323 0.333 0.355 0.355 0.315
0.324 0.328 0.317 0.315 0.323 0.374 0.368 0.318
0.334 0.34 0.324 0.327 0.33 0.377 0.374 0.312
0.338 0.362 0.328 0.326 0.341 0.36 0.361 0.301
0.335 0.358 0.328 0.325 0.333 0.36 0.357 0.32
0.343 0.382 0.337 0.332 0.34 0.343 0.343 0.28
0.306 0.32 0.3 0.296 0.303 0.354 0.354 0.303
0.346 0.349 0.332 0.333 0.34 0.346 0.345 0.312
0.367 0.367 0.337 0.337 0.351 0.344 0.346 0.294
0.35 0.371 0.337 0.34 0.341 0.41 0.392 0.326
0.39 0.396 0.382 0.383 0.389 0.382 0.382 0.331
0.355 0.362 0.347 0.344 0.352 0.365 0.364 0.3
0.339 0.359 0.324 0.329 0.337 0.363 0.362 0.311
0.363 0.391 0.356 0.356 0.363 0.367 0.368 0.317
0.361 0.365 0.354 0.358 0.362 0.385 0.385 0.339
0.348 0.372 0.336 0.337 0.346 0.356 0.357 0.314
0.315 0.322 0.308 0.312 0.315 0.361 0.342 0.29
0.331 0.35 0.327 0.323 0.331 0.319 0.319 0.292
0.363 0.37 0.358 0.353 0.36 0.356 0.356 0.323
0.322 0.354 0.311 0.317 0.323 0.377 0.378 0.319
0.378 0.396 0.359 0.356 0.369 0.388 0.372 0.35
0.356 0.382 0.345 0.346 0.353 0.382 0.374 0.35
0.36 0.356 0.349 0.35 0.362 0.357 0.357 0.318
0.323 0.344 0.317 0.319 0.329 0.379 0.378 0.311
0.372 0.406 0.359 0.358 0.368 0.374 0.374 0.294
0.374 0.394 0.362 0.354 0.374 0.37 0.361 0.33
0.346 0.365 0.337 0.338 0.348 0.365 0.353 0.311
0.36 0.366 0.342 0.344 0.361 0.373 0.372 0.337
0.364 0.388 0.355 0.355 0.362 0.395 0.395 0.345
0.384 0.378 0.367 0.366 0.378 0.37 0.347 0.315
0.331 0.36 0.329 0.323 0.331 0.366 0.366 0.311
0.367 0.378 0.353 0.357 0.366 0.389 0.389 0.325
0.357 0.363 0.353 0.351 0.358 0.365 0.353 0.301
0.351 0.369 0.342 0.345 0.353 0.384 0.384 0.325
0.325 0.346 0.316 0.319 0.325 0.358 0.357 0.276
0.325 0.351 0.317 0.312 0.324 0.369 0.372 0.323
0.368 0.389 0.356 0.355 0.367 0.381 0.381 0.341
0.352 0.395 0.346 0.346 0.354 0.371 0.376 0.33
0.38 0.387 0.367 0.371 0.379 0.391 0.391 0.336
0.313 0.359 0.303 0.3 0.314 0.393 0.387 0.327
0.356 0.331 0.347 0.346 0.354 0.38 0.379 0.317
0.309 0.323 0.3 0.298 0.307 0.364 0.364 0.319
0.375 0.385 0.363 0.361 0.375 0.359 0.359 0.322
0.336 0.342 0.32 0.319 0.334 0.344 0.344 0.285
0.342 0.373 0.327 0.329 0.331 0.373 0.376 0.329
0.342 0.349 0.331 0.329 0.341 0.363 0.368 0.315
0.356 0.37 0.344 0.345 0.355 0.379 0.378 0.333
0.354 0.382 0.347 0.339 0.35 0.367 0.373 0.317
0.353 0.37 0.339 0.345 0.353 0.379 0.38 0.311
0.325 0.322 0.309 0.309 0.318 0.35 0.35 0.277
0.304 0.308 0.294 0.294 0.303 0.337 0.335 0.276
0.327 0.345 0.319 0.32 0.327 0.326 0.326 0.279
0.334 0.337 0.321 0.323 0.334 0.324 0.321 0.293
0.374 0.391 0.367 0.365 0.375 0.401 0.397 0.346
0.393 0.414 0.388 0.386 0.393 0.379 0.379 0.327
0.347 0.359 0.342 0.345 0.356 0.363 0.362 0.317
0.326 0.336 0.319 0.315 0.326 0.337 0.337 0.314
0.39 0.381 0.38 0.379 0.387 0.377 0.372 0.319
0.352 0.369 0.341 0.337 0.352 0.393 0.381 0.334
0.33 0.375 0.319 0.321 0.329 0.358 0.358 0.283
0.369 0.395 0.352 0.364 0.369 0.343 0.338 0.318
0.348 0.37 0.337 0.344 0.348 0.391 0.391 0.331
0.348 0.356 0.326 0.331 0.342 0.387 0.387 0.323
0.349 0.368 0.344 0.339 0.345 0.362 0.361 0.308
0.329 0.342 0.324 0.326 0.328 0.346 0.345 0.289
0.32 0.316 0.308 0.307 0.319 0.359 0.358 0.304
0.296 0.312 0.293 0.293 0.297 0.335 0.335 0.304
0.328 0.329 0.32 0.319 0.332 0.382 0.383 0.311
0.341 0.349 0.335 0.328 0.339 0.371 0.371 0.329
0.356 0.386 0.348 0.345 0.356 0.377 0.377 0.351
0.296 0.324 0.281 0.284 0.288 0.318 0.318 0.271
0.354 0.356 0.348 0.346 0.355 0.371 0.371 0.324
0.378 0.384 0.374 0.373 0.381 0.384 0.384 0.341
0.405 0.393 0.38 0.38 0.395 0.417 0.42 0.388
0.331 0.337 0.326 0.323 0.331 0.357 0.358 0.307
0.353 0.394 0.337 0.339 0.354 0.366 0.367 0.313
0.357 0.392 0.347 0.35 0.359 0.368 0.368 0.336
0.375 0.368 0.359 0.359 0.373 0.369 0.362 0.34
0.398 0.406 0.385 0.385 0.398 0.404 0.404 0.367
0.365 0.345 0.349 0.349 0.361 0.35 0.35 0.306
0.36 0.369 0.347 0.35 0.359 0.369 0.369 0.314
0.328 0.364 0.315 0.32 0.327 0.361 0.359 0.303
0.33 0.328 0.327 0.324 0.328 0.357 0.358 0.293
0.32 0.336 0.312 0.31 0.323 0.356 0.355 0.302
0.314 0.308 0.304 0.305 0.315 0.326 0.326 0.272
0.34 0.35 0.331 0.33 0.342 0.344 0.346 0.293
0.374 0.37 0.359 0.359 0.371 0.389 0.379 0.321
0.294 0.309 0.29 0.288 0.294 0.356 0.356 0.308
0.357 0.361 0.351 0.347 0.357 0.349 0.349 0.334
0.361 0.37 0.351 0.349 0.362 0.347 0.351 0.337
0.375 0.375 0.362 0.355 0.372 0.365 0.365 0.314
0.356 0.37 0.349 0.35 0.355 0.361 0.361 0.292
0.32 0.354 0.309 0.314 0.32 0.351 0.351 0.298
0.332 0.34 0.323 0.321 0.331 0.333 0.333 0.293
0.307 0.344 0.3 0.299 0.307 0.37 0.372 0.303
0.369 0.369 0.355 0.354 0.369 0.391 0.391 0.343
0.356 0.373 0.344 0.338 0.355 0.367 0.367 0.321
0.368 0.389 0.355 0.355 0.367 0.368 0.368 0.331
0.387 0.375 0.38 0.377 0.383 0.381 0.381 0.343
0.348 0.396 0.336 0.339 0.347 0.365 0.365 0.328
0.329 0.352 0.325 0.321 0.329 0.366 0.366 0.317
0.314 0.325 0.304 0.3 0.308 0.341 0.341 0.303
0.335 0.337 0.327 0.324 0.334 0.365 0.365 0.311
0.362 0.364 0.352 0.357 0.36 0.36 0.36 0.306
0.374 0.389 0.352 0.353 0.367 0.407 0.379 0.336
0.348 0.353 0.332 0.336 0.344 0.334 0.334 0.315
0.349 0.363 0.342 0.344 0.351 0.353 0.349 0.31
0.323 0.348 0.317 0.314 0.323 0.371 0.371 0.325
0.344 0.352 0.334 0.331 0.346 0.365 0.364 0.311
0.406 0.411 0.391 0.387 0.402 0.393 0.393 0.331
0.353 0.409 0.347 0.344 0.354 0.421 0.404 0.362
0.4 0.399 0.386 0.387 0.399 0.395 0.395 0.357
0.347 0.368 0.336 0.336 0.348 0.366 0.366 0.305
0.331 0.355 0.324 0.317 0.331 0.344 0.344 0.295
0.352 0.361 0.344 0.341 0.355 0.369 0.37 0.315
0.332 0.359 0.32 0.322 0.33 0.329 0.318 0.275
0.335 0.367 0.325 0.317 0.335 0.374 0.384 0.324
0.34 0.361 0.331 0.327 0.34 0.379 0.38 0.304
0.357 0.351 0.339 0.336 0.346 0.372 0.372 0.311
0.343 0.387 0.33 0.328 0.342 0.366 0.353 0.322
0.313 0.333 0.305 0.303 0.312 0.344 0.312 0.285
0.314 0.343 0.305 0.298 0.314 0.349 0.349 0.293
0.351 0.366 0.341 0.341 0.354 0.393 0.393 0.329
0.37 0.356 0.348 0.349 0.368 0.369 0.355 0.321
0.365 0.379 0.357 0.363 0.369 0.404 0.402 0.351
0.36 0.375 0.345 0.346 0.358 0.375 0.371 0.323
0.344 0.352 0.327 0.33 0.341 0.361 0.354 0.304
0.321 0.334 0.31 0.304 0.317 0.346 0.346 0.294
0.373 0.367 0.365 0.362 0.374 0.397 0.397 0.347
0.367 0.376 0.363 0.365 0.369 0.364 0.364 0.327
0.359 0.368 0.351 0.351 0.362 0.363 0.363 0.297
0.349 0.347 0.335 0.338 0.344 0.363 0.363 0.316
0.347 0.376 0.332 0.33 0.345 0.352 0.351 0.302
0.349 0.357 0.327 0.33 0.339 0.33 0.33 0.286
0.376 0.375 0.37 0.371 0.377 0.383 0.351 0.316
0.348 0.342 0.331 0.327 0.339 0.355 0.355 0.314
0.365 0.413 0.359 0.36 0.366 0.389 0.388 0.33
0.357 0.384 0.349 0.349 0.359 0.385 0.385 0.316
0.37 0.371 0.357 0.353 0.367 0.409 0.409 0.342
0.355 0.367 0.35 0.345 0.356 0.379 0.375 0.343
0.354 0.373 0.338 0.34 0.352 0.384 0.384 0.316
0.36 0.388 0.346 0.352 0.362 0.393 0.392 0.35
0.325 0.327 0.311 0.314 0.324 0.341 0.341 0.292
0.317 0.333 0.31 0.311 0.315 0.315 0.308 0.276
0.36 0.382 0.353 0.35 0.362 0.385 0.383 0.349
0.34 0.357 0.329 0.331 0.34 0.365 0.365 0.302
0.344 0.371 0.338 0.338 0.351 0.359 0.359 0.308
0.386 0.373 0.377 0.372 0.388 0.377 0.377 0.325
0.336 0.337 0.328 0.322 0.335 0.367 0.366 0.317
0.328 0.354 0.325 0.319 0.329 0.377 0.377 0.323
0.354 0.381 0.347 0.342 0.357 0.38 0.377 0.328
0.327 0.368 0.316 0.312 0.327 0.344 0.344 0.291
0.403 0.429 0.393 0.388 0.401 0.386 0.386 0.339
0.312 0.321 0.301 0.298 0.313 0.341 0.331 0.272
0.325 0.353 0.321 0.321 0.324 0.348 0.349 0.293
0.362 0.371 0.345 0.34 0.364 0.383 0.383 0.321
0.377 0.363 0.369 0.363 0.373 0.36 0.36 0.32
0.323 0.352 0.313 0.312 0.324 0.348 0.348 0.307
0.309 0.309 0.296 0.3 0.307 0.373 0.365 0.273
0.374 0.371 0.357 0.357 0.369 0.422 0.42 0.374
0.376 0.382 0.367 0.369 0.375 0.39 0.394 0.348
0.35 0.374 0.34 0.339 0.349 0.379 0.373 0.296
0.34 0.354 0.333 0.331 0.34 0.367 0.367 0.326
0.356 0.382 0.352 0.352 0.358 0.35 0.35 0.312
0.384 0.392 0.366 0.364 0.378 0.388 0.388 0.325
0.361 0.385 0.342 0.342 0.359 0.363 0.363 0.313
0.373 0.393 0.363 0.366 0.371 0.388 0.385 0.337
0.362 0.365 0.359 0.356 0.369 0.387 0.386 0.345
0.353 0.363 0.339 0.338 0.353 0.382 0.382 0.342
0.348 0.349 0.332 0.336 0.347 0.358 0.358 0.301
0.342 0.371 0.332 0.335 0.341 0.361 0.36 0.3
0.335 0.347 0.323 0.318 0.333 0.344 0.344 0.282
0.358 0.371 0.352 0.356 0.358 0.356 0.356 0.311
0.355 0.359 0.344 0.339 0.349 0.377 0.377 0.315
0.364 0.376 0.351 0.351 0.36 0.387 0.369 0.319
0.33 0.336 0.304 0.307 0.325 0.359 0.358 0.309
0.39 0.379 0.376 0.379 0.388 0.409 0.402 0.335
0.331 0.349 0.318 0.318 0.33 0.379 0.36 0.325
0.381 0.376 0.377 0.373 0.382 0.406 0.404 0.359
0.348 0.344 0.338 0.337 0.347 0.365 0.365 0.311
0.339 0.36 0.331 0.334 0.341 0.355 0.356 0.303
0.354 0.361 0.349 0.343 0.354 0.368 0.368 0.326
0.398 0.411 0.391 0.385 0.4 0.353 0.354 0.329
0.324 0.329 0.325 0.323 0.324 0.37 0.368 0.31
0.383 0.417 0.364 0.362 0.372 0.373 0.365 0.34
0.369 0.368 0.359 0.362 0.366 0.356 0.357 0.314
0.328 0.343 0.313 0.309 0.316 0.357 0.354 0.288
0.377 0.392 0.369 0.367 0.378 0.388 0.383 0.348
0.335 0.364 0.324 0.327 0.335 0.379 0.379 0.344
0.346 0.37 0.341 0.339 0.346 0.344 0.341 0.296
0.336 0.384 0.326 0.331 0.337 0.365 0.365 0.309
0.37 0.367 0.354 0.353 0.367 0.355 0.354 0.308
0.338 0.353 0.32 0.323 0.333 0.358 0.343 0.303
0.343 0.366 0.328 0.333 0.34 0.341 0.341 0.304
0.391 0.388 0.368 0.365 0.391 0.397 0.399 0.338
0.354 0.38 0.347 0.345 0.354 0.359 0.36 0.303
0.324 0.332 0.315 0.318 0.325 0.35 0.35 0.298
0.322 0.347 0.305 0.308 0.323 0.354 0.356 0.307
0.346 0.371 0.336 0.336 0.344 0.387 0.387 0.308
0.402 0.404 0.389 0.384 0.398 0.398 0.398 0.357
0.377 0.402 0.361 0.369 0.38 0.387 0.387 0.333
0.347 0.366 0.34 0.334 0.346 0.347 0.348 0.314
0.344 0.357 0.332 0.332 0.343 0.358 0.339 0.318
0.325 0.343 0.321 0.317 0.328 0.361 0.361 0.32
0.389 0.392 0.38 0.38 0.391 0.365 0.366 0.324
0.341 0.375 0.334 0.321 0.34 0.365 0.365 0.297
0.359 0.364 0.339 0.343 0.353 0.38 0.38 0.343
0.326 0.328 0.314 0.314 0.326 0.348 0.349 0.29
0.331 0.342 0.315 0.315 0.327 0.372 0.372 0.295
0.362 0.348 0.351 0.35 0.361 0.374 0.374 0.329
0.345 0.356 0.336 0.333 0.346 0.351 0.351 0.297
0.386 0.378 0.374 0.372 0.387 0.376 0.377 0.33
0.356 0.364 0.348 0.351 0.356 0.375 0.375 0.311
0.337 0.343 0.324 0.327 0.336 0.366 0.365 0.304
0.37 0.369 0.363 0.355 0.369 0.373 0.372 0.326
0.345 0.365 0.337 0.334 0.346 0.354 0.359 0.313
0.361 0.364 0.347 0.349 0.36 0.364 0.363 0.331
0.35 0.396 0.344 0.34 0.348 0.394 0.394 0.328
0.339 0.337 0.327 0.33 0.336 0.364 0.364 0.303
0.347 0.355 0.34 0.343 0.352 0.365 0.365 0.319
0.348 0.333 0.331 0.332 0.34 0.341 0.34 0.296
0.308 0.318 0.299 0.299 0.306 0.345 0.345 0.288
0.354 0.36 0.335 0.334 0.346 0.365 0.365 0.317
0.399 0.398 0.39 0.394 0.397 0.406 0.406 0.361
0.348 0.35 0.331 0.334 0.339 0.348 0.339 0.298
0.348 0.358 0.333 0.343 0.347 0.382 0.381 0.299
0.336 0.362 0.321 0.325 0.332 0.367 0.367 0.323
0.352 0.383 0.34 0.339 0.348 0.371 0.371 0.315
0.359 0.364 0.352 0.35 0.357 0.371 0.371 0.324
0.346 0.37 0.339 0.339 0.345 0.364 0.364 0.297
0.337 0.352 0.319 0.315 0.329 0.378 0.377 0.316
0.346 0.362 0.333 0.34 0.347 0.36 0.36 0.303
0.345 0.372 0.341 0.333 0.346 0.387 0.387 0.322
0.337 0.358 0.326 0.324 0.334 0.376 0.373 0.318
0.354 0.366 0.35 0.347 0.353 0.389 0.39 0.347
0.392 0.423 0.386 0.38 0.392 0.379 0.379 0.328
0.385 0.436 0.375 0.371 0.382 0.4 0.401 0.347
0.335 0.357 0.318 0.322 0.332 0.374 0.372 0.326
0.387 0.387 0.375 0.375 0.388 0.332 0.332 0.303
0.365 0.369 0.348 0.354 0.359 0.357 0.357 0.324
0.362 0.385 0.342 0.345 0.351 0.368 0.368 0.333
0.338 0.364 0.322 0.318 0.338 0.34 0.341 0.284
0.344 0.367 0.335 0.338 0.345 0.352 0.352 0.311
0.336 0.361 0.326 0.323 0.334 0.385 0.379 0.313
0.356 0.349 0.341 0.348 0.354 0.377 0.381 0.343
0.337 0.371 0.333 0.334 0.336 0.356 0.356 0.261
0.354 0.373 0.346 0.339 0.351 0.357 0.359 0.3
0.344 0.368 0.339 0.337 0.344 0.371 0.372 0.322
0.347 0.366 0.335 0.339 0.344 0.361 0.361 0.311
0.377 0.398 0.368 0.368 0.381 0.384 0.384 0.35
0.333 0.336 0.321 0.319 0.325 0.355 0.355 0.299
0.365 0.368 0.354 0.356 0.366 0.378 0.38 0.334
0.405 0.419 0.39 0.397 0.403 0.391 0.393 0.353
0.335 0.354 0.329 0.328 0.332 0.383 0.377 0.318
0.341 0.328 0.336 0.336 0.345 0.385 0.385 0.337
0.317 0.331 0.307 0.31 0.319 0.373 0.368 0.324
