0.595 0.601 0.494 0.499 0.596 0.444 0.457 0.424
0.577 0.588 0.483 0.47 0.577 0.473 0.476 0.458
0.573 0.574 0.498 0.507 0.569 0.467 0.466 0.453
0.585 0.576 0.485 0.469 0.574 0.457 0.457 0.415
0.582 0.585 0.487 0.486 0.583 0.436 0.428 0.437
0.569 0.568 0.503 0.485 0.574 0.459 0.459 0.459
0.573 0.579 0.502 0.493 0.573 0.436 0.435 0.441
0.592 0.587 0.497 0.5 0.588 0.454 0.455 0.452
0.562 0.573 0.468 0.495 0.565 0.47 0.465 0.422
0.592 0.608 0.502 0.489 0.59 0.463 0.458 0.438
0.569 0.568 0.493 0.48 0.569 0.523 0.525 0.521
0.592 0.585 0.489 0.502 0.586 0.457 0.465 0.485
0.557 0.567 0.509 0.487 0.565 0.486 0.474 0.453
0.558 0.552 0.487 0.477 0.573 0.435 0.426 0.406
0.553 0.562 0.487 0.463 0.559 0.478 0.478 0.433
0.556 0.543 0.486 0.497 0.555 0.486 0.488 0.45
0.573 0.575 0.489 0.507 0.575 0.507 0.498 0.478
0.537 0.535 0.47 0.457 0.538 0.472 0.465 0.429
0.585 0.565 0.514 0.526 0.582 0.461 0.462 0.453
0.56 0.557 0.471 0.483 0.554 0.429 0.424 0.418
0.554 0.556 0.463 0.481 0.557 0.472 0.471 0.439
0.592 0.586 0.459 0.486 0.591 0.445 0.441 0.404
0.566 0.576 0.498 0.481 0.566 0.467 0.466 0.438
0.593 0.589 0.49 0.491 0.595 0.495 0.473 0.447
0.552 0.558 0.468 0.484 0.548 0.458 0.447 0.464
0.566 0.573 0.475 0.483 0.565 0.448 0.454 0.403
0.611 0.607 0.491 0.515 0.614 0.497 0.5 0.466
0.559 0.56 0.484 0.471 0.555 0.483 0.483 0.488
0.58 0.579 0.473 0.486 0.58 0.437 0.436 0.413
0.568 0.585 0.488 0.48 0.564 0.427 0.423 0.404
0.58 0.575 0.47 0.489 0.58 0.429 0.426 0.405
0.551 0.565 0.503 0.474 0.57 0.493 0.493 0.461
0.552 0.556 0.537 0.492 0.562 0.471 0.462 0.436
0.588 0.583 0.51 0.492 0.588 0.462 0.457 0.466
0.586 0.591 0.481 0.47 0.59 0.438 0.436 0.413
0.569 0.573 0.448 0.467 0.568 0.493 0.488 0.424
0.602 0.597 0.485 0.512 0.603 0.429 0.423 0.419
0.577 0.579 0.49 0.48 0.575 0.482 0.477 0.435
0.555 0.566 0.486 0.472 0.563 0.464 0.464 0.453
0.581 0.583 0.485 0.48 0.588 0.474 0.474 0.469
0.567 0.575 0.504 0.474 0.575 0.455 0.458 0.431
0.559 0.561 0.491 0.489 0.558 0.456 0.452 0.438
0.572 0.572 0.483 0.493 0.564 0.462 0.465 0.449
0.604 0.608 0.51 0.471 0.604 0.435 0.429 0.403
0.565 0.577 0.444 0.49 0.573 0.468 0.468 0.461
0.574 0.582 0.52 0.501 0.581 0.462 0.456 0.438
0.597 0.593 0.511 0.507 0.583 0.442 0.443 0.438
0.558 0.544 0.483 0.488 0.551 0.485 0.484 0.439
0.591 0.591 0.486 0.467 0.593 0.426 0.429 0.412
0.555 0.551 0.509 0.485 0.557 0.463 0.462 0.457
0.586 0.58 0.486 0.47 0.572 0.467 0.453 0.418
0.534 0.548 0.483 0.483 0.543 0.431 0.431 0.434
0.567 0.57 0.494 0.495 0.56 0.465 0.467 0.446
0.578 0.589 0.484 0.477 0.578 0.452 0.443 0.407
0.583 0.598 0.487 0.488 0.586 0.476 0.475 0.43
0.562 0.562 0.475 0.491 0.561 0.434 0.432 0.399
0.571 0.575 0.527 0.467 0.57 0.461 0.464 0.455
0.562 0.574 0.509 0.504 0.576 0.484 0.484 0.467
0.581 0.586 0.477 0.488 0.575 0.447 0.447 0.436
0.585 0.59 0.459 0.489 0.589 0.435 0.434 0.424
0.568 0.572 0.492 0.471 0.569 0.471 0.472 0.44
0.581 0.588 0.497 0.48 0.582 0.44 0.436 0.408
0.571 0.576 0.489 0.488 0.575 0.486 0.482 0.462
0.534 0.544 0.473 0.464 0.545 0.478 0.476 0.459
0.59 0.588 0.493 0.496 0.59 0.433 0.432 0.419
0.574 0.574 0.485 0.486 0.572 0.454 0.454 0.429
0.549 0.553 0.502 0.475 0.555 0.484 0.481 0.493
0.571 0.571 0.503 0.506 0.574 0.484 0.484 0.49
0.553 0.557 0.478 0.484 0.549 0.464 0.46 0.422
0.557 0.552 0.477 0.466 0.556 0.455 0.449 0.447
0.589 0.597 0.496 0.466 0.589 0.473 0.47 0.408
0.584 0.591 0.507 0.491 0.584 0.48 0.478 0.433
0.579 0.583 0.496 0.495 0.578 0.441 0.431 0.413
0.588 0.58 0.482 0.484 0.581 0.47 0.466 0.452
0.566 0.569 0.504 0.479 0.566 0.462 0.461 0.431
0.564 0.571 0.508 0.496 0.577 0.468 0.464 0.412
0.538 0.54 0.45 0.455 0.538 0.473 0.471 0.455
0.583 0.592 0.503 0.494 0.585 0.477 0.473 0.432
0.565 0.583 0.48 0.484 0.566 0.473 0.473 0.442
0.56 0.565 0.476 0.465 0.56 0.443 0.433 0.428
0.554 0.548 0.507 0.507 0.552 0.471 0.467 0.452
0.558 0.559 0.472 0.477 0.558 0.476 0.478 0.442
0.572 0.577 0.491 0.487 0.57 0.48 0.481 0.417
0.57 0.572 0.504 0.484 0.57 0.499 0.499 0.47
0.543 0.539 0.461 0.486 0.54 0.445 0.446 0.428
0.544 0.536 0.466 0.476 0.537 0.475 0.47 0.474
0.591 0.594 0.505 0.491 0.585 0.463 0.468 0.455
0.562 0.564 0.502 0.484 0.563 0.482 0.479 0.469
0.575 0.576 0.488 0.48 0.575 0.451 0.452 0.432
0.576 0.573 0.482 0.474 0.571 0.465 0.464 0.444
0.579 0.583 0.489 0.512 0.58 0.456 0.449 0.417
0.588 0.581 0.476 0.486 0.587 0.478 0.48 0.45
0.582 0.58 0.495 0.494 0.58 0.467 0.454 0.425
0.552 0.568 0.464 0.479 0.554 0.424 0.422 0.423
0.539 0.542 0.476 0.486 0.538 0.463 0.46 0.447
0.582 0.593 0.488 0.481 0.582 0.507 0.505 0.453
0.562 0.563 0.497 0.49 0.562 0.458 0.464 0.437
0.569 0.581 0.494 0.504 0.571 0.446 0.446 0.468
0.569 0.564 0.502 0.489 0.572 0.469 0.469 0.434
0.542 0.547 0.443 0.474 0.545 0.472 0.463 0.441
0.572 0.574 0.475 0.486 0.566 0.473 0.473 0.477
0.56 0.559 0.486 0.471 0.565 0.466 0.476 0.432
0.54 0.547 0.484 0.508 0.537 0.483 0.478 0.463
0.573 0.578 0.484 0.491 0.576 0.448 0.444 0.424
0.55 0.56 0.473 0.477 0.563 0.498 0.499 0.494
0.566 0.557 0.465 0.468 0.566 0.452 0.45 0.402
0.545 0.553 0.455 0.48 0.539 0.434 0.434 0.419
0.588 0.583 0.511 0.51 0.598 0.432 0.434 0.43
0.532 0.54 0.491 0.462 0.541 0.438 0.441 0.411
0.59 0.607 0.485 0.489 0.601 0.465 0.466 0.449
0.567 0.57 0.496 0.495 0.576 0.456 0.452 0.444
0.598 0.598 0.515 0.488 0.592 0.492 0.499 0.479
0.554 0.553 0.479 0.483 0.553 0.447 0.445 0.429
0.574 0.571 0.496 0.485 0.578 0.46 0.464 0.442
0.562 0.564 0.466 0.5 0.587 0.473 0.459 0.426
0.53 0.527 0.48 0.508 0.532 0.476 0.478 0.449
0.58 0.568 0.499 0.476 0.569 0.438 0.44 0.421
0.604 0.594 0.482 0.466 0.605 0.466 0.47 0.441
0.605 0.609 0.499 0.519 0.605 0.419 0.423 0.418
0.589 0.582 0.518 0.5 0.597 0.448 0.446 0.443
0.563 0.562 0.459 0.471 0.563 0.453 0.463 0.419
0.558 0.555 0.447 0.481 0.551 0.43 0.432 0.444
0.544 0.54 0.479 0.482 0.552 0.45 0.447 0.436
0.598 0.595 0.507 0.472 0.595 0.512 0.512 0.515
0.563 0.559 0.5 0.51 0.563 0.479 0.483 0.466
0.572 0.569 0.504 0.487 0.572 0.486 0.479 0.458
0.541 0.535 0.479 0.501 0.535 0.448 0.445 0.431
0.582 0.587 0.466 0.466 0.582 0.448 0.448 0.445
0.603 0.6 0.503 0.504 0.598 0.432 0.434 0.417
0.543 0.541 0.473 0.486 0.542 0.423 0.416 0.426
0.584 0.587 0.486 0.473 0.589 0.463 0.449 0.431
0.564 0.566 0.498 0.487 0.568 0.485 0.482 0.458
0.589 0.581 0.472 0.484 0.584 0.446 0.447 0.451
0.57 0.565 0.483 0.492 0.569 0.492 0.476 0.463
0.583 0.582 0.467 0.479 0.585 0.451 0.453 0.411
0.576 0.581 0.47 0.464 0.569 0.46 0.46 0.446
0.564 0.576 0.485 0.503 0.565 0.451 0.45 0.431
0.567 0.571 0.467 0.477 0.563 0.435 0.435 0.454
0.582 0.579 0.504 0.49 0.581 0.468 0.453 0.434
0.572 0.572 0.509 0.481 0.572 0.477 0.487 0.465
0.56 0.571 0.521 0.477 0.56 0.465 0.467 0.417
0.579 0.577 0.484 0.507 0.587 0.461 0.464 0.439
0.543 0.538 0.468 0.499 0.554 0.472 0.473 0.467
0.576 0.575 0.483 0.493 0.567 0.444 0.437 0.416
0.567 0.561 0.474 0.481 0.568 0.5 0.496 0.465
0.569 0.557 0.48 0.46 0.563 0.444 0.437 0.415
0.574 0.572 0.485 0.497 0.567 0.485 0.483 0.459
0.571 0.565 0.485 0.476 0.571 0.435 0.431 0.423
0.558 0.561 0.481 0.471 0.558 0.434 0.443 0.426
0.559 0.562 0.462 0.447 0.558 0.467 0.463 0.451
0.574 0.568 0.505 0.475 0.574 0.445 0.441 0.445
0.597 0.583 0.485 0.508 0.591 0.479 0.479 0.481
0.567 0.575 0.489 0.492 0.574 0.473 0.473 0.455
0.56 0.566 0.5 0.507 0.56 0.437 0.435 0.418
0.544 0.545 0.455 0.493 0.543 0.465 0.465 0.477
0.549 0.553 0.499 0.486 0.561 0.465 0.465 0.476
0.549 0.561 0.477 0.471 0.553 0.452 0.446 0.426
0.587 0.605 0.467 0.488 0.593 0.458 0.455 0.439
0.562 0.566 0.506 0.503 0.56 0.448 0.446 0.439
0.589 0.583 0.503 0.515 0.589 0.452 0.449 0.42
0.552 0.553 0.482 0.494 0.552 0.473 0.471 0.446
0.57 0.569 0.474 0.466 0.57 0.493 0.493 0.477
0.552 0.55 0.509 0.511 0.551 0.464 0.459 0.467
0.55 0.556 0.493 0.471 0.552 0.456 0.455 0.443
0.561 0.57 0.477 0.5 0.561 0.436 0.436 0.41
0.557 0.565 0.47 0.475 0.564 0.454 0.454 0.445
0.529 0.53 0.428 0.429 0.529 0.491 0.491 0.47
0.596 0.595 0.49 0.491 0.593 0.47 0.47 0.446
0.588 0.606 0.506 0.497 0.597 0.458 0.454 0.419
0.552 0.55 0.478 0.477 0.553 0.481 0.48 0.457
0.592 0.587 0.507 0.512 0.592 0.495 0.495 0.489
0.601 0.584 0.491 0.506 0.596 0.461 0.463 0.464
0.576 0.588 0.489 0.475 0.586 0.455 0.455 0.433
0.561 0.575 0.5 0.487 0.566 0.475 0.47 0.458
0.563 0.563 0.478 0.489 0.566 0.448 0.456 0.449
0.569 0.565 0.464 0.494 0.571 0.461 0.45 0.474
0.555 0.547 0.491 0.492 0.552 0.471 0.471 0.439
0.558 0.562 0.501 0.485 0.56 0.463 0.466 0.458
0.607 0.604 0.502 0.48 0.607 0.452 0.466 0.448
0.546 0.54 0.476 0.489 0.548 0.467 0.461 0.444
0.571 0.577 0.501 0.506 0.578 0.481 0.478 0.455
0.591 0.587 0.519 0.52 0.591 0.443 0.437 0.401
0.574 0.559 0.505 0.487 0.574 0.478 0.477 0.436
0.583 0.569 0.482 0.51 0.58 0.443 0.438 0.436
0.575 0.569 0.489 0.501 0.578 0.489 0.487 0.446
0.569 0.574 0.483 0.469 0.569 0.446 0.446 0.426
0.565 0.581 0.518 0.477 0.582 0.451 0.449 0.432
0.602 0.596 0.476 0.481 0.589 0.489 0.489 0.485
0.574 0.578 0.463 0.504 0.576 0.43 0.431 0.414
0.596 0.599 0.487 0.503 0.59 0.451 0.448 0.409
0.621 0.609 0.485 0.485 0.618 0.454 0.46 0.442
0.545 0.535 0.484 0.48 0.546 0.474 0.47 0.453
0.594 0.584 0.48 0.487 0.597 0.455 0.455 0.43
0.565 0.568 0.497 0.491 0.565 0.459 0.459 0.451
0.585 0.581 0.523 0.504 0.577 0.445 0.445 0.444
0.577 0.603 0.487 0.483 0.596 0.442 0.435 0.43
0.558 0.568 0.467 0.435 0.558 0.461 0.467 0.447
0.539 0.547 0.495 0.475 0.554 0.464 0.463 0.43
0.536 0.556 0.485 0.492 0.546 0.455 0.454 0.443
0.559 0.57 0.505 0.506 0.556 0.437 0.446 0.422
0.582 0.576 0.503 0.482 0.575 0.468 0.459 0.427
0.575 0.568 0.532 0.526 0.576 0.445 0.444 0.414
0.575 0.577 0.479 0.493 0.583 0.438 0.436 0.407
0.545 0.558 0.481 0.475 0.547 0.463 0.459 0.473
0.561 0.563 0.474 0.505 0.567 0.491 0.488 0.481
0.6 0.593 0.456 0.48 0.595 0.45 0.45 0.434
0.557 0.564 0.486 0.503 0.565 0.433 0.431 0.435
0.571 0.58 0.471 0.494 0.58 0.484 0.484 0.495
0.58 0.584 0.504 0.487 0.585 0.498 0.496 0.482
0.586 0.573 0.493 0.489 0.571 0.477 0.473 0.447
0.567 0.573 0.476 0.508 0.566 0.502 0.501 0.468
0.561 0.567 0.491 0.481 0.561 0.444 0.443 0.435
0.56 0.569 0.485 0.492 0.569 0.446 0.452 0.431
0.581 0.593 0.488 0.501 0.578 0.461 0.46 0.437
0.581 0.566 0.5 0.479 0.567 0.454 0.455 0.459
0.569 0.585 0.469 0.51 0.581 0.472 0.465 0.428
0.567 0.567 0.478 0.517 0.567 0.496 0.48 0.458
0.56 0.56 0.496 0.487 0.56 0.472 0.484 0.487
0.583 0.576 0.498 0.478 0.576 0.463 0.46 0.459
0.559 0.559 0.478 0.477 0.561 0.468 0.461 0.446
0.557 0.553 0.447 0.474 0.556 0.443 0.441 0.441
0.585 0.585 0.511 0.502 0.584 0.485 0.49 0.457
0.557 0.56 0.439 0.435 0.527 0.436 0.426 0.375
0.563 0.564 0.487 0.468 0.561 0.474 0.475 0.445
0.54 0.554 0.452 0.46 0.543 0.473 0.474 0.454
0.591 0.583 0.517 0.537 0.591 0.493 0.497 0.474
0.553 0.558 0.523 0.478 0.553 0.469 0.467 0.438
0.537 0.539 0.505 0.477 0.537 0.452 0.442 0.447
0.595 0.598 0.46 0.474 0.594 0.455 0.446 0.414
0.563 0.559 0.495 0.494 0.565 0.459 0.452 0.443
0.567 0.561 0.471 0.488 0.569 0.466 0.464 0.419
0.55 0.558 0.475 0.462 0.549 0.449 0.448 0.417
0.57 0.555 0.472 0.502 0.57 0.487 0.485 0.453
0.56 0.563 0.49 0.484 0.56 0.468 0.454 0.423
0.573 0.576 0.477 0.49 0.57 0.464 0.465 0.43
0.546 0.541 0.495 0.506 0.546 0.461 0.466 0.446
0.587 0.591 0.508 0.509 0.587 0.471 0.471 0.445
0.584 0.595 0.519 0.522 0.591 0.449 0.442 0.437
0.558 0.574 0.479 0.49 0.556 0.473 0.473 0.473
0.572 0.568 0.493 0.485 0.574 0.461 0.463 0.436
0.584 0.591 0.461 0.475 0.576 0.493 0.492 0.491
0.576 0.58 0.492 0.487 0.576 0.458 0.459 0.446
0.585 0.595 0.484 0.482 0.597 0.458 0.457 0.44
0.574 0.566 0.485 0.481 0.575 0.422 0.423 0.426
0.584 0.591 0.477 0.461 0.576 0.447 0.447 0.43
0.575 0.572 0.48 0.503 0.567 0.456 0.458 0.433
0.58 0.582 0.481 0.493 0.577 0.475 0.473 0.469
0.545 0.546 0.503 0.498 0.545 0.492 0.481 0.473
0.587 0.59 0.475 0.478 0.589 0.446 0.446 0.428
0.575 0.552 0.489 0.484 0.564 0.452 0.452 0.407
0.57 0.572 0.49 0.512 0.57 0.491 0.489 0.431
0.558 0.561 0.479 0.475 0.558 0.489 0.488 0.446
0.574 0.572 0.498 0.483 0.574 0.468 0.465 0.47
0.595 0.589 0.508 0.506 0.593 0.475 0.472 0.459
0.58 0.582 0.49 0.462 0.585 0.472 0.471 0.412
0.583 0.576 0.508 0.502 0.576 0.488 0.49 0.495
0.558 0.558 0.478 0.497 0.559 0.444 0.441 0.453
0.566 0.575 0.483 0.484 0.565 0.457 0.441 0.399
0.6 0.601 0.466 0.477 0.6 0.464 0.458 0.398
0.58 0.598 0.505 0.477 0.582 0.44 0.434 0.411
0.551 0.557 0.472 0.49 0.54 0.464 0.464 0.435
0.537 0.543 0.501 0.468 0.548 0.464 0.46 0.442
0.574 0.58 0.513 0.498 0.577 0.491 0.493 0.492
0.56 0.553 0.511 0.498 0.56 0.484 0.475 0.44
0.569 0.571 0.509 0.507 0.571 0.489 0.488 0.469
0.588 0.593 0.485 0.501 0.588 0.488 0.489 0.465
0.545 0.54 0.49 0.476 0.538 0.475 0.471 0.464
0.558 0.558 0.465 0.485 0.561 0.443 0.443 0.402
0.555 0.558 0.5 0.498 0.564 0.455 0.455 0.468
0.58 0.583 0.48 0.47 0.581 0.482 0.491 0.474
0.543 0.55 0.492 0.493 0.543 0.447 0.445 0.435
0.564 0.567 0.457 0.481 0.568 0.446 0.438 0.435
0.557 0.561 0.483 0.495 0.558 0.435 0.435 0.445
0.582 0.579 0.482 0.502 0.583 0.483 0.483 0.444
0.565 0.577 0.491 0.477 0.578 0.466 0.466 0.446
0.566 0.585 0.46 0.485 0.576 0.461 0.456 0.454
0.551 0.559 0.467 0.471 0.556 0.454 0.451 0.449
0.537 0.532 0.481 0.478 0.536 0.491 0.482 0.455
0.571 0.573 0.491 0.504 0.561 0.466 0.465 0.482
0.545 0.557 0.498 0.474 0.56 0.498 0.488 0.452
0.582 0.58 0.486 0.538 0.584 0.473 0.473 0.456
0.552 0.555 0.492 0.473 0.553 0.431 0.439 0.409
0.564 0.549 0.454 0.459 0.546 0.477 0.471 0.497
0.577 0.576 0.477 0.496 0.566 0.494 0.492 0.447
0.584 0.574 0.472 0.472 0.582 0.465 0.472 0.414
0.555 0.568 0.459 0.498 0.567 0.476 0.478 0.44
0.616 0.611 0.49 0.504 0.616 0.454 0.464 0.415
0.573 0.584 0.5 0.487 0.573 0.479 0.479 0.449
0.555 0.565 0.503 0.481 0.555 0.454 0.455 0.461
0.552 0.564 0.509 0.478 0.562 0.456 0.458 0.452
0.595 0.605 0.476 0.475 0.599 0.434 0.434 0.442
0.596 0.591 0.507 0.482 0.594 0.479 0.477 0.453
0.598 0.602 0.483 0.479 0.598 0.458 0.46 0.456
0.57 0.546 0.494 0.51 0.56 0.472 0.464 0.452
0.558 0.556 0.483 0.527 0.563 0.454 0.444 0.448
0.548 0.564 0.48 0.492 0.548 0.447 0.446 0.415
0.582 0.574 0.475 0.475 0.572 0.443 0.443 0.433
0.573 0.568 0.492 0.472 0.568 0.496 0.499 0.476
0.55 0.554 0.465 0.482 0.545 0.483 0.482 0.463
0.609 0.597 0.491 0.522 0.612 0.45 0.451 0.434
0.589 0.587 0.518 0.494 0.589 0.49 0.49 0.456
0.588 0.588 0.489 0.476 0.591 0.464 0.467 0.446
0.57 0.567 0.484 0.504 0.57 0.488 0.492 0.464
0.559 0.575 0.471 0.531 0.567 0.476 0.462 0.438
0.553 0.558 0.476 0.475 0.553 0.456 0.458 0.432
0.543 0.535 0.472 0.467 0.52 0.456 0.45 0.433
0.531 0.542 0.45 0.46 0.533 0.454 0.451 0.426
0.573 0.577 0.487 0.487 0.578 0.463 0.463 0.445
0.544 0.542 0.5 0.495 0.555 0.46 0.463 0.427
0.583 0.589 0.52 0.502 0.59 0.454 0.438 0.431
0.581 0.585 0.484 0.469 0.578 0.469 0.468 0.434
0.548 0.553 0.475 0.487 0.547 0.461 0.459 0.443
0.586 0.582 0.509 0.517 0.579 0.481 0.48 0.439
0.571 0.559 0.48 0.482 0.573 0.488 0.477 0.46
0.571 0.565 0.473 0.486 0.564 0.461 0.451 0.46
0.553 0.55 0.469 0.47 0.553 0.467 0.463 0.466
0.56 0.572 0.474 0.516 0.574 0.487 0.487 0.447
0.581 0.584 0.495 0.478 0.588 0.445 0.441 0.425
0.563 0.571 0.474 0.456 0.556 0.478 0.471 0.421
0.56 0.577 0.468 0.474 0.564 0.474 0.471 0.426
0.592 0.591 0.481 0.46 0.577 0.471 0.468 0.434
0.578 0.585 0.483 0.462 0.583 0.454 0.453 0.451
0.584 0.584 0.468 0.47 0.584 0.456 0.455 0.452
0.587 0.591 0.501 0.501 0.585 0.441 0.438 0.436
0.578 0.585 0.494 0.511 0.587 0.447 0.447 0.434
0.58 0.576 0.483 0.499 0.587 0.459 0.455 0.444
0.552 0.553 0.478 0.502 0.558 0.464 0.452 0.454
0.562 0.562 0.505 0.509 0.568 0.497 0.496 0.5
0.585 0.585 0.507 0.492 0.584 0.483 0.48 0.496
0.563 0.566 0.459 0.474 0.562 0.471 0.471 0.463
0.557 0.549 0.489 0.493 0.552 0.473 0.471 0.432
0.571 0.567 0.48 0.509 0.571 0.494 0.494 0.484
0.573 0.579 0.491 0.476 0.57 0.473 0.468 0.445
0.583 0.576 0.493 0.5 0.583 0.45 0.45 0.424
0.588 0.593 0.49 0.48 0.59 0.475 0.475 0.456
0.568 0.572 0.481 0.514 0.576 0.45 0.437 0.428
0.552 0.558 0.483 0.486 0.563 0.466 0.467 0.422
0.575 0.57 0.494 0.505 0.566 0.461 0.455 0.451
0.585 0.599 0.518 0.491 0.596 0.455 0.457 0.43
0.556 0.555 0.465 0.471 0.559 0.448 0.46 0.454
0.567 0.564 0.502 0.516 0.567 0.464 0.462 0.446
0.561 0.567 0.476 0.471 0.572 0.479 0.479 0.463
0.554 0.549 0.459 0.497 0.548 0.492 0.489 0.463
0.536 0.54 0.458 0.452 0.537 0.465 0.464 0.434
0.558 0.555 0.498 0.479 0.559 0.447 0.448 0.426
0.581 0.587 0.506 0.506 0.576 0.488 0.479 0.44
0.597 0.598 0.481 0.467 0.591 0.455 0.468 0.444
0.598 0.607 0.459 0.499 0.602 0.462 0.46 0.447
0.556 0.559 0.5 0.495 0.565 0.466 0.47 0.45
0.581 0.585 0.522 0.49 0.58 0.475 0.462 0.451
0.567 0.573 0.487 0.474 0.567 0.477 0.474 0.439
0.583 0.58 0.487 0.503 0.588 0.419 0.414 0.418
0.552 0.558 0.47 0.484 0.572 0.452 0.452 0.442
0.551 0.55 0.501 0.49 0.551 0.451 0.451 0.447
0.601 0.612 0.496 0.492 0.602 0.46 0.448 0.439
0.576 0.568 0.491 0.476 0.578 0.453 0.448 0.437
0.542 0.572 0.499 0.488 0.567 0.455 0.453 0.457
0.578 0.57 0.471 0.494 0.578 0.444 0.444 0.395
0.553 0.557 0.489 0.492 0.553 0.474 0.466 0.465
0.584 0.576 0.499 0.482 0.583 0.44 0.43 0.426
0.586 0.583 0.486 0.507 0.578 0.438 0.446 0.423
0.554 0.554 0.463 0.499 0.556 0.426 0.426 0.457
0.601 0.601 0.491 0.463 0.599 0.458 0.455 0.436
0.6 0.601 0.503 0.461 0.595 0.469 0.467 0.433
0.555 0.542 0.483 0.46 0.554 0.486 0.488 0.472
0.569 0.567 0.499 0.517 0.57 0.449 0.456 0.405
0.55 0.57 0.504 0.483 0.564 0.467 0.466 0.455
0.564 0.566 0.475 0.491 0.569 0.464 0.459 0.451
0.593 0.593 0.501 0.484 0.593 0.439 0.435 0.385
0.578 0.572 0.483 0.478 0.572 0.473 0.482 0.431
0.553 0.555 0.494 0.482 0.557 0.45 0.449 0.45
0.563 0.565 0.475 0.49 0.558 0.467 0.457 0.422
0.56 0.552 0.501 0.49 0.57 0.471 0.471 0.45
0.565 0.565 0.499 0.48 0.574 0.44 0.438 0.434
0.598 0.598 0.483 0.452 0.586 0.449 0.449 0.429
0.585 0.589 0.468 0.491 0.588 0.468 0.465 0.451
0.589 0.586 0.512 0.505 0.587 0.46 0.459 0.468
0.597 0.589 0.492 0.508 0.59 0.451 0.454 0.435
0.572 0.577 0.516 0.495 0.572 0.475 0.474 0.427
0.579 0.583 0.488 0.505 0.585 0.443 0.444 0.439
0.582 0.582 0.507 0.479 0.577 0.44 0.44 0.433
0.563 0.568 0.477 0.475 0.565 0.463 0.461 0.43
0.528 0.536 0.464 0.445 0.528 0.443 0.439 0.415
0.57 0.57 0.469 0.488 0.568 0.47 0.469 0.424
0.573 0.577 0.491 0.497 0.577 0.436 0.436 0.443
0.568 0.573 0.462 0.497 0.578 0.451 0.453 0.417
0.573 0.58 0.515 0.5 0.573 0.473 0.466 0.453
0.575 0.582 0.511 0.492 0.569 0.488 0.486 0.463
0.599 0.584 0.473 0.471 0.577 0.427 0.417 0.401
0.578 0.57 0.507 0.521 0.582 0.465 0.463 0.449
0.546 0.557 0.474 0.471 0.557 0.455 0.455 0.481
0.568 0.563 0.449 0.45 0.562 0.456 0.456 0.457
0.544 0.548 0.453 0.47 0.542 0.45 0.449 0.412
0.58 0.577 0.511 0.498 0.582 0.461 0.469 0.427
0.563 0.578 0.471 0.494 0.565 0.472 0.471 0.45
0.581 0.551 0.482 0.512 0.581 0.441 0.45 0.431
0.571 0.58 0.501 0.519 0.575 0.462 0.46 0.444
0.549 0.573 0.463 0.522 0.576 0.471 0.469 0.436
0.553 0.569 0.507 0.463 0.556 0.471 0.466 0.443
0.556 0.566 0.503 0.499 0.56 0.463 0.462 0.443
0.554 0.562 0.494 0.487 0.567 0.476 0.476 0.471
0.557 0.572 0.502 0.486 0.571 0.48 0.478 0.457
0.555 0.569 0.479 0.485 0.565 0.465 0.457 0.437
0.564 0.568 0.47 0.484 0.56 0.464 0.453 0.408
0.584 0.578 0.509 0.485 0.578 0.473 0.473 0.479
0.558 0.562 0.479 0.488 0.557 0.462 0.462 0.455
0.583 0.589 0.507 0.5 0.583 0.446 0.453 0.456
0.567 0.551 0.471 0.476 0.571 0.436 0.444 0.408
0.58 0.589 0.494 0.499 0.581 0.473 0.473 0.457
0.583 0.578 0.497 0.449 0.583 0.436 0.438 0.426
0.572 0.576 0.465 0.464 0.571 0.475 0.468 0.432
0.578 0.587 0.484 0.484 0.578 0.416 0.415 0.431
0.565 0.578 0.461 0.477 0.564 0.473 0.471 0.446
0.546 0.535 0.481 0.462 0.54 0.447 0.453 0.467
0.573 0.58 0.485 0.466 0.57 0.484 0.481 0.481
0.578 0.586 0.511 0.53 0.587 0.453 0.434 0.412
0.582 0.585 0.523 0.502 0.593 0.446 0.441 0.439
0.592 0.582 0.482 0.49 0.591 0.456 0.446 0.488
0.555 0.555 0.478 0.49 0.557 0.466 0.463 0.468
0.585 0.596 0.484 0.533 0.59 0.495 0.497 0.523
0.54 0.546 0.457 0.455 0.539 0.443 0.452 0.433
0.586 0.582 0.5 0.499 0.581 0.444 0.449 0.429
0.588 0.586 0.457 0.501 0.588 0.474 0.475 0.428
0.567 0.566 0.477 0.47 0.571 0.482 0.491 0.455
0.596 0.6 0.473 0.492 0.594 0.46 0.459 0.43
0.551 0.553 0.464 0.468 0.551 0.489 0.47 0.471
0.553 0.569 0.482 0.463 0.558 0.424 0.421 0.453
0.591 0.598 0.486 0.466 0.576 0.435 0.427 0.423
0.564 0.568 0.498 0.512 0.562 0.463 0.463 0.486
0.576 0.571 0.471 0.497 0.574 0.451 0.453 0.454
0.563 0.563 0.47 0.507 0.575 0.446 0.444 0.437
0.565 0.567 0.479 0.473 0.568 0.451 0.443 0.409
0.568 0.559 0.478 0.49 0.573 0.426 0.426 0.449
0.576 0.57 0.5 0.509 0.576 0.485 0.486 0.438
0.555 0.562 0.52 0.504 0.556 0.49 0.479 0.447
0.603 0.603 0.462 0.49 0.603 0.438 0.434 0.389
0.564 0.556 0.471 0.511 0.554 0.475 0.471 0.442
0.603 0.6 0.509 0.51 0.603 0.458 0.461 0.475
0.581 0.579 0.485 0.472 0.579 0.468 0.483 0.462
0.605 0.607 0.456 0.482 0.594 0.488 0.488 0.461
0.553 0.544 0.477 0.478 0.556 0.461 0.457 0.431
0.571 0.573 0.49 0.478 0.569 0.458 0.453 0.429
0.554 0.546 0.456 0.464 0.552 0.452 0.454 0.404
0.589 0.591 0.468 0.48 0.582 0.453 0.453 0.435
0.545 0.541 0.469 0.47 0.536 0.461 0.457 0.442
0.581 0.59 0.486 0.512 0.597 0.464 0.467 0.413
0.561 0.569 0.498 0.486 0.561 0.483 0.483 0.48
0.572 0.565 0.501 0.509 0.575 0.467 0.473 0.483
0.542 0.562 0.454 0.472 0.558 0.44 0.435 0.418
0.535 0.539 0.477 0.484 0.531 0.484 0.484 0.437
0.584 0.592 0.487 0.486 0.584 0.477 0.477 0.472
0.602 0.597 0.478 0.493 0.603 0.457 0.452 0.412
0.546 0.548 0.473 0.484 0.545 0.445 0.451 0.428
0.575 0.58 0.481 0.502 0.574 0.456 0.457 0.45
0.564 0.571 0.463 0.478 0.564 0.448 0.452 0.438
0.548 0.56 0.467 0.474 0.557 0.445 0.445 0.456
0.592 0.594 0.47 0.49 0.593 0.451 0.45 0.415
0.587 0.586 0.517 0.521 0.587 0.501 0.5 0.495
0.537 0.528 0.494 0.476 0.537 0.487 0.486 0.468
0.532 0.542 0.481 0.477 0.535 0.464 0.457 0.429
0.546 0.56 0.468 0.472 0.557 0.436 0.438 0.433
0.571 0.584 0.478 0.487 0.57 0.468 0.473 0.443
0.549 0.55 0.496 0.467 0.55 0.431 0.432 0.449
0.571 0.567 0.483 0.483 0.574 0.46 0.46 0.439
0.558 0.56 0.495 0.527 0.558 0.446 0.432 0.414
0.553 0.564 0.487 0.455 0.553 0.468 0.47 0.423
0.568 0.562 0.49 0.466 0.568 0.471 0.468 0.454
0.574 0.573 0.522 0.505 0.575 0.483 0.479 0.471
0.557 0.564 0.471 0.45 0.56 0.478 0.479 0.46
0.563 0.571 0.504 0.479 0.57 0.465 0.457 0.452
0.575 0.574 0.502 0.463 0.573 0.498 0.492 0.463
0.543 0.534 0.493 0.488 0.542 0.49 0.485 0.453
0.584 0.581 0.475 0.494 0.582 0.424 0.421 0.426
0.583 0.587 0.474 0.477 0.586 0.463 0.465 0.435
0.581 0.595 0.494 0.482 0.583 0.47 0.47 0.441
0.563 0.576 0.473 0.476 0.574 0.464 0.477 0.44
0.589 0.589 0.499 0.491 0.587 0.442 0.442 0.431
0.568 0.575 0.486 0.482 0.567 0.447 0.434 0.424
0.58 0.592 0.476 0.462 0.582 0.491 0.491 0.487
0.575 0.569 0.478 0.496 0.574 0.48 0.483 0.448
0.582 0.588 0.488 0.483 0.571 0.448 0.449 0.47
0.583 0.607 0.488 0.493 0.584 0.45 0.441 0.41
0.599 0.6 0.472 0.448 0.599 0.466 0.468 0.461
0.577 0.579 0.47 0.478 0.577 0.484 0.479 0.484
0.574 0.573 0.512 0.511 0.574 0.465 0.46 0.423
0.554 0.574 0.48 0.478 0.566 0.465 0.465 0.459
0.559 0.566 0.505 0.468 0.561 0.469 0.464 0.446
0.578 0.572 0.495 0.473 0.57 0.477 0.472 0.423
0.578 0.582 0.505 0.507 0.576 0.436 0.439 0.425
0.57 0.581 0.472 0.488 0.573 0.451 0.446 0.455
0.558 0.568 0.475 0.471 0.558 0.494 0.496 0.516
0.562 0.569 0.471 0.473 0.565 0.479 0.477 0.471
0.561 0.57 0.501 0.483 0.553 0.449 0.448 0.42
0.567 0.563 0.468 0.465 0.565 0.439 0.442 0.452
0.563 0.568 0.497 0.512 0.571 0.45 0.451 0.457
0.563 0.568 0.514 0.488 0.561 0.459 0.45 0.418
0.586 0.582 0.492 0.49 0.59 0.471 0.468 0.426
0.569 0.571 0.486 0.484 0.564 0.457 0.449 0.426
0.556 0.561 0.477 0.505 0.557 0.47 0.47 0.474
0.557 0.55 0.45 0.463 0.556 0.462 0.463 0.415
0.549 0.556 0.472 0.506 0.557 0.458 0.449 0.421
0.55 0.553 0.482 0.477 0.549 0.458 0.458 0.463
0.577 0.576 0.485 0.489 0.573 0.465 0.46 0.436
0.554 0.545 0.456 0.469 0.554 0.459 0.462 0.452
0.559 0.563 0.481 0.49 0.581 0.447 0.451 0.451
0.55 0.56 0.48 0.484 0.549 0.441 0.429 0.43
0.569 0.567 0.489 0.474 0.567 0.447 0.452 0.458
0.58 0.563 0.487 0.488 0.58 0.467 0.457 0.448
0.567 0.574 0.474 0.489 0.567 0.478 0.473 0.473
0.581 0.577 0.468 0.467 0.568 0.452 0.449 0.457
0.541 0.544 0.47 0.482 0.541 0.468 0.471 0.442
0.567 0.577 0.501 0.509 0.575 0.449 0.449 0.43
0.597 0.595 0.502 0.503 0.607 0.507 0.507 0.475
0.567 0.572 0.497 0.486 0.569 0.473 0.473 0.447
0.566 0.566 0.498 0.5 0.562 0.466 0.464 0.418
0.559 0.557 0.471 0.487 0.552 0.469 0.47 0.462
0.55 0.553 0.469 0.489 0.542 0.455 0.459 0.442
0.572 0.573 0.494 0.505 0.57 0.504 0.5 0.488
0.588 0.593 0.498 0.513 0.593 0.464 0.472 0.437
0.566 0.565 0.51 0.496 0.565 0.471 0.463 0.459
0.565 0.564 0.471 0.493 0.564 0.47 0.47 0.447
0.556 0.561 0.47 0.449 0.559 0.463 0.454 0.448
0.551 0.562 0.453 0.445 0.545 0.446 0.436 0.427
0.576 0.572 0.508 0.471 0.569 0.467 0.465 0.445
0.588 0.592 0.48 0.499 0.588 0.433 0.433 0.427
0.552 0.551 0.487 0.457 0.557 0.461 0.457 0.462
0.574 0.579 0.481 0.486 0.576 0.441 0.443 0.426
0.613 0.604 0.504 0.51 0.617 0.442 0.443 0.428
0.565 0.575 0.485 0.463 0.57 0.473 0.47 0.443
0.575 0.578 0.516 0.489 0.576 0.494 0.492 0.466
0.571 0.571 0.488 0.479 0.575 0.48 0.473 0.442
0.58 0.58 0.494 0.482 0.572 0.482 0.481 0.444
0.539 0.539 0.48 0.474 0.543 0.478 0.476 0.42
0.596 0.601 0.498 0.479 0.601 0.447 0.441 0.433
0.557 0.568 0.472 0.462 0.557 0.458 0.461 0.417
0.586 0.586 0.496 0.461 0.586 0.476 0.469 0.449
0.594 0.586 0.508 0.481 0.587 0.45 0.45 0.47
0.566 0.572 0.474 0.465 0.571 0.48 0.476 0.44
0.557 0.549 0.46 0.487 0.558 0.474 0.471 0.453
0.564 0.579 0.494 0.489 0.578 0.46 0.456 0.44
0.597 0.606 0.497 0.478 0.6 0.467 0.467 0.441
0.569 0.566 0.479 0.475 0.565 0.476 0.476 0.454
0.55 0.55 0.476 0.468 0.535 0.477 0.476 0.463
0.586 0.587 0.484 0.503 0.591 0.463 0.45 0.411
0.569 0.573 0.481 0.461 0.561 0.439 0.415 0.419
0.548 0.541 0.496 0.485 0.548 0.475 0.48 0.446
0.59 0.596 0.49 0.533 0.592 0.488 0.486 0.427
0.574 0.581 0.473 0.493 0.574 0.475 0.478 0.474
0.59 0.577 0.492 0.48 0.585 0.469 0.459 0.439
0.569 0.57 0.519 0.509 0.577 0.461 0.461 0.46
0.584 0.583 0.456 0.466 0.585 0.443 0.437 0.459
0.564 0.572 0.475 0.492 0.553 0.438 0.442 0.432
0.589 0.577 0.478 0.504 0.587 0.417 0.417 0.397
0.564 0.567 0.475 0.494 0.564 0.468 0.463 0.421
0.56 0.561 0.498 0.48 0.563 0.48 0.483 0.454
0.566 0.568 0.497 0.492 0.577 0.453 0.449 0.471
0.562 0.561 0.469 0.482 0.548 0.464 0.459 0.425
0.584 0.58 0.479 0.496 0.584 0.469 0.463 0.438
0.573 0.569 0.511 0.498 0.572 0.437 0.433 0.413
0.575 0.583 0.466 0.505 0.568 0.453 0.449 0.47
0.594 0.596 0.479 0.472 0.598 0.449 0.443 0.407
0.563 0.574 0.515 0.518 0.579 0.466 0.463 0.453
0.607 0.605 0.475 0.477 0.589 0.433 0.433 0.405
0.597 0.597 0.488 0.497 0.597 0.457 0.457 0.477
0.571 0.583 0.484 0.505 0.581 0.458 0.449 0.441
0.57 0.569 0.481 0.468 0.572 0.48 0.48 0.484
0.568 0.57 0.46 0.473 0.565 0.474 0.475 0.45
0.571 0.575 0.487 0.471 0.57 0.478 0.475 0.466
0.599 0.602 0.471 0.514 0.596 0.458 0.457 0.459
0.557 0.569 0.483 0.468 0.565 0.46 0.464 0.416
0.56 0.545 0.502 0.478 0.566 0.463 0.462 0.448
0.54 0.539 0.496 0.482 0.542 0.444 0.445 0.434
0.583 0.588 0.5 0.503 0.588 0.464 0.464 0.483
0.557 0.568 0.497 0.482 0.555 0.433 0.427 0.417
0.564 0.571 0.49 0.502 0.566 0.47 0.469 0.476
0.592 0.59 0.496 0.493 0.592 0.469 0.465 0.444
0.524 0.545 0.468 0.483 0.535 0.463 0.465 0.433
0.571 0.572 0.466 0.516 0.574 0.465 0.467 0.425
0.562 0.581 0.479 0.465 0.582 0.46 0.46 0.441
0.543 0.558 0.483 0.452 0.553 0.46 0.46 0.427
0.603 0.616 0.481 0.5 0.615 0.48 0.486 0.464
0.573 0.593 0.494 0.478 0.59 0.45 0.447 0.442
0.57 0.554 0.49 0.463 0.558 0.479 0.479 0.476
0.566 0.557 0.479 0.481 0.549 0.479 0.481 0.417
0.586 0.571 0.492 0.495 0.576 0.455 0.467 0.448
0.534 0.555 0.473 0.489 0.558 0.434 0.438 0.43
0.587 0.598 0.484 0.495 0.585 0.47 0.476 0.429
0.567 0.564 0.474 0.476 0.559 0.444 0.447 0.432
0.586 0.599 0.504 0.488 0.586 0.445 0.445 0.442
0.57 0.581 0.476 0.496 0.57 0.461 0.459 0.43
0.594 0.603 0.495 0.48 0.592 0.474 0.473 0.456
0.585 0.583 0.485 0.477 0.575 0.469 0.469 0.442
0.543 0.564 0.481 0.475 0.543 0.445 0.445 0.432
0.548 0.568 0.439 0.494 0.548 0.44 0.439 0.415
0.579 0.579 0.483 0.488 0.573 0.438 0.434 0.436
0.57 0.583 0.494 0.514 0.578 0.462 0.456 0.424
0.553 0.567 0.495 0.477 0.561 0.483 0.488 0.456
0.564 0.557 0.481 0.492 0.562 0.455 0.446 0.441
0.585 0.582 0.478 0.476 0.589 0.469 0.458 0.44
0.591 0.595 0.488 0.488 0.592 0.461 0.47 0.425
0.589 0.588 0.517 0.488 0.586 0.481 0.481 0.44
0.585 0.578 0.523 0.49 0.585 0.444 0.441 0.417
0.539 0.541 0.46 0.508 0.544 0.49 0.49 0.479
0.563 0.565 0.455 0.497 0.562 0.435 0.436 0.419
0.601 0.606 0.498 0.505 0.596 0.421 0.412 0.418
0.577 0.588 0.482 0.478 0.581 0.447 0.444 0.421
0.596 0.586 0.51 0.533 0.596 0.453 0.452 0.434
0.583 0.592 0.487 0.498 0.584 0.47 0.472 0.45
0.584 0.602 0.522 0.483 0.581 0.425 0.415 0.426
0.591 0.592 0.479 0.503 0.591 0.441 0.441 0.463
0.591 0.606 0.463 0.48 0.605 0.444 0.444 0.444
0.549 0.547 0.476 0.483 0.549 0.466 0.466 0.473
0.559 0.569 0.497 0.507 0.559 0.467 0.47 0.462
0.591 0.597 0.503 0.474 0.576 0.464 0.464 0.449
0.553 0.57 0.48 0.48 0.56 0.452 0.445 0.405
0.557 0.555 0.48 0.48 0.557 0.442 0.446 0.448
0.587 0.592 0.484 0.481 0.588 0.452 0.434 0.406
0.572 0.574 0.466 0.476 0.579 0.432 0.425 0.412
0.557 0.553 0.46 0.489 0.557 0.433 0.439 0.413
0.579 0.587 0.501 0.481 0.58 0.439 0.44 0.418
0.607 0.586 0.501 0.486 0.59 0.469 0.469 0.472
0.565 0.574 0.481 0.479 0.562 0.453 0.453 0.438
0.555 0.563 0.448 0.47 0.556 0.485 0.476 0.449
0.563 0.559 0.489 0.492 0.558 0.481 0.472 0.459
0.56 0.559 0.476 0.481 0.56 0.483 0.485 0.452
0.577 0.573 0.507 0.503 0.57 0.43 0.429 0.476
0.595 0.603 0.497 0.462 0.592 0.456 0.455 0.452
0.575 0.571 0.485 0.498 0.569 0.447 0.451 0.445
0.555 0.558 0.489 0.514 0.569 0.458 0.467 0.462
0.549 0.559 0.501 0.476 0.548 0.464 0.462 0.443
0.548 0.546 0.475 0.502 0.545 0.495 0.48 0.436
0.594 0.589 0.489 0.484 0.578 0.428 0.435 0.414
0.562 0.574 0.481 0.463 0.562 0.459 0.469 0.436
0.58 0.581 0.493 0.514 0.58 0.496 0.492 0.497
0.569 0.578 0.473 0.489 0.573 0.455 0.454 0.457
0.526 0.52 0.446 0.446 0.526 0.453 0.454 0.437
0.577 0.584 0.47 0.484 0.574 0.488 0.487 0.479
0.575 0.577 0.489 0.468 0.571 0.448 0.449 0.454
0.548 0.543 0.476 0.505 0.548 0.468 0.453 0.451
0.559 0.557 0.482 0.506 0.561 0.474 0.466 0.463
0.57 0.565 0.486 0.499 0.569 0.451 0.447 0.454
0.589 0.585 0.518 0.476 0.59 0.465 0.464 0.449
0.574 0.568 0.49 0.481 0.57 0.454 0.45 0.44
0.574 0.587 0.48 0.508 0.581 0.436 0.441 0.418
0.549 0.548 0.498 0.485 0.548 0.48 0.484 0.441
0.582 0.582 0.473 0.485 0.581 0.485 0.485 0.475
0.579 0.573 0.471 0.493 0.572 0.49 0.483 0.459
0.579 0.587 0.486 0.492 0.586 0.474 0.47 0.468
0.591 0.59 0.472 0.471 0.589 0.441 0.432 0.393
0.579 0.579 0.512 0.503 0.577 0.457 0.456 0.429
0.57 0.567 0.488 0.474 0.571 0.478 0.47 0.471
0.572 0.571 0.473 0.49 0.574 0.457 0.459 0.431
0.6 0.604 0.479 0.5 0.6 0.468 0.458 0.462
0.592 0.586 0.496 0.491 0.577 0.434 0.434 0.414
0.61 0.604 0.481 0.489 0.61 0.444 0.446 0.448
0.587 0.592 0.503 0.488 0.59 0.465 0.463 0.438
0.57 0.578 0.501 0.489 0.579 0.46 0.464 0.428
0.589 0.588 0.492 0.484 0.594 0.463 0.468 0.422
0.542 0.542 0.467 0.491 0.542 0.509 0.499 0.46
0.566 0.564 0.505 0.521 0.579 0.46 0.444 0.443
0.595 0.591 0.481 0.492 0.595 0.459 0.454 0.424
0.559 0.554 0.491 0.487 0.554 0.473 0.471 0.46
0.585 0.582 0.48 0.476 0.581 0.448 0.444 0.446
0.596 0.599 0.493 0.492 0.596 0.488 0.481 0.45
0.525 0.54 0.463 0.46 0.525 0.453 0.455 0.437
0.548 0.535 0.462 0.474 0.533 0.456 0.452 0.475
0.573 0.572 0.474 0.48 0.571 0.486 0.476 0.456
0.581 0.589 0.505 0.489 0.593 0.501 0.496 0.5
0.605 0.578 0.493 0.521 0.597 0.454 0.453 0.424
0.553 0.563 0.483 0.491 0.556 0.499 0.5 0.481
0.565 0.56 0.479 0.485 0.564 0.457 0.457 0.455
0.585 0.574 0.475 0.461 0.576 0.419 0.424 0.421
0.565 0.579 0.473 0.48 0.563 0.471 0.47 0.458
0.577 0.579 0.475 0.491 0.572 0.46 0.456 0.43
0.575 0.585 0.493 0.496 0.575 0.478 0.477 0.453
0.533 0.549 0.479 0.472 0.549 0.457 0.456 0.417
0.561 0.576 0.481 0.468 0.56 0.47 0.457 0.414
0.535 0.546 0.48 0.498 0.532 0.474 0.469 0.431
0.57 0.57 0.477 0.478 0.57 0.441 0.441 0.417
0.567 0.565 0.462 0.478 0.569 0.473 0.468 0.445
0.592 0.604 0.506 0.48 0.592 0.468 0.469 0.437
0.555 0.548 0.491 0.492 0.542 0.429 0.429 0.441
0.585 0.587 0.485 0.471 0.573 0.477 0.478 0.414
0.593 0.582 0.488 0.49 0.586 0.443 0.439 0.414
0.553 0.553 0.509 0.498 0.558 0.477 0.475 0.45
0.563 0.57 0.493 0.514 0.571 0.49 0.49 0.481
0.563 0.569 0.473 0.458 0.558 0.433 0.431 0.414
0.577 0.558 0.472 0.499 0.57 0.462 0.453 0.441
0.572 0.576 0.473 0.463 0.565 0.444 0.443 0.444
0.561 0.566 0.477 0.499 0.579 0.455 0.461 0.438
0.567 0.576 0.495 0.488 0.555 0.439 0.44 0.434
0.582 0.593 0.48 0.491 0.582 0.448 0.448 0.425
0.569 0.574 0.477 0.515 0.568 0.485 0.483 0.455
0.604 0.597 0.492 0.531 0.604 0.465 0.475 0.45
0.597 0.582 0.487 0.479 0.589 0.434 0.434 0.446
0.606 0.616 0.519 0.497 0.616 0.462 0.456 0.437
0.575 0.571 0.474 0.465 0.577 0.456 0.442 0.445
0.587 0.588 0.48 0.503 0.577 0.474 0.475 0.436
0.547 0.563 0.474 0.453 0.548 0.44 0.433 0.412
0.6 0.592 0.495 0.498 0.602 0.47 0.466 0.447
0.54 0.541 0.496 0.465 0.541 0.459 0.46 0.447
0.586 0.585 0.461 0.474 0.596 0.482 0.482 0.458
0.586 0.585 0.502 0.503 0.586 0.452 0.446 0.434
0.577 0.568 0.5 0.505 0.57 0.472 0.473 0.459
0.566 0.57 0.48 0.475 0.568 0.454 0.451 0.451
0.588 0.581 0.504 0.499 0.584 0.44 0.44 0.465
0.583 0.579 0.487 0.487 0.583 0.46 0.455 0.406
0.546 0.544 0.494 0.5 0.547 0.473 0.471 0.445
0.572 0.577 0.479 0.486 0.573 0.46 0.461 0.443
0.569 0.587 0.482 0.502 0.567 0.444 0.45 0.421
0.557 0.566 0.484 0.47 0.557 0.464 0.461 0.432
0.582 0.583 0.498 0.496 0.586 0.476 0.476 0.456
0.582 0.574 0.483 0.46 0.576 0.447 0.447 0.443
0.582 0.572 0.495 0.524 0.582 0.47 0.473 0.492
0.597 0.615 0.514 0.51 0.599 0.421 0.421 0.423
0.551 0.556 0.483 0.481 0.563 0.433 0.432 0.413
0.57 0.565 0.489 0.499 0.565 0.472 0.458 0.454
0.573 0.58 0.453 0.477 0.573 0.467 0.468 0.43
0.579 0.577 0.481 0.488 0.581 0.465 0.46 0.404
0.578 0.586 0.493 0.468 0.578 0.467 0.466 0.465
0.568 0.567 0.482 0.483 0.567 0.478 0.478 0.456
0.588 0.582 0.504 0.496 0.582 0.489 0.498 0.474
0.584 0.591 0.472 0.446 0.578 0.49 0.488 0.419
0.541 0.534 0.462 0.468 0.542 0.467 0.457 0.443
0.557 0.556 0.48 0.461 0.547 0.462 0.454 0.414
0.557 0.557 0.509 0.5 0.556 0.487 0.494 0.46
0.6 0.589 0.493 0.502 0.607 0.471 0.466 0.469
0.594 0.591 0.468 0.488 0.589 0.485 0.481 0.465
0.564 0.574 0.475 0.482 0.563 0.486 0.493 0.471
0.546 0.539 0.468 0.473 0.545 0.452 0.453 0.455
0.585 0.584 0.483 0.483 0.578 0.448 0.449 0.414
0.555 0.545 0.475 0.46 0.548 0.463 0.464 0.473
0.592 0.588 0.496 0.499 0.591 0.468 0.474 0.481
0.583 0.58 0.505 0.464 0.584 0.453 0.459 0.426
0.571 0.568 0.511 0.483 0.57 0.504 0.505 0.483
0.594 0.596 0.496 0.479 0.6 0.481 0.484 0.462
0.585 0.59 0.492 0.482 0.589 0.459 0.449 0.409
0.574 0.579 0.496 0.461 0.574 0.457 0.451 0.421
0.57 0.563 0.479 0.515 0.569 0.462 0.459 0.444
0.557 0.573 0.515 0.499 0.573 0.472 0.476 0.469
0.581 0.572 0.484 0.489 0.579 0.432 0.434 0.425
0.57 0.558 0.485 0.464 0.571 0.528 0.528 0.508
0.569 0.559 0.492 0.511 0.569 0.468 0.455 0.454
0.598 0.584 0.47 0.487 0.578 0.453 0.453 0.435
0.591 0.59 0.452 0.47 0.581 0.486 0.484 0.455
0.567 0.577 0.464 0.454 0.558 0.459 0.456 0.42
0.551 0.555 0.494 0.476 0.548 0.472 0.465 0.479
0.589 0.591 0.5 0.489 0.589 0.461 0.447 0.413
0.566 0.579 0.473 0.496 0.567 0.492 0.491 0.475
0.577 0.581 0.469 0.454 0.565 0.468 0.466 0.43
0.52 0.529 0.467 0.464 0.52 0.441 0.442 0.44
0.57 0.572 0.489 0.48 0.57 0.483 0.481 0.501
0.583 0.585 0.512 0.482 0.579 0.438 0.434 0.425
0.564 0.568 0.472 0.463 0.564 0.468 0.464 0.443
0.567 0.559 0.479 0.5 0.559 0.467 0.464 0.462
0.542 0.551 0.482 0.482 0.549 0.478 0.478 0.473
0.572 0.577 0.525 0.497 0.576 0.475 0.475 0.454
0.549 0.559 0.482 0.457 0.55 0.472 0.478 0.467
0.555 0.555 0.469 0.489 0.56 0.47 0.466 0.45
0.572 0.576 0.491 0.474 0.579 0.491 0.489 0.476
0.564 0.563 0.485 0.481 0.556 0.452 0.452 0.479
0.56 0.561 0.506 0.487 0.566 0.462 0.458 0.457
0.583 0.579 0.473 0.462 0.569 0.475 0.475 0.464
0.577 0.578 0.507 0.49 0.585 0.479 0.477 0.458
0.579 0.58 0.502 0.479 0.579 0.444 0.452 0.439
0.563 0.566 0.479 0.502 0.566 0.484 0.484 0.474
0.57 0.568 0.468 0.474 0.575 0.459 0.456 0.436
0.588 0.595 0.483 0.483 0.59 0.503 0.5 0.471
0.552 0.562 0.477 0.481 0.557 0.469 0.469 0.423
0.605 0.604 0.512 0.504 0.601 0.479 0.467 0.403
0.573 0.58 0.475 0.499 0.58 0.467 0.467 0.449
0.555 0.544 0.503 0.515 0.555 0.455 0.453 0.432
0.563 0.577 0.494 0.503 0.571 0.482 0.482 0.449
0.546 0.55 0.481 0.46 0.546 0.456 0.46 0.427
0.579 0.572 0.478 0.476 0.57 0.455 0.457 0.462
0.563 0.572 0.489 0.494 0.564 0.502 0.502 0.489
0.564 0.571 0.488 0.49 0.56 0.469 0.467 0.454
0.534 0.537 0.475 0.488 0.536 0.482 0.476 0.492
0.572 0.586 0.462 0.47 0.574 0.493 0.493 0.502
0.543 0.549 0.452 0.458 0.543 0.464 0.466 0.451
0.558 0.573 0.464 0.468 0.574 0.46 0.453 0.463
0.576 0.578 0.46 0.475 0.568 0.481 0.479 0.44
0.587 0.594 0.499 0.481 0.587 0.426 0.43 0.438
0.59 0.596 0.505 0.516 0.589 0.446 0.446 0.441
0.581 0.583 0.49 0.496 0.585 0.475 0.48 0.44
0.574 0.568 0.491 0.509 0.574 0.446 0.446 0.416
0.572 0.573 0.498 0.511 0.572 0.461 0.464 0.446
0.554 0.55 0.492 0.483 0.557 0.441 0.44 0.455
0.566 0.563 0.518 0.521 0.575 0.484 0.488 0.484
0.548 0.547 0.484 0.477 0.54 0.486 0.485 0.459
0.577 0.576 0.48 0.482 0.576 0.481 0.48 0.483
0.573 0.553 0.485 0.51 0.573 0.464 0.461 0.42
0.556 0.568 0.486 0.483 0.552 0.448 0.441 0.419
0.577 0.583 0.474 0.487 0.585 0.464 0.459 0.434
0.579 0.584 0.48 0.464 0.577 0.473 0.472 0.437
0.556 0.561 0.485 0.512 0.556 0.476 0.476 0.462
0.56 0.566 0.508 0.501 0.564 0.462 0.461 0.447
0.583 0.58 0.484 0.508 0.578 0.465 0.477 0.478
0.56 0.552 0.468 0.458 0.56 0.487 0.481 0.438
0.57 0.583 0.5 0.454 0.571 0.438 0.436 0.442
0.566 0.569 0.458 0.474 0.571 0.451 0.451 0.45
0.568 0.56 0.47 0.486 0.57 0.485 0.48 0.455
0.573 0.572 0.473 0.506 0.573 0.465 0.459 0.428
0.584 0.582 0.498 0.482 0.585 0.446 0.448 0.43
0.561 0.569 0.474 0.505 0.559 0.445 0.445 0.44
0.549 0.548 0.479 0.471 0.547 0.457 0.457 0.44
0.598 0.608 0.505 0.501 0.608 0.501 0.507 0.484
0.58 0.58 0.494 0.483 0.578 0.48 0.478 0.447
0.592 0.607 0.501 0.506 0.592 0.48 0.482 0.454
0.554 0.561 0.489 0.457 0.554 0.478 0.477 0.441
0.565 0.572 0.475 0.47 0.564 0.442 0.442 0.414
0.567 0.559 0.488 0.483 0.572 0.458 0.457 0.447
0.577 0.599 0.468 0.48 0.603 0.488 0.496 0.436
0.58 0.579 0.511 0.513 0.581 0.453 0.455 0.437
0.553 0.562 0.468 0.494 0.565 0.516 0.516 0.456
0.556 0.556 0.492 0.474 0.559 0.461 0.462 0.489
0.588 0.575 0.501 0.493 0.583 0.462 0.453 0.419
0.544 0.538 0.491 0.508 0.545 0.478 0.488 0.48
0.575 0.576 0.498 0.478 0.573 0.481 0.482 0.491
0.582 0.579 0.514 0.495 0.582 0.477 0.471 0.476
0.589 0.591 0.501 0.474 0.589 0.464 0.462 0.412
0.58 0.572 0.469 0.482 0.569 0.477 0.475 0.445
0.538 0.53 0.483 0.467 0.538 0.48 0.482 0.478
0.574 0.561 0.486 0.501 0.569 0.454 0.454 0.434
0.594 0.601 0.525 0.521 0.594 0.424 0.42 0.423
0.577 0.571 0.477 0.495 0.577 0.482 0.481 0.485
0.579 0.57 0.496 0.493 0.584 0.442 0.44 0.426
0.571 0.569 0.486 0.468 0.571 0.462 0.462 0.491
0.565 0.568 0.487 0.488 0.565 0.478 0.469 0.453
0.578 0.566 0.483 0.472 0.573 0.436 0.431 0.404
0.557 0.558 0.511 0.476 0.557 0.447 0.446 0.421
0.566 0.56 0.507 0.509 0.565 0.462 0.442 0.453
0.588 0.588 0.483 0.485 0.59 0.492 0.497 0.456
0.561 0.57 0.469 0.433 0.564 0.457 0.456 0.453
0.579 0.596 0.484 0.474 0.581 0.447 0.446 0.446
0.552 0.557 0.469 0.471 0.553 0.458 0.45 0.41
0.595 0.598 0.485 0.477 0.595 0.522 0.517 0.492
0.582 0.588 0.492 0.486 0.582 0.458 0.456 0.429
0.568 0.559 0.477 0.474 0.57 0.443 0.446 0.423
0.581 0.589 0.489 0.489 0.581 0.421 0.418 0.401
0.56 0.557 0.498 0.472 0.561 0.47 0.458 0.445
0.556 0.554 0.477 0.503 0.558 0.479 0.476 0.466
0.583 0.591 0.475 0.482 0.572 0.448 0.452 0.452
0.55 0.557 0.437 0.487 0.54 0.45 0.454 0.426
0.558 0.579 0.459 0.496 0.558 0.468 0.467 0.434
0.56 0.552 0.473 0.459 0.554 0.452 0.448 0.413
0.571 0.577 0.489 0.483 0.575 0.477 0.476 0.462
0.552 0.552 0.479 0.476 0.547 0.467 0.471 0.442
0.588 0.582 0.504 0.499 0.587 0.461 0.461 0.465
0.582 0.576 0.501 0.521 0.582 0.464 0.465 0.443
0.561 0.565 0.491 0.478 0.561 0.477 0.477 0.489
0.581 0.579 0.491 0.488 0.591 0.458 0.444 0.437
0.572 0.566 0.498 0.506 0.572 0.469 0.469 0.431
0.572 0.575 0.474 0.474 0.572 0.472 0.469 0.434
0.559 0.551 0.473 0.497 0.553 0.482 0.481 0.491
0.556 0.56 0.478 0.445 0.548 0.505 0.489 0.477
0.564 0.561 0.467 0.484 0.567 0.475 0.477 0.417
0.618 0.611 0.507 0.49 0.618 0.47 0.463 0.464
0.561 0.575 0.477 0.485 0.559 0.48 0.476 0.443
0.598 0.625 0.471 0.496 0.598 0.459 0.456 0.451
0.567 0.6 0.49 0.487 0.595 0.472 0.471 0.445
0.578 0.583 0.49 0.5 0.578 0.481 0.477 0.448
0.549 0.55 0.482 0.497 0.549 0.486 0.488 0.462
0.589 0.591 0.496 0.493 0.588 0.467 0.471 0.465
0.595 0.602 0.503 0.497 0.59 0.43 0.429 0.403
0.575 0.573 0.483 0.491 0.572 0.469 0.461 0.466
0.564 0.56 0.477 0.483 0.57 0.453 0.453 0.447
0.554 0.556 0.485 0.462 0.552 0.478 0.464 0.424
0.584 0.578 0.491 0.479 0.574 0.474 0.474 0.48
0.594 0.597 0.489 0.486 0.598 0.439 0.443 0.441
0.568 0.577 0.486 0.513 0.568 0.462 0.469 0.439
0.537 0.545 0.459 0.477 0.539 0.465 0.468 0.449
0.597 0.605 0.516 0.513 0.594 0.437 0.423 0.424
0.581 0.572 0.495 0.539 0.575 0.444 0.442 0.457
0.543 0.547 0.48 0.471 0.541 0.482 0.479 0.433
0.592 0.593 0.485 0.471 0.602 0.476 0.476 0.481
0.553 0.551 0.495 0.461 0.554 0.463 0.464 0.45
0.588 0.592 0.499 0.494 0.588 0.406 0.413 0.423
0.561 0.579 0.498 0.514 0.574 0.451 0.456 0.415
0.557 0.555 0.488 0.517 0.557 0.469 0.461 0.464
0.564 0.551 0.445 0.493 0.555 0.465 0.463 0.429
0.572 0.577 0.487 0.501 0.576 0.474 0.469 0.431
0.593 0.599 0.501 0.505 0.601 0.467 0.469 0.442
0.576 0.581 0.488 0.463 0.577 0.457 0.459 0.424
0.589 0.584 0.484 0.468 0.586 0.504 0.503 0.465
0.558 0.567 0.498 0.503 0.571 0.446 0.437 0.417
0.55 0.553 0.451 0.475 0.54 0.456 0.446 0.437
0.554 0.554 0.461 0.487 0.553 0.489 0.486 0.456
0.564 0.563 0.502 0.493 0.564 0.46 0.46 0.43
0.558 0.559 0.478 0.461 0.558 0.487 0.487 0.461
0.543 0.545 0.476 0.476 0.543 0.519 0.514 0.456
0.559 0.566 0.481 0.51 0.553 0.482 0.479 0.439
0.578 0.583 0.467 0.478 0.578 0.466 0.457 0.429
0.559 0.56 0.489 0.485 0.568 0.455 0.456 0.431
0.561 0.573 0.482 0.47 0.566 0.471 0.473 0.425
0.561 0.546 0.451 0.462 0.546 0.411 0.411 0.435
0.564 0.56 0.481 0.488 0.559 0.515 0.5 0.472
0.591 0.58 0.478 0.505 0.588 0.469 0.469 0.443
0.567 0.57 0.486 0.483 0.567 0.469 0.471 0.442
0.58 0.586 0.479 0.481 0.588 0.449 0.452 0.422
0.539 0.563 0.478 0.475 0.549 0.457 0.459 0.447
0.58 0.587 0.518 0.487 0.58 0.443 0.438 0.416
0.557 0.558 0.48 0.477 0.555 0.449 0.432 0.427
0.574 0.575 0.503 0.481 0.574 0.469 0.457 0.438
0.556 0.55 0.482 0.505 0.563 0.44 0.438 0.439
0.547 0.555 0.486 0.493 0.553 0.454 0.45 0.403
0.571 0.552 0.493 0.491 0.554 0.448 0.445 0.422
0.584 0.578 0.504 0.497 0.584 0.468 0.467 0.457
0.571 0.574 0.498 0.486 0.579 0.464 0.466 0.476
0.578 0.579 0.472 0.494 0.571 0.437 0.436 0.425
0.588 0.585 0.474 0.476 0.594 0.468 0.473 0.455
0.566 0.581 0.472 0.475 0.579 0.485 0.485 0.46
0.579 0.573 0.506 0.477 0.579 0.473 0.474 0.449
0.565 0.559 0.507 0.508 0.56 0.446 0.446 0.415
0.564 0.564 0.478 0.478 0.562 0.479 0.479 0.444
0.573 0.582 0.481 0.484 0.575 0.478 0.471 0.42
0.546 0.555 0.481 0.479 0.547 0.464 0.464 0.419
0.589 0.591 0.489 0.505 0.594 0.43 0.437 0.429
0.606 0.612 0.496 0.517 0.597 0.482 0.482 0.46
0.586 0.598 0.486 0.49 0.596 0.449 0.452 0.399
0.574 0.57 0.517 0.495 0.57 0.445 0.447 0.438
0.576 0.565 0.47 0.481 0.576 0.464 0.458 0.447
0.597 0.585 0.539 0.507 0.599 0.467 0.468 0.454
0.578 0.566 0.488 0.475 0.566 0.464 0.469 0.415
0.566 0.542 0.504 0.474 0.566 0.44 0.438 0.422
0.562 0.569 0.481 0.515 0.574 0.434 0.434 0.453
0.572 0.564 0.501 0.511 0.578 0.476 0.48 0.465
0.562 0.582 0.481 0.481 0.569 0.488 0.482 0.455
0.589 0.586 0.475 0.464 0.589 0.513 0.515 0.489
0.585 0.586 0.476 0.474 0.587 0.489 0.489 0.49
0.563 0.557 0.496 0.482 0.566 0.46 0.464 0.418
0.551 0.545 0.491 0.485 0.551 0.476 0.476 0.466
0.598 0.606 0.467 0.498 0.604 0.46 0.459 0.414
0.575 0.579 0.471 0.487 0.58 0.486 0.474 0.457
0.575 0.568 0.468 0.468 0.567 0.439 0.439 0.409
0.546 0.562 0.457 0.475 0.546 0.448 0.443 0.426
0.584 0.588 0.509 0.518 0.581 0.44 0.43 0.414
0.57 0.564 0.496 0.472 0.556 0.446 0.435 0.433
0.6 0.599 0.489 0.487 0.595 0.452 0.446 0.432
0.578 0.577 0.502 0.467 0.569 0.436 0.436 0.406
0.578 0.584 0.495 0.498 0.58 0.455 0.441 0.454
0.578 0.586 0.489 0.478 0.581 0.449 0.445 0.431
0.562 0.563 0.489 0.487 0.565 0.46 0.453 0.455
0.564 0.569 0.467 0.477 0.565 0.449 0.44 0.41
0.562 0.561 0.483 0.504 0.562 0.457 0.457 0.45
0.585 0.58 0.496 0.506 0.58 0.471 0.471 0.425
0.561 0.556 0.471 0.485 0.562 0.444 0.447 0.446
0.553 0.577 0.444 0.495 0.556 0.464 0.452 0.402
0.559 0.569 0.492 0.482 0.562 0.484 0.476 0.475
0.55 0.543 0.46 0.485 0.548 0.477 0.455 0.454
0.572 0.576 0.495 0.475 0.57 0.452 0.439 0.429
0.563 0.571 0.483 0.478 0.556 0.504 0.501 0.449
0.561 0.548 0.474 0.505 0.55 0.461 0.464 0.439
0.567 0.561 0.494 0.488 0.567 0.465 0.469 0.426
0.596 0.604 0.484 0.488 0.598 0.447 0.431 0.429
0.59 0.579 0.466 0.445 0.58 0.455 0.451 0.431
0.547 0.546 0.486 0.482 0.548 0.463 0.464 0.453
0.587 0.569 0.482 0.496 0.582 0.447 0.431 0.406
0.559 0.552 0.497 0.479 0.564 0.464 0.465 0.464
0.557 0.566 0.492 0.481 0.561 0.478 0.478 0.456
0.557 0.566 0.46 0.484 0.556 0.454 0.467 0.447
0.565 0.562 0.497 0.512 0.565 0.439 0.439 0.452
0.601 0.607 0.493 0.508 0.603 0.427 0.428 0.413
0.545 0.54 0.479 0.478 0.547 0.486 0.486 0.463
0.569 0.578 0.482 0.487 0.579 0.456 0.457 0.458
0.566 0.561 0.501 0.5 0.566 0.468 0.468 0.45
0.55 0.555 0.463 0.465 0.549 0.463 0.46 0.456
0.544 0.551 0.444 0.493 0.561 0.455 0.455 0.453
0.578 0.576 0.492 0.47 0.59 0.459 0.463 0.43
0.542 0.534 0.46 0.488 0.528 0.489 0.489 0.475
0.558 0.556 0.491 0.489 0.561 0.441 0.444 0.443
0.584 0.582 0.513 0.509 0.584 0.459 0.46 0.447
0.545 0.546 0.472 0.468 0.544 0.466 0.466 0.482
0.578 0.567 0.511 0.495 0.579 0.472 0.472 0.479
0.56 0.558 0.481 0.467 0.557 0.476 0.476 0.459
0.581 0.574 0.477 0.482 0.573 0.47 0.471 0.468
0.589 0.59 0.464 0.488 0.6 0.456 0.452 0.442
0.572 0.575 0.502 0.507 0.574 0.466 0.465 0.454
0.571 0.58 0.48 0.492 0.575 0.466 0.462 0.426
0.577 0.574 0.497 0.499 0.571 0.471 0.471 0.473
0.58 0.595 0.492 0.474 0.577 0.436 0.44 0.444
0.575 0.581 0.47 0.49 0.573 0.461 0.461 0.455
0.578 0.562 0.479 0.496 0.582 0.459 0.459 0.439
0.575 0.57 0.484 0.489 0.577 0.446 0.445 0.429
0.605 0.599 0.495 0.516 0.602 0.435 0.431 0.423
0.591 0.585 0.511 0.498 0.586 0.459 0.459 0.438
0.554 0.546 0.474 0.503 0.554 0.444 0.442 0.435
0.578 0.578 0.471 0.461 0.583 0.514 0.508 0.439
0.583 0.586 0.521 0.485 0.583 0.438 0.429 0.414
0.581 0.566 0.493 0.455 0.576 0.455 0.455 0.454
0.557 0.548 0.489 0.491 0.54 0.491 0.491 0.464
0.571 0.569 0.487 0.482 0.579 0.447 0.441 0.438
0.563 0.56 0.49 0.491 0.56 0.443 0.443 0.447
0.563 0.564 0.463 0.463 0.564 0.459 0.45 0.441
0.583 0.597 0.513 0.492 0.586 0.451 0.451 0.454
0.594 0.594 0.458 0.491 0.596 0.428 0.427 0.427
0.567 0.576 0.502 0.492 0.573 0.466 0.468 0.473
0.542 0.544 0.501 0.469 0.536 0.477 0.478 0.474
0.601 0.601 0.463 0.483 0.593 0.448 0.447 0.456
0.556 0.568 0.464 0.458 0.556 0.42 0.424 0.441
