0.447 0.448 0.405 0.418 0.452 0.399 0.399 0.358
0.406 0.389 0.384 0.383 0.405 0.384 0.384 0.355
0.412 0.445 0.39 0.389 0.412 0.402 0.402 0.379
0.435 0.461 0.42 0.404 0.437 0.403 0.403 0.362
0.408 0.405 0.394 0.381 0.409 0.372 0.372 0.324
0.435 0.424 0.407 0.406 0.423 0.412 0.412 0.4
0.432 0.428 0.399 0.413 0.433 0.386 0.386 0.344
0.434 0.449 0.402 0.405 0.434 0.412 0.405 0.357
0.442 0.456 0.427 0.433 0.443 0.39 0.386 0.375
0.401 0.408 0.367 0.362 0.389 0.4 0.399 0.362
0.43 0.441 0.422 0.404 0.43 0.395 0.39 0.357
0.422 0.416 0.397 0.402 0.422 0.383 0.383 0.351
0.433 0.43 0.413 0.416 0.424 0.366 0.366 0.344
0.407 0.408 0.379 0.383 0.405 0.41 0.41 0.355
0.412 0.422 0.386 0.389 0.414 0.444 0.444 0.403
0.444 0.463 0.402 0.4 0.435 0.394 0.394 0.35
0.428 0.448 0.4 0.394 0.427 0.389 0.38 0.338
0.403 0.402 0.385 0.386 0.403 0.391 0.391 0.339
0.405 0.413 0.386 0.399 0.408 0.415 0.415 0.384
0.424 0.425 0.408 0.395 0.424 0.403 0.403 0.389
0.405 0.402 0.381 0.386 0.405 0.406 0.406 0.361
0.447 0.45 0.417 0.412 0.446 0.443 0.442 0.405
0.411 0.431 0.387 0.393 0.413 0.397 0.397 0.362
0.4 0.432 0.382 0.373 0.4 0.378 0.378 0.342
0.417 0.44 0.396 0.395 0.417 0.37 0.37 0.349
0.416 0.412 0.384 0.391 0.416 0.398 0.398 0.372
0.418 0.437 0.403 0.409 0.423 0.388 0.388 0.331
0.39 0.406 0.373 0.375 0.394 0.382 0.382 0.347
0.431 0.425 0.413 0.424 0.431 0.409 0.409 0.358
0.404 0.404 0.358 0.368 0.388 0.351 0.352 0.321
0.41 0.39 0.38 0.361 0.391 0.369 0.369 0.333
0.429 0.452 0.386 0.391 0.418 0.38 0.38 0.36
0.418 0.438 0.403 0.393 0.418 0.383 0.383 0.355
0.407 0.423 0.398 0.389 0.407 0.392 0.393 0.334
0.406 0.433 0.388 0.377 0.407 0.39 0.39 0.353
0.408 0.419 0.386 0.384 0.407 0.383 0.383 0.356
0.413 0.424 0.381 0.405 0.413 0.408 0.41 0.379
0.423 0.426 0.413 0.411 0.425 0.412 0.418 0.395
0.434 0.453 0.412 0.413 0.437 0.38 0.38 0.355
0.418 0.41 0.402 0.403 0.418 0.405 0.405 0.395
0.432 0.418 0.401 0.411 0.427 0.408 0.408 0.364
0.462 0.479 0.437 0.422 0.466 0.405 0.405 0.376
0.383 0.408 0.369 0.379 0.384 0.395 0.383 0.348
0.425 0.448 0.391 0.397 0.424 0.399 0.4 0.365
0.395 0.405 0.372 0.377 0.395 0.392 0.392 0.346
0.416 0.436 0.403 0.394 0.416 0.382 0.366 0.353
0.382 0.369 0.376 0.368 0.384 0.375 0.375 0.344
0.43 0.46 0.41 0.402 0.43 0.404 0.395 0.377
0.417 0.465 0.415 0.41 0.433 0.384 0.377 0.348
0.403 0.425 0.385 0.379 0.403 0.397 0.383 0.367
0.425 0.429 0.408 0.401 0.425 0.392 0.392 0.376
0.405 0.411 0.384 0.387 0.405 0.399 0.399 0.372
0.402 0.412 0.369 0.374 0.394 0.4 0.374 0.33
0.413 0.434 0.394 0.381 0.406 0.377 0.377 0.338
0.402 0.416 0.403 0.397 0.402 0.371 0.371 0.334
0.417 0.439 0.406 0.403 0.417 0.407 0.408 0.354
0.413 0.446 0.401 0.411 0.413 0.454 0.454 0.406
0.433 0.449 0.4 0.403 0.421 0.386 0.386 0.355
0.44 0.413 0.398 0.409 0.425 0.381 0.38 0.34
0.411 0.415 0.376 0.371 0.404 0.379 0.379 0.353
0.436 0.455 0.399 0.395 0.434 0.401 0.401 0.362
0.382 0.394 0.374 0.374 0.38 0.38 0.38 0.348
0.423 0.423 0.4 0.393 0.423 0.379 0.379 0.359
0.43 0.433 0.401 0.391 0.424 0.402 0.402 0.38
0.428 0.456 0.397 0.408 0.423 0.424 0.425 0.396
0.384 0.395 0.369 0.368 0.397 0.407 0.408 0.346
0.449 0.437 0.42 0.421 0.444 0.413 0.412 0.383
0.453 0.459 0.429 0.432 0.458 0.398 0.398 0.364
0.38 0.395 0.375 0.364 0.381 0.394 0.394 0.351
0.412 0.434 0.388 0.393 0.41 0.4 0.399 0.34
0.428 0.434 0.39 0.394 0.428 0.395 0.395 0.382
0.405 0.425 0.373 0.379 0.399 0.398 0.398 0.383
0.389 0.389 0.353 0.358 0.375 0.372 0.372 0.335
0.431 0.455 0.42 0.405 0.43 0.384 0.384 0.355
0.419 0.459 0.403 0.395 0.419 0.394 0.394 0.37
0.436 0.438 0.399 0.397 0.425 0.398 0.396 0.356
0.435 0.444 0.42 0.412 0.428 0.406 0.406 0.396
0.407 0.43 0.394 0.394 0.409 0.407 0.407 0.395
0.389 0.411 0.371 0.36 0.389 0.385 0.385 0.344
0.393 0.381 0.374 0.387 0.398 0.378 0.376 0.338
0.436 0.444 0.41 0.415 0.436 0.395 0.392 0.356
0.422 0.416 0.405 0.405 0.417 0.385 0.385 0.35
0.394 0.387 0.375 0.376 0.395 0.415 0.417 0.386
0.423 0.41 0.402 0.4 0.414 0.391 0.39 0.346
0.385 0.398 0.368 0.373 0.395 0.366 0.355 0.305
0.406 0.398 0.383 0.374 0.405 0.36 0.36 0.349
0.411 0.412 0.403 0.402 0.413 0.399 0.399 0.382
0.418 0.433 0.4 0.39 0.418 0.389 0.391 0.36
0.398 0.431 0.381 0.376 0.398 0.379 0.379 0.347
0.408 0.414 0.377 0.381 0.401 0.375 0.375 0.346
0.403 0.395 0.379 0.37 0.394 0.409 0.407 0.361
0.439 0.454 0.394 0.406 0.433 0.4 0.4 0.368
0.412 0.408 0.397 0.393 0.412 0.395 0.395 0.365
0.443 0.454 0.416 0.406 0.438 0.428 0.427 0.385
0.436 0.436 0.388 0.388 0.42 0.417 0.417 0.402
0.442 0.471 0.422 0.432 0.448 0.421 0.43 0.395
0.431 0.426 0.405 0.401 0.418 0.4 0.4 0.358
0.4 0.38 0.384 0.387 0.402 0.381 0.382 0.357
0.439 0.416 0.403 0.412 0.423 0.392 0.392 0.343
0.397 0.392 0.373 0.382 0.406 0.386 0.386 0.356
0.429 0.42 0.407 0.404 0.429 0.391 0.391 0.348
0.421 0.424 0.412 0.4 0.418 0.412 0.412 0.385
0.444 0.428 0.414 0.415 0.443 0.376 0.376 0.363
0.414 0.424 0.389 0.395 0.413 0.422 0.422 0.405
0.447 0.457 0.436 0.429 0.443 0.402 0.402 0.37
0.43 0.431 0.402 0.416 0.43 0.395 0.394 0.372
0.442 0.42 0.411 0.413 0.429 0.396 0.394 0.381
0.376 0.388 0.369 0.369 0.397 0.382 0.382 0.343
0.423 0.433 0.407 0.406 0.424 0.417 0.417 0.379
0.408 0.43 0.399 0.401 0.415 0.402 0.4 0.354
0.42 0.421 0.397 0.392 0.408 0.358 0.358 0.317
0.407 0.402 0.373 0.365 0.392 0.387 0.387 0.353
0.431 0.447 0.414 0.418 0.432 0.406 0.406 0.369
0.433 0.462 0.403 0.393 0.432 0.408 0.407 0.383
0.463 0.474 0.429 0.443 0.469 0.434 0.434 0.377
0.424 0.438 0.39 0.39 0.422 0.421 0.416 0.375
0.418 0.402 0.397 0.392 0.413 0.381 0.382 0.367
0.403 0.383 0.391 0.385 0.403 0.402 0.402 0.365
0.422 0.448 0.405 0.4 0.422 0.395 0.394 0.348
0.423 0.419 0.396 0.394 0.418 0.389 0.379 0.351
0.388 0.401 0.369 0.366 0.388 0.375 0.375 0.345
0.43 0.421 0.425 0.409 0.435 0.396 0.397 0.379
0.427 0.446 0.386 0.383 0.415 0.39 0.39 0.354
0.408 0.406 0.385 0.392 0.408 0.366 0.367 0.351
0.437 0.443 0.414 0.417 0.44 0.386 0.388 0.347
0.413 0.414 0.388 0.399 0.413 0.397 0.399 0.389
0.415 0.441 0.405 0.411 0.421 0.402 0.402 0.375
0.41 0.425 0.395 0.408 0.423 0.389 0.389 0.326
0.418 0.431 0.394 0.393 0.403 0.405 0.405 0.385
0.431 0.448 0.412 0.414 0.431 0.384 0.384 0.358
0.398 0.387 0.377 0.366 0.383 0.363 0.363 0.333
0.403 0.405 0.38 0.38 0.398 0.383 0.383 0.336
0.407 0.414 0.393 0.391 0.419 0.383 0.382 0.355
0.404 0.419 0.378 0.368 0.391 0.375 0.375 0.32
0.404 0.427 0.375 0.388 0.405 0.399 0.399 0.388
0.408 0.438 0.396 0.394 0.408 0.419 0.419 0.376
0.393 0.39 0.357 0.36 0.377 0.411 0.411 0.397
0.432 0.429 0.405 0.399 0.419 0.425 0.425 0.377
0.403 0.411 0.384 0.385 0.406 0.373 0.375 0.372
0.408 0.448 0.392 0.391 0.407 0.401 0.401 0.362
0.437 0.452 0.412 0.402 0.438 0.421 0.421 0.407
0.398 0.414 0.379 0.379 0.396 0.39 0.389 0.369
0.394 0.408 0.369 0.387 0.39 0.362 0.362 0.337
0.423 0.42 0.394 0.403 0.432 0.411 0.411 0.383
0.429 0.405 0.397 0.394 0.421 0.395 0.395 0.384
0.411 0.414 0.395 0.388 0.41 0.362 0.362 0.342
0.409 0.42 0.4 0.398 0.409 0.406 0.406 0.335
0.444 0.443 0.434 0.431 0.446 0.4 0.4 0.389
0.409 0.438 0.402 0.4 0.409 0.387 0.387 0.347
0.39 0.434 0.396 0.381 0.404 0.389 0.389 0.345
0.392 0.407 0.368 0.379 0.395 0.384 0.386 0.326
0.405 0.413 0.386 0.375 0.409 0.387 0.387 0.339
0.419 0.429 0.398 0.39 0.402 0.391 0.378 0.33
0.45 0.448 0.413 0.414 0.444 0.385 0.385 0.387
0.421 0.423 0.409 0.391 0.421 0.413 0.404 0.385
0.409 0.419 0.386 0.393 0.402 0.372 0.377 0.34
0.35 0.372 0.338 0.33 0.352 0.398 0.398 0.353
0.395 0.419 0.365 0.376 0.395 0.387 0.386 0.335
0.462 0.453 0.45 0.452 0.459 0.387 0.387 0.369
0.414 0.433 0.403 0.403 0.42 0.396 0.396 0.364
0.404 0.417 0.377 0.384 0.405 0.353 0.353 0.343
0.376 0.406 0.363 0.358 0.388 0.378 0.384 0.346
0.43 0.43 0.415 0.41 0.43 0.423 0.418 0.394
0.413 0.426 0.364 0.373 0.41 0.397 0.397 0.376
0.408 0.407 0.376 0.369 0.389 0.386 0.385 0.345
0.422 0.422 0.41 0.399 0.422 0.402 0.402 0.358
0.385 0.388 0.381 0.385 0.392 0.385 0.385 0.351
0.413 0.423 0.381 0.38 0.412 0.374 0.376 0.33
0.409 0.417 0.375 0.378 0.403 0.392 0.392 0.362
0.414 0.434 0.399 0.399 0.416 0.4 0.4 0.39
0.44 0.443 0.414 0.408 0.422 0.431 0.431 0.37
0.417 0.42 0.385 0.407 0.417 0.409 0.408 0.371
0.388 0.409 0.371 0.37 0.39 0.385 0.385 0.348
0.419 0.416 0.387 0.387 0.415 0.412 0.412 0.407
0.429 0.428 0.414 0.417 0.429 0.366 0.366 0.35
0.394 0.423 0.37 0.37 0.398 0.403 0.403 0.4
0.401 0.431 0.379 0.374 0.402 0.4 0.4 0.368
0.412 0.418 0.379 0.376 0.412 0.389 0.389 0.36
0.433 0.449 0.412 0.411 0.44 0.412 0.411 0.375
0.41 0.415 0.396 0.395 0.41 0.382 0.382 0.356
0.446 0.465 0.408 0.422 0.438 0.385 0.385 0.372
0.406 0.426 0.374 0.377 0.399 0.399 0.399 0.359
0.434 0.427 0.396 0.397 0.416 0.38 0.38 0.348
0.424 0.413 0.403 0.415 0.426 0.387 0.387 0.339
0.413 0.412 0.378 0.381 0.408 0.396 0.396 0.337
0.418 0.441 0.391 0.384 0.413 0.387 0.387 0.351
0.399 0.402 0.368 0.368 0.391 0.365 0.365 0.329
0.404 0.394 0.385 0.381 0.391 0.404 0.404 0.365
0.403 0.422 0.384 0.377 0.399 0.356 0.356 0.324
0.416 0.422 0.395 0.404 0.412 0.365 0.365 0.329
0.435 0.421 0.402 0.404 0.425 0.357 0.357 0.338
0.403 0.392 0.367 0.381 0.39 0.377 0.377 0.36
0.431 0.437 0.406 0.407 0.431 0.388 0.388 0.354
0.44 0.445 0.416 0.416 0.444 0.4 0.4 0.376
0.414 0.415 0.392 0.397 0.413 0.388 0.388 0.346
0.441 0.444 0.417 0.433 0.44 0.366 0.366 0.341
0.397 0.41 0.387 0.388 0.401 0.394 0.394 0.365
0.387 0.41 0.371 0.378 0.387 0.395 0.395 0.344
0.394 0.393 0.369 0.368 0.402 0.385 0.385 0.345
0.414 0.426 0.389 0.385 0.413 0.4 0.4 0.354
0.421 0.439 0.387 0.392 0.421 0.412 0.412 0.361
0.418 0.426 0.39 0.392 0.407 0.362 0.363 0.328
0.4 0.415 0.377 0.38 0.397 0.396 0.396 0.371
0.426 0.452 0.404 0.409 0.422 0.381 0.381 0.359
0.386 0.403 0.349 0.365 0.388 0.362 0.362 0.341
0.431 0.442 0.409 0.419 0.431 0.396 0.396 0.375
0.416 0.408 0.391 0.403 0.409 0.408 0.405 0.358
0.41 0.418 0.38 0.381 0.404 0.405 0.405 0.347
0.404 0.414 0.36 0.383 0.396 0.375 0.376 0.373
0.411 0.43 0.405 0.395 0.412 0.376 0.376 0.338
0.409 0.413 0.399 0.397 0.407 0.384 0.384 0.321
0.436 0.421 0.403 0.411 0.426 0.413 0.411 0.388
0.447 0.458 0.428 0.427 0.45 0.394 0.398 0.379
0.399 0.413 0.387 0.389 0.4 0.377 0.376 0.317
0.427 0.442 0.383 0.386 0.408 0.398 0.398 0.36
0.419 0.447 0.398 0.391 0.419 0.398 0.398 0.34
0.427 0.427 0.414 0.417 0.428 0.409 0.409 0.364
0.425 0.439 0.407 0.412 0.422 0.388 0.388 0.354
0.443 0.455 0.429 0.417 0.444 0.411 0.414 0.399
0.42 0.427 0.405 0.393 0.419 0.404 0.397 0.378
0.469 0.495 0.436 0.438 0.469 0.392 0.387 0.366
0.426 0.444 0.402 0.408 0.432 0.404 0.4 0.367
0.375 0.39 0.363 0.366 0.376 0.37 0.37 0.355
0.371 0.415 0.358 0.351 0.372 0.405 0.405 0.325
0.414 0.424 0.389 0.396 0.426 0.387 0.388 0.35
0.409 0.413 0.386 0.385 0.409 0.387 0.387 0.349
0.453 0.435 0.425 0.42 0.437 0.429 0.432 0.389
0.371 0.392 0.354 0.366 0.372 0.374 0.374 0.336
0.393 0.429 0.383 0.387 0.393 0.414 0.413 0.369
0.406 0.413 0.382 0.383 0.407 0.362 0.362 0.329
0.427 0.447 0.404 0.413 0.427 0.393 0.393 0.367
0.429 0.44 0.399 0.39 0.419 0.375 0.374 0.347
0.411 0.415 0.402 0.386 0.411 0.398 0.398 0.347
0.445 0.486 0.426 0.418 0.44 0.395 0.393 0.381
0.447 0.473 0.414 0.424 0.438 0.449 0.439 0.426
0.435 0.447 0.403 0.409 0.419 0.393 0.4 0.394
0.396 0.414 0.379 0.375 0.396 0.397 0.4 0.368
0.392 0.41 0.366 0.369 0.393 0.399 0.399 0.347
0.386 0.409 0.377 0.369 0.392 0.4 0.399 0.364
0.426 0.429 0.415 0.397 0.433 0.411 0.421 0.398
0.405 0.423 0.384 0.383 0.407 0.378 0.378 0.359
0.41 0.419 0.404 0.399 0.412 0.382 0.382 0.363
0.394 0.403 0.367 0.373 0.395 0.399 0.385 0.353
0.412 0.419 0.397 0.394 0.413 0.393 0.393 0.367
0.428 0.404 0.397 0.399 0.41 0.346 0.346 0.343
0.398 0.42 0.372 0.37 0.397 0.366 0.366 0.341
0.439 0.461 0.417 0.424 0.439 0.417 0.419 0.364
0.415 0.4 0.386 0.379 0.404 0.395 0.398 0.353
0.386 0.39 0.355 0.363 0.387 0.406 0.406 0.354
0.394 0.432 0.371 0.381 0.406 0.422 0.42 0.372
0.412 0.437 0.405 0.398 0.413 0.399 0.399 0.356
0.401 0.382 0.377 0.377 0.389 0.395 0.394 0.332
0.418 0.448 0.384 0.39 0.398 0.387 0.387 0.362
0.446 0.452 0.416 0.402 0.421 0.392 0.392 0.361
0.425 0.403 0.39 0.397 0.42 0.391 0.391 0.356
0.442 0.43 0.407 0.413 0.436 0.4 0.4 0.379
0.413 0.414 0.397 0.388 0.41 0.391 0.391 0.373
0.448 0.461 0.435 0.43 0.443 0.39 0.39 0.342
0.395 0.419 0.379 0.383 0.406 0.389 0.389 0.355
0.416 0.424 0.38 0.4 0.414 0.378 0.378 0.341
0.413 0.409 0.399 0.407 0.413 0.396 0.396 0.342
0.435 0.448 0.423 0.429 0.442 0.375 0.375 0.368
0.428 0.448 0.406 0.397 0.432 0.373 0.372 0.385
0.365 0.395 0.342 0.344 0.365 0.347 0.347 0.329
0.423 0.428 0.406 0.395 0.411 0.377 0.379 0.34
0.394 0.383 0.369 0.377 0.384 0.38 0.379 0.333
0.433 0.446 0.389 0.402 0.421 0.357 0.36 0.331
0.411 0.399 0.396 0.386 0.406 0.439 0.418 0.384
0.432 0.442 0.41 0.422 0.434 0.402 0.402 0.374
0.414 0.433 0.385 0.37 0.405 0.396 0.396 0.351
0.409 0.419 0.382 0.385 0.408 0.401 0.402 0.373
0.396 0.402 0.398 0.393 0.405 0.368 0.368 0.319
0.422 0.426 0.388 0.394 0.41 0.403 0.402 0.349
0.409 0.436 0.389 0.399 0.409 0.371 0.371 0.343
0.447 0.467 0.422 0.428 0.454 0.395 0.395 0.344
0.392 0.416 0.383 0.385 0.392 0.395 0.385 0.331
0.394 0.378 0.387 0.374 0.396 0.375 0.369 0.35
0.406 0.415 0.386 0.38 0.404 0.392 0.391 0.38
0.423 0.415 0.386 0.402 0.417 0.411 0.411 0.372
0.435 0.451 0.415 0.41 0.441 0.408 0.409 0.358
0.396 0.399 0.378 0.391 0.402 0.384 0.386 0.338
0.417 0.421 0.388 0.394 0.407 0.362 0.362 0.308
0.413 0.398 0.394 0.385 0.413 0.43 0.43 0.376
0.375 0.375 0.352 0.355 0.374 0.365 0.365 0.318
0.368 0.377 0.334 0.345 0.355 0.357 0.357 0.329
0.405 0.427 0.383 0.375 0.408 0.387 0.387 0.393
0.408 0.409 0.392 0.398 0.409 0.391 0.391 0.336
0.415 0.432 0.397 0.406 0.419 0.381 0.378 0.338
0.434 0.435 0.407 0.408 0.444 0.368 0.368 0.361
0.427 0.424 0.412 0.41 0.428 0.391 0.391 0.342
0.438 0.46 0.408 0.403 0.438 0.42 0.422 0.381
0.372 0.376 0.355 0.346 0.362 0.373 0.373 0.336
0.424 0.445 0.399 0.4 0.424 0.388 0.388 0.352
0.387 0.391 0.369 0.376 0.388 0.369 0.369 0.34
0.432 0.445 0.409 0.406 0.433 0.376 0.377 0.322
0.456 0.45 0.433 0.424 0.46 0.407 0.407 0.364
0.398 0.44 0.39 0.376 0.412 0.368 0.368 0.321
0.402 0.391 0.365 0.379 0.392 0.386 0.386 0.358
0.426 0.446 0.381 0.4 0.413 0.399 0.399 0.361
0.426 0.422 0.384 0.379 0.406 0.393 0.393 0.352
0.412 0.405 0.4 0.388 0.408 0.382 0.382 0.334
0.427 0.43 0.4 0.394 0.427 0.388 0.388 0.384
0.419 0.432 0.385 0.398 0.419 0.397 0.397 0.374
0.419 0.43 0.399 0.398 0.418 0.37 0.37 0.328
0.412 0.424 0.372 0.372 0.401 0.378 0.379 0.316
0.456 0.454 0.437 0.427 0.456 0.39 0.39 0.357
0.376 0.402 0.361 0.363 0.377 0.391 0.391 0.358
0.428 0.442 0.396 0.414 0.43 0.386 0.386 0.366
0.395 0.393 0.376 0.374 0.396 0.38 0.379 0.335
0.418 0.42 0.384 0.378 0.403 0.413 0.413 0.351
0.403 0.422 0.384 0.387 0.403 0.428 0.428 0.375
0.408 0.418 0.39 0.386 0.408 0.392 0.392 0.35
0.41 0.422 0.392 0.388 0.415 0.435 0.435 0.408
0.379 0.393 0.373 0.378 0.395 0.404 0.404 0.372
0.402 0.405 0.385 0.375 0.402 0.397 0.397 0.371
0.392 0.384 0.377 0.38 0.391 0.341 0.341 0.31
0.423 0.435 0.4 0.407 0.428 0.366 0.366 0.325
0.432 0.422 0.396 0.402 0.432 0.415 0.415 0.363
0.441 0.435 0.406 0.404 0.435 0.393 0.393 0.371
0.4 0.421 0.369 0.365 0.397 0.38 0.38 0.339
0.424 0.433 0.389 0.397 0.423 0.414 0.414 0.393
0.395 0.431 0.368 0.37 0.404 0.394 0.381 0.352
0.391 0.409 0.391 0.392 0.39 0.383 0.382 0.35
0.405 0.415 0.383 0.392 0.413 0.393 0.393 0.341
0.447 0.46 0.436 0.434 0.444 0.4 0.397 0.382
0.43 0.423 0.423 0.426 0.441 0.396 0.396 0.389
0.434 0.434 0.402 0.391 0.43 0.393 0.389 0.357
0.447 0.459 0.413 0.411 0.447 0.389 0.388 0.366
0.418 0.416 0.398 0.385 0.411 0.382 0.382 0.353
0.429 0.435 0.402 0.395 0.417 0.39 0.39 0.354
0.412 0.449 0.407 0.397 0.424 0.378 0.378 0.346
0.412 0.436 0.4 0.392 0.413 0.385 0.385 0.369
0.384 0.391 0.37 0.371 0.397 0.378 0.371 0.329
0.409 0.438 0.376 0.375 0.41 0.381 0.381 0.334
0.397 0.405 0.375 0.378 0.392 0.367 0.367 0.316
0.421 0.415 0.408 0.409 0.424 0.404 0.404 0.367
0.43 0.42 0.387 0.392 0.423 0.387 0.387 0.37
0.428 0.436 0.411 0.403 0.428 0.373 0.372 0.334
0.409 0.427 0.391 0.386 0.407 0.418 0.418 0.382
0.394 0.421 0.374 0.374 0.394 0.396 0.396 0.375
0.434 0.474 0.412 0.426 0.435 0.422 0.422 0.39
0.371 0.387 0.352 0.348 0.36 0.366 0.366 0.339
0.407 0.402 0.372 0.372 0.397 0.383 0.383 0.35
0.362 0.394 0.355 0.34 0.362 0.395 0.394 0.35
0.421 0.41 0.387 0.392 0.41 0.368 0.368 0.335
0.446 0.451 0.421 0.415 0.449 0.383 0.38 0.354
0.413 0.443 0.387 0.386 0.419 0.393 0.393 0.346
0.42 0.426 0.396 0.397 0.416 0.403 0.402 0.362
0.413 0.416 0.393 0.393 0.418 0.391 0.395 0.359
0.414 0.428 0.393 0.387 0.416 0.394 0.394 0.35
0.448 0.456 0.406 0.407 0.437 0.416 0.416 0.387
0.427 0.441 0.399 0.407 0.427 0.414 0.414 0.367
0.395 0.421 0.363 0.369 0.399 0.377 0.377 0.347
0.394 0.402 0.385 0.379 0.394 0.356 0.356 0.327
0.428 0.416 0.381 0.388 0.416 0.4 0.381 0.342
0.417 0.405 0.391 0.39 0.42 0.366 0.367 0.335
0.395 0.425 0.375 0.38 0.399 0.394 0.394 0.368
0.435 0.447 0.392 0.393 0.429 0.41 0.41 0.367
0.408 0.396 0.372 0.371 0.395 0.38 0.38 0.348
0.445 0.465 0.415 0.416 0.433 0.417 0.417 0.381
0.4 0.43 0.374 0.391 0.402 0.394 0.394 0.342
0.401 0.425 0.375 0.379 0.402 0.361 0.361 0.365
0.423 0.437 0.398 0.402 0.416 0.391 0.392 0.327
0.404 0.441 0.382 0.382 0.404 0.386 0.391 0.348
0.393 0.419 0.374 0.375 0.393 0.377 0.377 0.367
0.41 0.415 0.383 0.392 0.41 0.37 0.37 0.35
0.4 0.412 0.385 0.38 0.4 0.364 0.362 0.323
0.422 0.433 0.402 0.406 0.423 0.391 0.391 0.339
0.402 0.417 0.367 0.371 0.402 0.39 0.39 0.352
0.374 0.393 0.388 0.39 0.393 0.364 0.364 0.317
0.43 0.43 0.42 0.421 0.429 0.396 0.396 0.355
0.414 0.421 0.387 0.384 0.414 0.401 0.401 0.357
0.423 0.439 0.395 0.394 0.417 0.422 0.422 0.383
0.426 0.433 0.375 0.377 0.415 0.382 0.383 0.341
0.398 0.394 0.375 0.372 0.4 0.38 0.376 0.348
0.445 0.45 0.412 0.412 0.444 0.382 0.382 0.355
0.448 0.463 0.43 0.433 0.449 0.397 0.397 0.388
0.438 0.449 0.411 0.409 0.438 0.407 0.407 0.379
0.41 0.413 0.392 0.386 0.4 0.398 0.398 0.336
0.401 0.396 0.361 0.363 0.387 0.392 0.392 0.333
0.416 0.417 0.396 0.394 0.419 0.399 0.399 0.379
0.435 0.463 0.407 0.405 0.435 0.395 0.395 0.368
0.411 0.416 0.39 0.394 0.411 0.384 0.384 0.36
0.406 0.4 0.378 0.375 0.392 0.405 0.4 0.356
0.403 0.41 0.379 0.377 0.402 0.381 0.379 0.334
0.402 0.41 0.381 0.39 0.408 0.403 0.403 0.372
0.383 0.408 0.377 0.357 0.382 0.361 0.36 0.311
0.404 0.423 0.386 0.39 0.404 0.402 0.401 0.386
0.418 0.43 0.386 0.392 0.418 0.382 0.372 0.336
0.369 0.376 0.363 0.355 0.382 0.379 0.379 0.335
0.413 0.43 0.384 0.379 0.413 0.383 0.383 0.336
0.429 0.426 0.419 0.408 0.42 0.408 0.408 0.354
0.423 0.453 0.391 0.391 0.425 0.392 0.392 0.366
0.405 0.429 0.392 0.391 0.405 0.422 0.422 0.372
0.423 0.443 0.394 0.389 0.415 0.382 0.383 0.356
0.422 0.421 0.394 0.41 0.421 0.361 0.361 0.341
0.414 0.42 0.401 0.398 0.418 0.402 0.402 0.362
0.377 0.4 0.362 0.368 0.378 0.378 0.378 0.357
0.41 0.444 0.385 0.377 0.41 0.377 0.377 0.359
0.413 0.416 0.403 0.388 0.412 0.391 0.391 0.329
0.403 0.443 0.393 0.389 0.403 0.357 0.358 0.349
0.368 0.398 0.358 0.364 0.372 0.385 0.385 0.356
0.418 0.426 0.394 0.401 0.412 0.394 0.394 0.371
0.406 0.421 0.395 0.394 0.408 0.378 0.378 0.338
0.418 0.425 0.408 0.41 0.416 0.407 0.405 0.365
0.409 0.422 0.407 0.391 0.421 0.4 0.398 0.372
0.451 0.424 0.416 0.423 0.441 0.397 0.395 0.343
0.433 0.426 0.38 0.385 0.415 0.369 0.369 0.335
0.42 0.428 0.39 0.39 0.41 0.346 0.346 0.311
0.426 0.414 0.387 0.396 0.418 0.401 0.402 0.366
0.396 0.414 0.39 0.388 0.407 0.38 0.376 0.339
0.423 0.435 0.408 0.409 0.422 0.392 0.396 0.374
0.418 0.42 0.405 0.404 0.418 0.409 0.391 0.351
0.439 0.429 0.407 0.406 0.43 0.421 0.419 0.376
0.406 0.426 0.379 0.382 0.406 0.399 0.397 0.352
0.419 0.435 0.406 0.396 0.418 0.408 0.408 0.353
0.459 0.476 0.417 0.417 0.447 0.407 0.396 0.366
0.425 0.418 0.386 0.398 0.412 0.411 0.411 0.357
0.405 0.404 0.373 0.378 0.408 0.391 0.391 0.345
0.387 0.412 0.373 0.361 0.39 0.377 0.377 0.329
0.421 0.417 0.417 0.413 0.421 0.383 0.381 0.359
0.43 0.416 0.406 0.41 0.43 0.414 0.413 0.362
0.43 0.453 0.401 0.401 0.432 0.409 0.409 0.386
0.431 0.449 0.405 0.418 0.433 0.37 0.37 0.353
0.39 0.397 0.373 0.377 0.389 0.383 0.383 0.317
0.432 0.435 0.413 0.396 0.434 0.41 0.41 0.375
0.428 0.439 0.408 0.389 0.428 0.423 0.423 0.364
0.419 0.422 0.392 0.387 0.407 0.397 0.397 0.379
0.401 0.433 0.373 0.392 0.398 0.377 0.377 0.348
0.413 0.425 0.393 0.391 0.413 0.413 0.413 0.369
0.426 0.429 0.399 0.401 0.423 0.402 0.403 0.382
0.404 0.41 0.382 0.379 0.402 0.389 0.385 0.349
0.399 0.393 0.385 0.38 0.397 0.375 0.375 0.361
0.43 0.445 0.408 0.405 0.431 0.395 0.395 0.369
0.396 0.401 0.387 0.378 0.401 0.401 0.401 0.358
0.403 0.424 0.382 0.383 0.405 0.429 0.413 0.377
0.443 0.459 0.415 0.412 0.437 0.4 0.4 0.363
0.393 0.441 0.372 0.366 0.393 0.37 0.37 0.332
0.395 0.439 0.378 0.385 0.396 0.407 0.407 0.357
0.411 0.41 0.384 0.375 0.41 0.389 0.389 0.348
0.449 0.434 0.384 0.402 0.43 0.372 0.372 0.337
0.408 0.43 0.382 0.385 0.411 0.377 0.377 0.35
0.409 0.422 0.366 0.38 0.41 0.372 0.372 0.361
0.439 0.46 0.428 0.421 0.456 0.409 0.407 0.396
0.374 0.403 0.349 0.353 0.381 0.377 0.379 0.341
0.427 0.447 0.396 0.406 0.428 0.391 0.385 0.364
0.408 0.439 0.39 0.397 0.414 0.372 0.372 0.359
0.428 0.444 0.414 0.404 0.435 0.389 0.389 0.353
0.41 0.433 0.382 0.388 0.411 0.409 0.409 0.371
0.403 0.427 0.383 0.381 0.404 0.398 0.399 0.382
0.415 0.408 0.404 0.399 0.415 0.402 0.403 0.337
0.435 0.427 0.425 0.418 0.435 0.403 0.404 0.368
0.44 0.438 0.404 0.4 0.416 0.421 0.42 0.378
0.393 0.408 0.364 0.362 0.397 0.401 0.401 0.376
0.407 0.394 0.386 0.378 0.398 0.388 0.388 0.359
0.4 0.421 0.391 0.383 0.408 0.417 0.417 0.387
0.45 0.472 0.43 0.429 0.449 0.382 0.382 0.363
0.436 0.455 0.424 0.417 0.436 0.42 0.42 0.378
0.397 0.397 0.383 0.389 0.402 0.362 0.362 0.313
0.413 0.419 0.391 0.389 0.412 0.388 0.388 0.347
0.453 0.443 0.434 0.419 0.452 0.404 0.408 0.39
0.422 0.416 0.414 0.399 0.427 0.399 0.399 0.382
0.43 0.444 0.393 0.399 0.424 0.401 0.388 0.376
0.429 0.434 0.402 0.401 0.417 0.41 0.41 0.37
0.433 0.449 0.415 0.406 0.428 0.383 0.383 0.358
0.4 0.407 0.365 0.361 0.39 0.351 0.351 0.318
0.393 0.41 0.38 0.387 0.392 0.384 0.382 0.36
0.402 0.411 0.379 0.376 0.404 0.373 0.363 0.343
0.403 0.427 0.378 0.38 0.4 0.385 0.385 0.357
0.39 0.404 0.377 0.386 0.393 0.392 0.382 0.336
0.432 0.451 0.41 0.419 0.445 0.443 0.443 0.405
0.39 0.396 0.373 0.387 0.391 0.37 0.37 0.327
0.426 0.423 0.409 0.41 0.427 0.389 0.388 0.357
0.391 0.412 0.383 0.371 0.391 0.399 0.399 0.364
0.416 0.403 0.378 0.392 0.409 0.398 0.395 0.356
0.395 0.415 0.385 0.376 0.394 0.381 0.381 0.357
0.405 0.429 0.376 0.377 0.404 0.397 0.397 0.374
0.427 0.452 0.414 0.404 0.427 0.358 0.358 0.344
0.4 0.41 0.372 0.366 0.385 0.363 0.363 0.332
0.421 0.431 0.384 0.39 0.422 0.393 0.385 0.346
0.403 0.407 0.393 0.403 0.405 0.41 0.41 0.381
0.439 0.457 0.415 0.415 0.443 0.393 0.393 0.376
0.425 0.43 0.386 0.383 0.412 0.367 0.367 0.322
0.422 0.42 0.395 0.398 0.422 0.392 0.392 0.378
0.409 0.424 0.375 0.382 0.41 0.41 0.41 0.373
0.451 0.448 0.391 0.393 0.431 0.397 0.397 0.37
0.404 0.431 0.392 0.384 0.406 0.398 0.398 0.341
0.43 0.45 0.404 0.408 0.426 0.408 0.408 0.353
0.426 0.431 0.396 0.39 0.427 0.383 0.383 0.358
0.403 0.416 0.379 0.375 0.407 0.389 0.389 0.37
0.429 0.446 0.402 0.403 0.431 0.405 0.405 0.353
0.414 0.428 0.399 0.38 0.415 0.425 0.425 0.385
0.414 0.422 0.402 0.38 0.414 0.4 0.401 0.344
0.43 0.468 0.403 0.397 0.43 0.382 0.382 0.351
0.416 0.415 0.397 0.392 0.415 0.38 0.378 0.346
0.407 0.432 0.389 0.39 0.407 0.405 0.404 0.36
0.455 0.465 0.413 0.418 0.443 0.422 0.421 0.408
0.404 0.432 0.385 0.391 0.404 0.378 0.378 0.343
0.412 0.42 0.394 0.392 0.413 0.391 0.391 0.374
0.38 0.398 0.383 0.381 0.396 0.365 0.365 0.34
0.415 0.426 0.372 0.375 0.405 0.376 0.376 0.373
0.385 0.388 0.378 0.366 0.387 0.376 0.376 0.317
0.421 0.424 0.376 0.386 0.411 0.397 0.397 0.35
0.399 0.413 0.379 0.385 0.399 0.406 0.406 0.387
0.407 0.418 0.398 0.388 0.407 0.386 0.385 0.364
0.378 0.395 0.359 0.363 0.378 0.373 0.369 0.338
0.405 0.406 0.366 0.369 0.406 0.414 0.414 0.38
0.448 0.434 0.432 0.436 0.449 0.399 0.403 0.353
0.403 0.41 0.371 0.367 0.392 0.356 0.354 0.34
0.385 0.394 0.363 0.364 0.381 0.383 0.383 0.345
0.402 0.433 0.37 0.375 0.384 0.391 0.39 0.367
0.415 0.407 0.393 0.406 0.411 0.389 0.389 0.351
0.38 0.414 0.364 0.366 0.396 0.397 0.395 0.346
0.394 0.395 0.361 0.376 0.394 0.382 0.38 0.35
0.43 0.41 0.413 0.411 0.425 0.405 0.405 0.365
0.435 0.44 0.404 0.404 0.42 0.399 0.399 0.362
0.399 0.407 0.382 0.378 0.405 0.398 0.398 0.373
0.392 0.405 0.368 0.37 0.392 0.384 0.384 0.349
0.396 0.408 0.38 0.376 0.395 0.387 0.379 0.35
0.407 0.411 0.389 0.394 0.412 0.387 0.387 0.355
0.398 0.43 0.377 0.385 0.398 0.355 0.355 0.322
0.429 0.45 0.407 0.399 0.429 0.371 0.369 0.367
0.383 0.392 0.357 0.372 0.384 0.385 0.386 0.349
0.418 0.409 0.399 0.399 0.418 0.404 0.401 0.386
0.409 0.405 0.391 0.382 0.398 0.38 0.381 0.358
0.405 0.431 0.387 0.383 0.405 0.393 0.393 0.362
0.417 0.42 0.398 0.392 0.405 0.394 0.394 0.364
0.413 0.439 0.407 0.391 0.413 0.392 0.388 0.368
0.403 0.418 0.392 0.38 0.406 0.411 0.415 0.379
0.401 0.396 0.382 0.368 0.402 0.396 0.396 0.357
0.419 0.437 0.402 0.398 0.419 0.377 0.377 0.358
0.417 0.413 0.39 0.391 0.41 0.405 0.399 0.374
0.451 0.458 0.42 0.4 0.435 0.419 0.419 0.383
0.42 0.453 0.385 0.382 0.406 0.411 0.398 0.348
0.4 0.416 0.382 0.391 0.4 0.377 0.377 0.336
0.433 0.446 0.425 0.409 0.433 0.428 0.428 0.375
0.393 0.406 0.37 0.373 0.386 0.337 0.341 0.298
0.407 0.415 0.394 0.387 0.406 0.4 0.4 0.344
0.444 0.468 0.424 0.43 0.45 0.402 0.401 0.367
0.423 0.433 0.385 0.388 0.409 0.395 0.396 0.347
0.412 0.424 0.396 0.384 0.409 0.375 0.376 0.354
0.406 0.413 0.397 0.391 0.405 0.392 0.392 0.351
0.426 0.429 0.396 0.403 0.411 0.375 0.374 0.328
0.402 0.427 0.392 0.385 0.403 0.39 0.39 0.367
0.422 0.413 0.416 0.415 0.424 0.394 0.394 0.344
0.425 0.439 0.414 0.393 0.423 0.415 0.417 0.403
0.376 0.424 0.353 0.351 0.375 0.382 0.382 0.332
0.43 0.419 0.391 0.381 0.411 0.406 0.406 0.391
0.429 0.442 0.404 0.414 0.431 0.424 0.415 0.374
0.427 0.431 0.401 0.41 0.436 0.406 0.402 0.402
0.409 0.438 0.396 0.38 0.406 0.383 0.379 0.378
0.411 0.419 0.401 0.394 0.428 0.398 0.398 0.36
0.416 0.458 0.404 0.415 0.435 0.445 0.445 0.409
0.412 0.431 0.399 0.386 0.433 0.404 0.403 0.398
0.407 0.418 0.39 0.374 0.406 0.378 0.378 0.358
0.402 0.408 0.394 0.387 0.405 0.412 0.387 0.371
0.414 0.396 0.391 0.385 0.414 0.375 0.375 0.335
0.409 0.407 0.387 0.384 0.41 0.397 0.397 0.362
0.446 0.443 0.412 0.418 0.44 0.387 0.389 0.362
0.391 0.418 0.383 0.376 0.413 0.376 0.376 0.366
0.416 0.414 0.4 0.403 0.417 0.396 0.399 0.34
0.397 0.402 0.372 0.378 0.391 0.376 0.376 0.332
0.416 0.454 0.391 0.387 0.42 0.389 0.386 0.343
0.432 0.421 0.403 0.397 0.425 0.394 0.394 0.367
0.388 0.42 0.366 0.368 0.402 0.394 0.394 0.356
0.422 0.398 0.393 0.387 0.408 0.415 0.416 0.405
0.376 0.39 0.361 0.366 0.377 0.349 0.349 0.311
0.399 0.42 0.382 0.38 0.399 0.417 0.405 0.374
0.383 0.394 0.362 0.357 0.384 0.356 0.356 0.338
0.391 0.398 0.379 0.385 0.412 0.397 0.397 0.344
0.4 0.403 0.378 0.374 0.398 0.387 0.387 0.349
0.435 0.451 0.403 0.41 0.428 0.411 0.406 0.379
0.419 0.425 0.405 0.402 0.43 0.395 0.395 0.372
0.399 0.395 0.387 0.379 0.398 0.374 0.376 0.364
0.428 0.437 0.386 0.386 0.423 0.408 0.408 0.377
0.421 0.44 0.376 0.389 0.402 0.415 0.415 0.376
0.406 0.45 0.398 0.413 0.423 0.407 0.407 0.372
0.39 0.426 0.383 0.363 0.393 0.389 0.376 0.323
0.421 0.428 0.386 0.374 0.403 0.38 0.371 0.324
0.428 0.446 0.404 0.404 0.427 0.393 0.388 0.35
0.399 0.398 0.388 0.381 0.407 0.413 0.413 0.354
0.395 0.407 0.364 0.362 0.383 0.379 0.379 0.35
0.385 0.421 0.362 0.365 0.385 0.385 0.385 0.302
0.394 0.418 0.374 0.364 0.393 0.392 0.39 0.342
0.422 0.419 0.379 0.384 0.404 0.384 0.384 0.363
0.417 0.46 0.399 0.399 0.418 0.393 0.394 0.334
0.41 0.427 0.375 0.397 0.423 0.378 0.372 0.328
0.432 0.431 0.417 0.415 0.437 0.388 0.388 0.368
0.45 0.475 0.435 0.43 0.463 0.393 0.393 0.371
0.408 0.423 0.38 0.386 0.408 0.392 0.392 0.368
0.453 0.463 0.439 0.43 0.455 0.437 0.437 0.417
0.417 0.447 0.405 0.414 0.426 0.419 0.418 0.375
0.424 0.433 0.404 0.392 0.409 0.399 0.4 0.377
0.383 0.388 0.361 0.357 0.383 0.382 0.38 0.333
0.394 0.416 0.385 0.389 0.399 0.371 0.371 0.337
0.38 0.381 0.36 0.355 0.379 0.37 0.372 0.324
0.434 0.46 0.409 0.405 0.438 0.404 0.404 0.362
0.391 0.414 0.37 0.377 0.392 0.386 0.386 0.338
0.417 0.419 0.391 0.387 0.416 0.389 0.389 0.354
0.404 0.415 0.378 0.385 0.404 0.362 0.362 0.319
0.411 0.426 0.391 0.37 0.413 0.405 0.405 0.324
0.41 0.41 0.393 0.394 0.408 0.418 0.418 0.362
0.375 0.394 0.363 0.363 0.375 0.353 0.353 0.317
0.417 0.428 0.407 0.393 0.416 0.363 0.363 0.342
0.428 0.443 0.401 0.417 0.425 0.401 0.401 0.345
0.415 0.418 0.384 0.383 0.401 0.377 0.377 0.342
0.417 0.432 0.403 0.408 0.419 0.4 0.4 0.378
0.402 0.417 0.378 0.388 0.401 0.43 0.43 0.363
0.427 0.425 0.412 0.393 0.428 0.386 0.386 0.38
0.427 0.445 0.41 0.411 0.432 0.409 0.409 0.408
0.423 0.449 0.406 0.394 0.423 0.405 0.405 0.375
0.43 0.423 0.405 0.393 0.418 0.409 0.409 0.392
0.385 0.41 0.372 0.365 0.385 0.43 0.413 0.364
0.436 0.47 0.399 0.406 0.436 0.385 0.38 0.365
0.423 0.443 0.399 0.398 0.425 0.385 0.385 0.347
0.4 0.414 0.388 0.389 0.41 0.409 0.409 0.373
0.424 0.445 0.401 0.4 0.425 0.39 0.39 0.386
0.406 0.433 0.378 0.384 0.4 0.408 0.4 0.362
0.421 0.442 0.394 0.402 0.421 0.393 0.393 0.344
0.39 0.4 0.363 0.359 0.378 0.369 0.369 0.343
0.431 0.462 0.406 0.417 0.435 0.419 0.422 0.407
0.422 0.448 0.407 0.404 0.422 0.409 0.396 0.363
0.429 0.456 0.394 0.4 0.43 0.407 0.412 0.372
0.454 0.456 0.437 0.429 0.455 0.437 0.424 0.389
0.435 0.436 0.413 0.406 0.434 0.393 0.393 0.365
0.385 0.407 0.38 0.374 0.384 0.397 0.396 0.367
0.436 0.456 0.404 0.411 0.44 0.422 0.422 0.395
0.411 0.414 0.391 0.39 0.411 0.404 0.403 0.38
0.441 0.46 0.414 0.431 0.44 0.398 0.398 0.388
0.4 0.429 0.378 0.383 0.402 0.385 0.385 0.353
0.417 0.43 0.393 0.399 0.412 0.404 0.403 0.363
0.433 0.427 0.407 0.408 0.435 0.409 0.41 0.369
0.406 0.439 0.387 0.378 0.414 0.378 0.383 0.343
0.422 0.42 0.395 0.384 0.408 0.385 0.384 0.348
0.411 0.425 0.391 0.397 0.41 0.411 0.411 0.378
0.381 0.381 0.365 0.374 0.383 0.374 0.375 0.346
0.43 0.426 0.39 0.402 0.416 0.382 0.368 0.352
0.44 0.457 0.43 0.418 0.468 0.403 0.403 0.378
0.412 0.416 0.392 0.386 0.416 0.389 0.389 0.351
0.412 0.432 0.391 0.386 0.412 0.376 0.375 0.343
0.447 0.465 0.425 0.429 0.447 0.418 0.418 0.389
0.422 0.435 0.396 0.399 0.414 0.395 0.395 0.361
0.409 0.43 0.389 0.395 0.428 0.391 0.391 0.341
0.4 0.416 0.38 0.388 0.399 0.395 0.395 0.372
0.416 0.438 0.406 0.396 0.416 0.402 0.402 0.376
0.435 0.47 0.42 0.407 0.44 0.45 0.449 0.377
0.419 0.437 0.397 0.389 0.419 0.409 0.409 0.367
0.396 0.411 0.387 0.387 0.396 0.387 0.387 0.331
0.381 0.385 0.357 0.361 0.381 0.365 0.366 0.338
0.445 0.436 0.427 0.419 0.45 0.395 0.39 0.351
0.428 0.429 0.399 0.411 0.428 0.392 0.388 0.361
0.399 0.439 0.392 0.386 0.401 0.402 0.399 0.347
0.444 0.45 0.42 0.427 0.443 0.375 0.375 0.363
0.43 0.437 0.405 0.411 0.433 0.392 0.392 0.336
0.46 0.453 0.425 0.415 0.458 0.424 0.408 0.371
0.397 0.411 0.364 0.373 0.398 0.36 0.361 0.329
0.407 0.437 0.383 0.378 0.407 0.376 0.375 0.337
0.448 0.445 0.414 0.398 0.44 0.384 0.381 0.346
0.439 0.44 0.4 0.42 0.435 0.404 0.404 0.353
0.411 0.435 0.414 0.411 0.42 0.38 0.38 0.36
0.425 0.424 0.386 0.383 0.409 0.393 0.393 0.362
0.411 0.411 0.399 0.394 0.412 0.389 0.389 0.371
0.44 0.457 0.432 0.414 0.44 0.393 0.393 0.373
0.41 0.412 0.393 0.391 0.397 0.42 0.415 0.356
0.46 0.446 0.42 0.413 0.436 0.396 0.397 0.348
0.384 0.397 0.385 0.373 0.383 0.399 0.392 0.369
0.414 0.402 0.388 0.384 0.405 0.362 0.362 0.317
0.435 0.464 0.413 0.407 0.434 0.397 0.395 0.361
0.419 0.421 0.394 0.397 0.422 0.402 0.387 0.372
0.426 0.425 0.391 0.368 0.415 0.414 0.414 0.382
0.45 0.453 0.419 0.414 0.44 0.437 0.437 0.409
0.374 0.399 0.352 0.357 0.379 0.386 0.383 0.353
0.387 0.4 0.376 0.362 0.391 0.374 0.374 0.34
0.439 0.447 0.406 0.414 0.452 0.415 0.415 0.392
0.44 0.456 0.405 0.406 0.429 0.389 0.39 0.334
0.401 0.4 0.388 0.378 0.41 0.397 0.385 0.363
0.408 0.4 0.398 0.391 0.4 0.395 0.395 0.356
0.4 0.409 0.391 0.382 0.405 0.376 0.376 0.336
0.417 0.415 0.389 0.381 0.407 0.403 0.402 0.367
0.388 0.392 0.381 0.383 0.392 0.393 0.39 0.352
0.395 0.416 0.378 0.385 0.4 0.399 0.4 0.36
0.419 0.42 0.39 0.393 0.426 0.404 0.404 0.393
0.362 0.375 0.343 0.346 0.359 0.373 0.373 0.315
0.42 0.445 0.404 0.397 0.421 0.399 0.4 0.334
0.396 0.409 0.385 0.386 0.397 0.364 0.364 0.33
0.401 0.449 0.389 0.381 0.401 0.393 0.393 0.344
0.447 0.467 0.418 0.413 0.427 0.406 0.389 0.336
0.399 0.412 0.375 0.382 0.399 0.389 0.389 0.356
0.429 0.441 0.391 0.404 0.43 0.38 0.38 0.321
0.397 0.394 0.382 0.381 0.398 0.379 0.379 0.351
0.404 0.419 0.385 0.374 0.394 0.407 0.394 0.36
0.393 0.399 0.378 0.378 0.393 0.375 0.377 0.321
0.41 0.427 0.387 0.403 0.411 0.37 0.37 0.358
0.414 0.423 0.382 0.388 0.399 0.387 0.387 0.326
0.398 0.411 0.37 0.371 0.399 0.404 0.404 0.362
0.371 0.389 0.359 0.352 0.372 0.377 0.382 0.34
0.442 0.463 0.418 0.43 0.442 0.369 0.369 0.345
0.416 0.428 0.415 0.409 0.416 0.373 0.373 0.34
0.382 0.399 0.371 0.37 0.386 0.386 0.387 0.36
0.43 0.431 0.407 0.408 0.431 0.395 0.395 0.369
0.382 0.4 0.366 0.366 0.382 0.377 0.377 0.358
0.427 0.429 0.416 0.397 0.428 0.397 0.397 0.386
0.446 0.426 0.397 0.398 0.431 0.409 0.408 0.36
0.414 0.432 0.403 0.391 0.421 0.393 0.393 0.358
0.42 0.426 0.397 0.402 0.412 0.412 0.412 0.365
0.411 0.436 0.397 0.396 0.411 0.409 0.408 0.378
0.415 0.43 0.399 0.403 0.415 0.404 0.404 0.377
0.424 0.448 0.401 0.399 0.426 0.434 0.433 0.374
0.435 0.435 0.408 0.416 0.425 0.39 0.386 0.368
0.413 0.423 0.387 0.383 0.399 0.419 0.401 0.354
0.415 0.436 0.399 0.4 0.428 0.402 0.391 0.354
0.401 0.39 0.368 0.383 0.386 0.361 0.361 0.331
0.454 0.461 0.429 0.431 0.455 0.395 0.395 0.36
0.401 0.41 0.383 0.383 0.402 0.382 0.379 0.339
0.444 0.468 0.406 0.417 0.436 0.4 0.393 0.369
0.408 0.427 0.39 0.377 0.408 0.374 0.373 0.348
0.383 0.415 0.365 0.365 0.384 0.355 0.355 0.321
0.455 0.438 0.433 0.431 0.454 0.429 0.431 0.395
0.4 0.43 0.396 0.378 0.402 0.374 0.374 0.354
0.404 0.392 0.374 0.397 0.404 0.423 0.421 0.394
0.422 0.423 0.401 0.41 0.422 0.409 0.409 0.374
0.446 0.424 0.418 0.411 0.436 0.383 0.383 0.364
0.393 0.425 0.365 0.372 0.393 0.38 0.38 0.36
0.425 0.436 0.405 0.416 0.425 0.416 0.416 0.401
0.427 0.461 0.403 0.394 0.427 0.391 0.375 0.358
0.415 0.423 0.402 0.4 0.415 0.382 0.382 0.328
0.42 0.428 0.404 0.407 0.432 0.396 0.394 0.369
0.439 0.431 0.418 0.413 0.43 0.43 0.402 0.372
0.407 0.427 0.392 0.396 0.409 0.422 0.422 0.368
0.422 0.455 0.403 0.392 0.424 0.385 0.385 0.363
0.399 0.422 0.377 0.383 0.399 0.403 0.398 0.358
0.418 0.444 0.375 0.382 0.405 0.399 0.399 0.362
0.404 0.424 0.372 0.388 0.409 0.396 0.396 0.391
0.369 0.402 0.355 0.353 0.37 0.352 0.353 0.312
0.396 0.417 0.376 0.381 0.397 0.403 0.391 0.344
0.411 0.427 0.395 0.402 0.413 0.383 0.383 0.351
0.394 0.399 0.388 0.37 0.393 0.391 0.391 0.332
0.419 0.412 0.393 0.39 0.42 0.394 0.394 0.368
0.404 0.412 0.389 0.394 0.398 0.379 0.38 0.336
0.395 0.426 0.378 0.38 0.393 0.384 0.384 0.334
0.436 0.45 0.415 0.412 0.434 0.38 0.38 0.347
0.425 0.416 0.394 0.396 0.435 0.39 0.39 0.377
0.434 0.453 0.416 0.413 0.434 0.403 0.391 0.368
0.409 0.401 0.383 0.377 0.409 0.41 0.412 0.36
0.426 0.445 0.405 0.403 0.426 0.408 0.408 0.375
0.44 0.448 0.42 0.423 0.431 0.397 0.397 0.361
0.401 0.436 0.363 0.354 0.392 0.379 0.378 0.352
0.427 0.426 0.422 0.417 0.441 0.358 0.358 0.313
0.385 0.385 0.372 0.371 0.387 0.361 0.361 0.328
0.384 0.402 0.372 0.368 0.386 0.402 0.405 0.358
0.402 0.408 0.374 0.377 0.398 0.36 0.36 0.323
0.394 0.402 0.384 0.378 0.394 0.408 0.403 0.346
0.409 0.425 0.4 0.387 0.411 0.344 0.342 0.321
0.401 0.406 0.387 0.383 0.408 0.376 0.379 0.338
0.386 0.396 0.362 0.371 0.385 0.41 0.409 0.336
0.418 0.424 0.409 0.403 0.426 0.396 0.396 0.369
0.412 0.444 0.39 0.389 0.412 0.4 0.4 0.393
0.382 0.412 0.368 0.382 0.388 0.388 0.387 0.346
0.407 0.42 0.378 0.378 0.397 0.426 0.427 0.378
0.406 0.414 0.387 0.393 0.404 0.37 0.37 0.354
0.416 0.426 0.411 0.403 0.416 0.39 0.388 0.348
0.4 0.391 0.366 0.37 0.382 0.354 0.357 0.339
0.395 0.405 0.357 0.373 0.379 0.373 0.373 0.345
0.43 0.429 0.401 0.407 0.42 0.403 0.4 0.381
0.406 0.427 0.379 0.393 0.404 0.394 0.394 0.354
0.404 0.393 0.367 0.371 0.39 0.382 0.38 0.34
0.376 0.37 0.383 0.382 0.389 0.381 0.381 0.352
0.454 0.484 0.434 0.429 0.454 0.41 0.418 0.387
0.416 0.43 0.388 0.385 0.409 0.412 0.412 0.381
0.406 0.427 0.389 0.389 0.409 0.4 0.399 0.363
0.418 0.401 0.398 0.392 0.418 0.373 0.373 0.36
0.439 0.448 0.405 0.41 0.429 0.397 0.403 0.4
0.41 0.421 0.39 0.389 0.41 0.419 0.418 0.391
0.4 0.389 0.383 0.385 0.4 0.362 0.347 0.305
0.427 0.445 0.413 0.404 0.427 0.388 0.388 0.353
0.386 0.419 0.386 0.375 0.386 0.392 0.392 0.346
0.409 0.443 0.393 0.391 0.41 0.395 0.396 0.354
0.391 0.415 0.37 0.378 0.4 0.366 0.356 0.331
0.41 0.398 0.383 0.378 0.392 0.392 0.392 0.354
0.424 0.441 0.411 0.406 0.426 0.44 0.442 0.408
0.425 0.43 0.4 0.401 0.424 0.399 0.399 0.351
0.414 0.42 0.388 0.395 0.418 0.369 0.369 0.355
0.396 0.419 0.378 0.374 0.395 0.396 0.393 0.338
0.415 0.453 0.372 0.374 0.401 0.411 0.411 0.385
0.422 0.444 0.407 0.4 0.424 0.382 0.381 0.341
0.408 0.409 0.396 0.38 0.407 0.428 0.428 0.395
0.41 0.418 0.388 0.379 0.411 0.364 0.361 0.333
0.366 0.414 0.345 0.358 0.367 0.386 0.386 0.354
0.421 0.437 0.4 0.399 0.422 0.399 0.386 0.355
0.405 0.422 0.391 0.383 0.41 0.407 0.407 0.36
0.419 0.422 0.401 0.399 0.418 0.405 0.405 0.365
0.418 0.441 0.385 0.393 0.419 0.429 0.428 0.377
0.395 0.419 0.372 0.377 0.395 0.401 0.402 0.363
0.413 0.42 0.385 0.386 0.405 0.366 0.366 0.329
0.419 0.431 0.399 0.402 0.415 0.381 0.381 0.34
0.399 0.393 0.381 0.375 0.399 0.382 0.385 0.361
0.473 0.477 0.456 0.448 0.471 0.414 0.415 0.385
0.445 0.463 0.415 0.418 0.438 0.41 0.41 0.394
0.419 0.443 0.389 0.392 0.428 0.384 0.384 0.343
0.407 0.434 0.398 0.402 0.415 0.363 0.361 0.346
0.419 0.403 0.409 0.389 0.411 0.368 0.368 0.339
0.41 0.42 0.405 0.4 0.411 0.376 0.376 0.361
0.411 0.431 0.393 0.389 0.415 0.404 0.404 0.359
0.423 0.423 0.395 0.393 0.423 0.395 0.395 0.353
0.41 0.394 0.395 0.398 0.412 0.432 0.432 0.382
0.414 0.415 0.385 0.395 0.405 0.386 0.386 0.372
0.42 0.432 0.397 0.401 0.428 0.401 0.401 0.359
0.403 0.396 0.383 0.385 0.404 0.392 0.392 0.393
0.385 0.389 0.367 0.364 0.385 0.371 0.371 0.317
0.39 0.409 0.379 0.368 0.403 0.361 0.361 0.315
0.417 0.425 0.387 0.381 0.404 0.38 0.38 0.356
0.409 0.429 0.391 0.399 0.41 0.388 0.388 0.363
0.424 0.427 0.397 0.396 0.43 0.388 0.388 0.367
0.41 0.432 0.391 0.4 0.415 0.402 0.402 0.352
0.398 0.404 0.375 0.372 0.399 0.382 0.382 0.335
0.425 0.421 0.396 0.413 0.42 0.348 0.348 0.326
0.391 0.398 0.387 0.381 0.394 0.372 0.372 0.363
0.394 0.387 0.361 0.36 0.381 0.374 0.374 0.336
0.456 0.463 0.447 0.44 0.458 0.398 0.398 0.362
0.43 0.448 0.41 0.401 0.417 0.388 0.387 0.357
0.428 0.433 0.398 0.401 0.422 0.374 0.374 0.356
0.447 0.481 0.409 0.417 0.446 0.378 0.378 0.347
0.393 0.412 0.386 0.38 0.392 0.396 0.396 0.373
0.383 0.393 0.359 0.357 0.375 0.359 0.361 0.347
0.44 0.43 0.419 0.412 0.425 0.388 0.388 0.367
0.387 0.391 0.365 0.357 0.387 0.37 0.368 0.312
0.419 0.415 0.404 0.401 0.422 0.394 0.393 0.358
0.39 0.405 0.368 0.37 0.392 0.406 0.406 0.371
0.406 0.416 0.374 0.379 0.406 0.36 0.359 0.312
0.407 0.425 0.391 0.371 0.407 0.399 0.399 0.381
0.428 0.423 0.404 0.406 0.429 0.44 0.44 0.389
0.433 0.47 0.412 0.415 0.435 0.393 0.393 0.35
0.398 0.399 0.384 0.389 0.398 0.416 0.416 0.383
0.399 0.416 0.367 0.366 0.386 0.365 0.363 0.331
0.439 0.443 0.396 0.402 0.423 0.411 0.411 0.379
0.404 0.439 0.39 0.387 0.408 0.403 0.408 0.366
0.426 0.441 0.403 0.401 0.426 0.403 0.403 0.342
0.41 0.402 0.389 0.386 0.411 0.385 0.385 0.376
0.409 0.443 0.397 0.389 0.407 0.395 0.395 0.373
0.421 0.451 0.377 0.387 0.422 0.407 0.407 0.359
0.364 0.39 0.345 0.347 0.365 0.368 0.368 0.339
0.423 0.433 0.4 0.405 0.424 0.393 0.393 0.38
0.375 0.418 0.355 0.357 0.374 0.37 0.37 0.319
0.411 0.432 0.395 0.382 0.413 0.391 0.391 0.381
0.392 0.398 0.366 0.367 0.392 0.375 0.368 0.334
0.421 0.432 0.414 0.405 0.424 0.395 0.395 0.345
0.42 0.414 0.399 0.395 0.42 0.364 0.364 0.351
0.398 0.408 0.397 0.383 0.398 0.4 0.4 0.358
0.413 0.429 0.394 0.399 0.418 0.393 0.393 0.361
0.415 0.441 0.402 0.393 0.435 0.383 0.379 0.342
0.412 0.403 0.391 0.385 0.415 0.391 0.391 0.368
0.424 0.418 0.394 0.396 0.414 0.388 0.386 0.342
0.419 0.432 0.391 0.397 0.419 0.386 0.386 0.356
0.463 0.469 0.41 0.415 0.447 0.411 0.411 0.383
0.371 0.386 0.366 0.37 0.371 0.373 0.374 0.349
0.403 0.425 0.384 0.392 0.408 0.389 0.389 0.363
0.408 0.424 0.407 0.399 0.42 0.381 0.381 0.356
0.416 0.438 0.407 0.392 0.419 0.381 0.381 0.333
0.408 0.429 0.381 0.394 0.408 0.386 0.386 0.376
0.41 0.411 0.395 0.404 0.413 0.357 0.358 0.304
0.445 0.47 0.434 0.423 0.45 0.421 0.421 0.369
0.393 0.416 0.388 0.393 0.401 0.371 0.372 0.341
0.457 0.458 0.437 0.437 0.457 0.441 0.441 0.417
0.446 0.451 0.419 0.429 0.446 0.391 0.393 0.353
0.384 0.403 0.34 0.341 0.37 0.369 0.361 0.312
0.406 0.43 0.396 0.381 0.406 0.387 0.373 0.33
0.408 0.427 0.376 0.392 0.408 0.394 0.391 0.367
0.393 0.396 0.375 0.385 0.392 0.402 0.402 0.37
0.442 0.455 0.405 0.409 0.432 0.378 0.371 0.331
0.409 0.411 0.406 0.403 0.412 0.394 0.394 0.365
0.406 0.428 0.386 0.374 0.406 0.394 0.394 0.358
0.428 0.413 0.396 0.383 0.407 0.382 0.381 0.355
0.385 0.399 0.374 0.364 0.386 0.394 0.395 0.357
0.416 0.415 0.371 0.377 0.399 0.386 0.386 0.336
0.416 0.402 0.407 0.407 0.416 0.386 0.386 0.359
0.391 0.415 0.381 0.388 0.387 0.403 0.403 0.338
0.423 0.469 0.392 0.4 0.419 0.39 0.392 0.344
0.433 0.441 0.389 0.397 0.417 0.362 0.362 0.352
0.407 0.425 0.38 0.379 0.407 0.374 0.374 0.336
0.385 0.43 0.364 0.377 0.387 0.368 0.368 0.313
0.415 0.409 0.397 0.394 0.415 0.4 0.4 0.369
0.367 0.396 0.362 0.351 0.372 0.382 0.381 0.351
0.456 0.464 0.44 0.426 0.456 0.378 0.38 0.352
0.383 0.411 0.374 0.362 0.387 0.421 0.42 0.35
0.394 0.412 0.385 0.378 0.395 0.397 0.397 0.344
0.399 0.431 0.37 0.384 0.399 0.371 0.371 0.332
0.391 0.403 0.374 0.368 0.391 0.378 0.378 0.342
0.389 0.4 0.367 0.363 0.389 0.387 0.387 0.351
0.449 0.461 0.424 0.431 0.446 0.403 0.404 0.358
0.401 0.394 0.393 0.38 0.406 0.378 0.381 0.345
0.457 0.441 0.423 0.419 0.446 0.389 0.389 0.359
0.402 0.401 0.397 0.402 0.402 0.375 0.375 0.328
0.419 0.407 0.391 0.4 0.418 0.422 0.421 0.384
0.402 0.419 0.386 0.386 0.407 0.418 0.418 0.366
0.391 0.411 0.379 0.362 0.39 0.376 0.376 0.352
0.417 0.446 0.409 0.393 0.419 0.373 0.363 0.317
0.393 0.392 0.38 0.373 0.381 0.383 0.386 0.355
0.441 0.439 0.388 0.387 0.419 0.407 0.4 0.366
0.391 0.399 0.383 0.372 0.392 0.4 0.394 0.347
0.406 0.416 0.377 0.368 0.406 0.417 0.398 0.378
0.421 0.432 0.409 0.413 0.422 0.39 0.39 0.359
0.407 0.424 0.382 0.382 0.4 0.363 0.363 0.323
0.42 0.424 0.383 0.38 0.411 0.424 0.401 0.379
0.426 0.422 0.398 0.401 0.416 0.402 0.402 0.369
0.399 0.429 0.363 0.368 0.403 0.383 0.383 0.361
0.428 0.471 0.408 0.405 0.44 0.389 0.389 0.341
0.399 0.409 0.369 0.372 0.386 0.381 0.388 0.348
0.424 0.456 0.395 0.395 0.434 0.411 0.411 0.382
0.416 0.45 0.392 0.395 0.424 0.393 0.393 0.36
0.458 0.466 0.414 0.411 0.448 0.377 0.378 0.367
0.413 0.419 0.378 0.384 0.407 0.417 0.387 0.32
0.419 0.435 0.417 0.41 0.432 0.42 0.42 0.408
0.44 0.454 0.425 0.417 0.44 0.429 0.408 0.392
0.415 0.425 0.409 0.399 0.414 0.412 0.412 0.396
0.408 0.384 0.385 0.393 0.408 0.369 0.369 0.336
0.412 0.411 0.4 0.382 0.412 0.381 0.38 0.343
0.421 0.439 0.41 0.399 0.423 0.404 0.401 0.38
0.413 0.417 0.384 0.383 0.41 0.42 0.417 0.372
0.458 0.463 0.434 0.429 0.454 0.388 0.388 0.362
0.397 0.416 0.376 0.374 0.397 0.357 0.357 0.321
0.41 0.448 0.399 0.389 0.413 0.404 0.404 0.377
0.407 0.423 0.384 0.392 0.407 0.397 0.397 0.373
0.393 0.395 0.367 0.375 0.392 0.368 0.368 0.347
0.399 0.41 0.379 0.392 0.398 0.38 0.38 0.341
0.432 0.444 0.427 0.405 0.431 0.401 0.4 0.369
0.392 0.407 0.375 0.382 0.392 0.387 0.387 0.349
0.444 0.47 0.431 0.423 0.436 0.4 0.4 0.394
0.406 0.417 0.386 0.401 0.406 0.405 0.407 0.369
0.445 0.437 0.421 0.428 0.436 0.409 0.409 0.358
0.449 0.459 0.418 0.416 0.45 0.409 0.409 0.375
0.412 0.426 0.393 0.393 0.412 0.416 0.414 0.354
0.38 0.387 0.367 0.374 0.386 0.411 0.408 0.372
0.428 0.449 0.404 0.399 0.429 0.397 0.4 0.368
0.38 0.385 0.37 0.37 0.382 0.414 0.42 0.385
0.38 0.423 0.377 0.374 0.396 0.383 0.389 0.348
0.386 0.424 0.375 0.37 0.398 0.392 0.392 0.345
0.444 0.443 0.423 0.431 0.446 0.378 0.378 0.351
0.41 0.417 0.396 0.391 0.41 0.378 0.378 0.385
0.423 0.449 0.39 0.393 0.421 0.406 0.406 0.382
0.436 0.455 0.416 0.417 0.436 0.395 0.395 0.361
0.438 0.442 0.42 0.42 0.437 0.415 0.415 0.368
0.399 0.405 0.372 0.371 0.4 0.441 0.441 0.414
0.419 0.436 0.399 0.413 0.419 0.4 0.398 0.349
0.414 0.426 0.402 0.416 0.42 0.384 0.385 0.351
0.433 0.452 0.407 0.42 0.436 0.395 0.393 0.389
0.405 0.437 0.391 0.387 0.405 0.384 0.384 0.346
0.403 0.421 0.384 0.376 0.397 0.384 0.384 0.361
0.4 0.415 0.361 0.357 0.385 0.37 0.37 0.32
0.415 0.426 0.386 0.385 0.415 0.397 0.397 0.362
0.43 0.45 0.394 0.411 0.43 0.407 0.407 0.402
0.432 0.449 0.408 0.406 0.431 0.417 0.417 0.392
0.43 0.436 0.402 0.412 0.432 0.402 0.402 0.366
0.391 0.403 0.385 0.389 0.395 0.414 0.414 0.385
0.424 0.456 0.404 0.403 0.424 0.433 0.426 0.366
0.415 0.434 0.399 0.389 0.415 0.395 0.395 0.377
0.433 0.424 0.386 0.399 0.411 0.409 0.405 0.386
0.381 0.374 0.368 0.379 0.381 0.36 0.36 0.313
0.447 0.438 0.417 0.438 0.448 0.429 0.428 0.385
0.428 0.435 0.402 0.415 0.428 0.421 0.422 0.383
0.425 0.435 0.401 0.405 0.426 0.401 0.401 0.341
0.443 0.451 0.431 0.427 0.444 0.388 0.39 0.372
0.408 0.433 0.393 0.395 0.412 0.416 0.416 0.381
0.427 0.412 0.405 0.407 0.418 0.421 0.421 0.388
0.38 0.417 0.369 0.361 0.38 0.38 0.38 0.341
0.441 0.453 0.433 0.406 0.441 0.443 0.443 0.401
0.41 0.431 0.391 0.387 0.411 0.41 0.409 0.361
0.431 0.418 0.411 0.413 0.431 0.401 0.401 0.357
0.402 0.424 0.389 0.385 0.409 0.4 0.4 0.362
0.391 0.421 0.384 0.38 0.405 0.388 0.388 0.349
0.42 0.424 0.408 0.393 0.423 0.4 0.4 0.378
0.43 0.439 0.405 0.411 0.43 0.391 0.391 0.349
0.429 0.476 0.403 0.404 0.429 0.427 0.427 0.365
0.351 0.364 0.339 0.333 0.351 0.362 0.362 0.35
0.445 0.462 0.417 0.416 0.432 0.372 0.372 0.323
0.431 0.449 0.419 0.413 0.431 0.417 0.417 0.383
0.408 0.393 0.376 0.376 0.396 0.373 0.369 0.325
0.428 0.443 0.417 0.406 0.428 0.385 0.385 0.346
0.414 0.416 0.374 0.378 0.408 0.42 0.42 0.363
0.387 0.369 0.368 0.375 0.386 0.377 0.377 0.327
0.439 0.433 0.421 0.408 0.437 0.388 0.389 0.369
0.415 0.427 0.384 0.391 0.415 0.387 0.386 0.361
0.423 0.418 0.41 0.409 0.423 0.41 0.41 0.356
0.391 0.391 0.369 0.364 0.391 0.366 0.366 0.323
0.4 0.432 0.382 0.388 0.402 0.377 0.377 0.342
0.405 0.434 0.395 0.389 0.405 0.38 0.38 0.355
0.399 0.414 0.379 0.379 0.398 0.361 0.361 0.33
0.43 0.441 0.404 0.388 0.416 0.403 0.403 0.379
0.391 0.407 0.375 0.388 0.391 0.388 0.386 0.33
0.421 0.42 0.39 0.397 0.411 0.397 0.397 0.364
0.402 0.42 0.379 0.373 0.402 0.412 0.412 0.357
0.398 0.407 0.372 0.374 0.399 0.41 0.41 0.375
0.399 0.393 0.381 0.388 0.399 0.361 0.361 0.319
0.423 0.417 0.395 0.391 0.413 0.39 0.39 0.342
0.438 0.443 0.406 0.424 0.439 0.369 0.368 0.356
0.449 0.455 0.434 0.425 0.459 0.434 0.434 0.388
0.421 0.415 0.391 0.389 0.42 0.372 0.372 0.347
0.427 0.438 0.402 0.406 0.427 0.388 0.388 0.35
0.424 0.427 0.396 0.383 0.408 0.39 0.395 0.356
0.438 0.475 0.428 0.436 0.46 0.412 0.418 0.385
0.437 0.435 0.389 0.4 0.428 0.39 0.39 0.391
