0.438 0.444 0.388 0.396 0.438 0.4 0.4 0.402
0.43 0.457 0.405 0.383 0.43 0.462 0.458 0.434
0.437 0.418 0.402 0.399 0.44 0.433 0.433 0.392
0.435 0.448 0.397 0.389 0.422 0.396 0.391 0.369
0.437 0.453 0.393 0.392 0.439 0.398 0.398 0.399
0.477 0.475 0.44 0.444 0.472 0.418 0.412 0.411
0.493 0.473 0.46 0.454 0.493 0.412 0.412 0.372
0.404 0.437 0.367 0.38 0.405 0.392 0.392 0.394
0.441 0.447 0.439 0.424 0.441 0.419 0.419 0.382
0.461 0.463 0.419 0.415 0.45 0.423 0.422 0.388
0.468 0.453 0.427 0.4 0.467 0.437 0.437 0.431
0.409 0.43 0.395 0.397 0.418 0.415 0.407 0.372
0.445 0.481 0.407 0.42 0.456 0.405 0.403 0.383
0.447 0.473 0.418 0.405 0.448 0.426 0.426 0.384
0.439 0.453 0.41 0.414 0.445 0.426 0.42 0.434
0.457 0.462 0.431 0.427 0.46 0.438 0.437 0.382
0.441 0.44 0.415 0.43 0.445 0.427 0.423 0.394
0.445 0.452 0.398 0.401 0.448 0.428 0.42 0.419
0.438 0.432 0.424 0.415 0.438 0.423 0.413 0.384
0.451 0.466 0.419 0.425 0.449 0.443 0.441 0.433
0.4 0.419 0.363 0.371 0.4 0.416 0.416 0.392
0.44 0.429 0.413 0.414 0.44 0.431 0.427 0.401
0.443 0.451 0.421 0.415 0.443 0.42 0.42 0.387
0.393 0.408 0.357 0.366 0.393 0.374 0.374 0.356
0.451 0.456 0.425 0.437 0.453 0.416 0.408 0.391
0.417 0.423 0.397 0.391 0.418 0.41 0.415 0.383
0.446 0.467 0.405 0.422 0.441 0.447 0.446 0.413
0.406 0.42 0.384 0.38 0.41 0.369 0.369 0.35
0.453 0.466 0.445 0.436 0.456 0.445 0.451 0.433
0.429 0.454 0.396 0.393 0.426 0.43 0.429 0.394
0.441 0.46 0.418 0.408 0.441 0.405 0.403 0.375
0.446 0.446 0.409 0.411 0.447 0.394 0.391 0.388
0.432 0.452 0.396 0.398 0.437 0.404 0.406 0.371
0.413 0.426 0.401 0.388 0.415 0.399 0.399 0.38
0.428 0.436 0.378 0.372 0.412 0.399 0.399 0.344
0.426 0.447 0.387 0.392 0.423 0.4 0.398 0.355
0.418 0.415 0.411 0.393 0.424 0.422 0.422 0.421
0.444 0.463 0.438 0.426 0.438 0.405 0.405 0.394
0.435 0.449 0.413 0.408 0.446 0.42 0.42 0.402
0.459 0.458 0.431 0.439 0.459 0.437 0.423 0.411
0.416 0.44 0.384 0.4 0.435 0.407 0.413 0.375
0.452 0.45 0.431 0.421 0.449 0.421 0.421 0.39
0.463 0.469 0.442 0.425 0.466 0.428 0.432 0.43
0.44 0.452 0.394 0.389 0.438 0.405 0.401 0.356
0.399 0.415 0.365 0.377 0.4 0.375 0.367 0.342
0.419 0.451 0.396 0.404 0.423 0.426 0.422 0.384
0.406 0.413 0.393 0.377 0.406 0.404 0.394 0.369
0.432 0.418 0.406 0.432 0.431 0.419 0.427 0.411
0.414 0.453 0.38 0.388 0.424 0.405 0.407 0.396
0.434 0.468 0.436 0.433 0.452 0.417 0.417 0.416
0.441 0.488 0.41 0.4 0.445 0.428 0.428 0.431
0.458 0.453 0.44 0.428 0.458 0.403 0.403 0.375
0.452 0.465 0.411 0.396 0.448 0.432 0.429 0.385
0.406 0.43 0.38 0.375 0.393 0.403 0.402 0.353
0.404 0.401 0.398 0.4 0.404 0.395 0.396 0.36
0.441 0.425 0.43 0.42 0.441 0.42 0.421 0.404
0.475 0.479 0.45 0.463 0.468 0.454 0.45 0.449
0.447 0.47 0.421 0.439 0.452 0.426 0.426 0.408
0.405 0.418 0.385 0.386 0.405 0.398 0.4 0.347
0.429 0.433 0.392 0.385 0.429 0.412 0.412 0.398
0.433 0.429 0.405 0.39 0.432 0.425 0.428 0.391
0.414 0.417 0.396 0.384 0.41 0.397 0.393 0.35
0.441 0.442 0.427 0.426 0.443 0.387 0.392 0.373
0.405 0.436 0.363 0.372 0.407 0.379 0.381 0.318
0.461 0.491 0.41 0.408 0.453 0.42 0.425 0.393
0.379 0.397 0.378 0.37 0.401 0.355 0.354 0.341
0.432 0.446 0.421 0.4 0.433 0.4 0.4 0.386
0.44 0.458 0.426 0.415 0.452 0.393 0.393 0.384
0.438 0.454 0.407 0.4 0.447 0.386 0.388 0.378
0.429 0.444 0.407 0.41 0.429 0.4 0.4 0.37
0.461 0.479 0.41 0.412 0.448 0.386 0.383 0.367
0.437 0.421 0.406 0.39 0.429 0.401 0.401 0.37
0.38 0.403 0.343 0.343 0.379 0.401 0.399 0.378
0.423 0.436 0.399 0.395 0.42 0.443 0.443 0.361
0.43 0.435 0.396 0.406 0.43 0.434 0.434 0.41
0.432 0.449 0.403 0.405 0.45 0.398 0.391 0.364
0.415 0.418 0.386 0.4 0.415 0.417 0.417 0.392
0.467 0.488 0.425 0.433 0.466 0.427 0.427 0.375
0.39 0.401 0.382 0.369 0.391 0.378 0.376 0.326
0.408 0.416 0.374 0.371 0.398 0.422 0.422 0.364
0.429 0.43 0.403 0.415 0.429 0.409 0.409 0.387
0.431 0.453 0.404 0.409 0.433 0.409 0.409 0.369
0.435 0.443 0.399 0.398 0.434 0.428 0.426 0.398
0.429 0.449 0.393 0.387 0.425 0.407 0.398 0.395
0.392 0.394 0.365 0.37 0.385 0.415 0.415 0.376
0.426 0.44 0.407 0.413 0.426 0.408 0.399 0.374
0.425 0.439 0.405 0.394 0.433 0.428 0.431 0.372
0.448 0.429 0.41 0.413 0.435 0.389 0.389 0.358
0.453 0.469 0.416 0.425 0.461 0.432 0.44 0.417
0.404 0.445 0.387 0.375 0.405 0.386 0.386 0.361
0.44 0.447 0.418 0.394 0.427 0.416 0.416 0.394
0.427 0.459 0.405 0.408 0.436 0.417 0.417 0.403
0.429 0.444 0.414 0.409 0.429 0.429 0.421 0.371
0.438 0.441 0.417 0.411 0.437 0.437 0.437 0.407
0.431 0.426 0.394 0.395 0.425 0.382 0.383 0.342
0.458 0.463 0.426 0.433 0.463 0.419 0.41 0.371
0.405 0.421 0.394 0.381 0.41 0.404 0.404 0.347
0.406 0.405 0.368 0.385 0.411 0.377 0.384 0.35
0.469 0.5 0.432 0.438 0.468 0.381 0.381 0.361
0.448 0.46 0.423 0.421 0.458 0.425 0.425 0.384
0.464 0.452 0.442 0.425 0.459 0.41 0.406 0.391
0.412 0.444 0.401 0.421 0.42 0.458 0.44 0.384
0.448 0.476 0.4 0.408 0.452 0.424 0.424 0.388
0.424 0.437 0.405 0.408 0.424 0.398 0.394 0.378
0.434 0.45 0.428 0.404 0.444 0.394 0.396 0.359
0.42 0.428 0.412 0.385 0.42 0.402 0.402 0.364
0.428 0.439 0.4 0.385 0.422 0.382 0.381 0.352
0.441 0.453 0.41 0.43 0.44 0.418 0.418 0.42
0.402 0.435 0.406 0.399 0.406 0.423 0.416 0.389
0.446 0.468 0.436 0.431 0.457 0.435 0.435 0.408
0.396 0.411 0.365 0.366 0.378 0.408 0.408 0.364
0.423 0.416 0.39 0.388 0.419 0.403 0.403 0.366
0.459 0.481 0.451 0.443 0.46 0.448 0.444 0.403
0.465 0.485 0.41 0.414 0.461 0.421 0.421 0.4
0.436 0.471 0.404 0.396 0.44 0.415 0.413 0.405
0.467 0.46 0.406 0.418 0.448 0.428 0.425 0.417
0.452 0.451 0.423 0.405 0.447 0.424 0.424 0.43
0.446 0.463 0.442 0.437 0.447 0.395 0.388 0.355
0.408 0.414 0.386 0.382 0.415 0.459 0.452 0.411
0.421 0.42 0.393 0.395 0.417 0.39 0.388 0.375
0.436 0.448 0.402 0.4 0.438 0.436 0.436 0.397
0.422 0.428 0.411 0.405 0.424 0.437 0.437 0.379
0.417 0.439 0.409 0.4 0.424 0.375 0.373 0.37
0.451 0.472 0.418 0.416 0.458 0.393 0.396 0.381
0.421 0.427 0.407 0.393 0.427 0.416 0.413 0.366
0.413 0.431 0.389 0.385 0.416 0.404 0.404 0.382
0.405 0.423 0.373 0.378 0.406 0.41 0.41 0.37
0.426 0.415 0.395 0.396 0.43 0.415 0.415 0.357
0.441 0.463 0.424 0.424 0.441 0.404 0.39 0.372
0.448 0.45 0.415 0.417 0.444 0.429 0.429 0.388
0.415 0.467 0.398 0.395 0.421 0.407 0.407 0.389
0.41 0.432 0.388 0.369 0.41 0.395 0.395 0.349
0.441 0.416 0.417 0.412 0.422 0.392 0.392 0.364
0.431 0.448 0.435 0.421 0.448 0.399 0.399 0.374
0.505 0.512 0.466 0.46 0.497 0.423 0.422 0.437
0.445 0.468 0.403 0.409 0.443 0.425 0.428 0.385
0.421 0.422 0.4 0.386 0.414 0.427 0.426 0.381
0.447 0.471 0.422 0.423 0.454 0.422 0.415 0.418
0.431 0.46 0.398 0.398 0.443 0.402 0.387 0.369
0.401 0.421 0.371 0.367 0.4 0.388 0.38 0.357
0.436 0.44 0.395 0.405 0.435 0.415 0.422 0.411
0.429 0.432 0.404 0.406 0.431 0.456 0.437 0.389
0.401 0.424 0.405 0.405 0.405 0.407 0.407 0.374
0.42 0.433 0.372 0.372 0.406 0.44 0.432 0.395
0.467 0.487 0.428 0.424 0.469 0.437 0.438 0.394
0.421 0.434 0.389 0.406 0.422 0.393 0.393 0.36
0.441 0.456 0.407 0.415 0.442 0.411 0.409 0.377
0.456 0.456 0.419 0.422 0.454 0.39 0.386 0.373
0.452 0.46 0.428 0.432 0.449 0.438 0.421 0.375
0.418 0.429 0.403 0.4 0.423 0.384 0.377 0.366
0.406 0.415 0.4 0.391 0.411 0.389 0.393 0.363
0.463 0.485 0.42 0.435 0.46 0.399 0.4 0.355
0.452 0.409 0.413 0.43 0.438 0.43 0.424 0.382
0.42 0.44 0.394 0.397 0.42 0.396 0.4 0.399
0.424 0.423 0.414 0.406 0.408 0.408 0.41 0.355
0.451 0.467 0.431 0.454 0.459 0.438 0.438 0.395
0.417 0.432 0.393 0.37 0.419 0.406 0.403 0.37
0.436 0.428 0.404 0.413 0.417 0.427 0.431 0.374
0.453 0.448 0.403 0.417 0.437 0.402 0.405 0.388
0.443 0.46 0.422 0.431 0.444 0.412 0.412 0.381
0.432 0.441 0.413 0.411 0.429 0.412 0.411 0.382
0.427 0.445 0.399 0.4 0.427 0.422 0.427 0.366
0.419 0.44 0.399 0.387 0.419 0.404 0.404 0.383
0.402 0.425 0.388 0.376 0.407 0.381 0.381 0.361
0.419 0.466 0.388 0.369 0.419 0.385 0.383 0.358
0.437 0.428 0.423 0.411 0.432 0.408 0.404 0.367
0.432 0.426 0.401 0.403 0.425 0.377 0.377 0.36
0.449 0.447 0.428 0.427 0.445 0.423 0.421 0.377
0.467 0.474 0.427 0.433 0.467 0.426 0.423 0.388
0.455 0.446 0.399 0.402 0.437 0.431 0.432 0.399
0.433 0.446 0.411 0.392 0.433 0.461 0.459 0.419
0.435 0.457 0.418 0.415 0.439 0.389 0.388 0.389
0.452 0.441 0.427 0.417 0.453 0.412 0.408 0.355
0.462 0.497 0.416 0.407 0.464 0.41 0.402 0.386
0.431 0.449 0.414 0.41 0.432 0.429 0.425 0.412
0.464 0.47 0.424 0.419 0.466 0.417 0.417 0.388
0.44 0.464 0.417 0.41 0.444 0.389 0.389 0.371
0.452 0.441 0.437 0.432 0.452 0.437 0.437 0.401
0.457 0.486 0.432 0.419 0.456 0.433 0.419 0.395
0.441 0.445 0.422 0.426 0.444 0.412 0.411 0.41
0.425 0.433 0.409 0.413 0.445 0.412 0.413 0.374
0.458 0.453 0.432 0.432 0.456 0.44 0.411 0.394
0.454 0.471 0.401 0.385 0.438 0.387 0.387 0.373
0.458 0.479 0.409 0.41 0.448 0.417 0.417 0.365
0.445 0.456 0.412 0.425 0.452 0.412 0.413 0.367
0.413 0.43 0.364 0.393 0.413 0.392 0.39 0.353
0.449 0.459 0.424 0.436 0.45 0.414 0.414 0.393
0.42 0.45 0.407 0.409 0.424 0.444 0.438 0.398
0.443 0.439 0.408 0.406 0.445 0.399 0.399 0.387
0.459 0.454 0.429 0.433 0.459 0.383 0.386 0.383
0.406 0.409 0.374 0.385 0.407 0.383 0.383 0.383
0.417 0.427 0.377 0.387 0.405 0.377 0.377 0.349
0.494 0.484 0.48 0.47 0.494 0.433 0.434 0.406
0.414 0.433 0.381 0.389 0.414 0.424 0.405 0.384
0.413 0.429 0.391 0.385 0.424 0.414 0.414 0.383
0.458 0.46 0.439 0.431 0.465 0.404 0.405 0.385
0.451 0.467 0.437 0.429 0.453 0.423 0.423 0.411
0.429 0.455 0.404 0.391 0.428 0.415 0.414 0.436
0.408 0.428 0.385 0.376 0.411 0.414 0.414 0.375
0.408 0.42 0.374 0.392 0.426 0.419 0.422 0.416
0.445 0.451 0.412 0.421 0.447 0.439 0.443 0.386
0.457 0.454 0.431 0.44 0.45 0.408 0.412 0.364
0.432 0.435 0.414 0.411 0.433 0.409 0.41 0.378
0.415 0.432 0.4 0.398 0.412 0.408 0.408 0.384
0.439 0.469 0.391 0.402 0.438 0.405 0.405 0.385
0.454 0.452 0.419 0.425 0.449 0.415 0.415 0.384
0.398 0.424 0.38 0.375 0.399 0.42 0.421 0.373
0.425 0.438 0.391 0.377 0.412 0.404 0.404 0.361
0.425 0.433 0.393 0.403 0.427 0.415 0.414 0.371
0.407 0.447 0.389 0.39 0.407 0.395 0.395 0.386
0.435 0.444 0.437 0.416 0.445 0.42 0.42 0.394
0.459 0.473 0.418 0.418 0.455 0.424 0.424 0.407
0.435 0.443 0.407 0.425 0.438 0.389 0.388 0.398
0.463 0.463 0.441 0.438 0.464 0.425 0.424 0.401
0.465 0.483 0.432 0.431 0.464 0.411 0.414 0.37
0.418 0.453 0.387 0.392 0.425 0.41 0.411 0.374
0.439 0.456 0.416 0.412 0.469 0.435 0.44 0.405
0.437 0.45 0.403 0.421 0.441 0.423 0.425 0.395
0.43 0.455 0.424 0.417 0.448 0.397 0.397 0.358
0.411 0.454 0.372 0.365 0.407 0.405 0.406 0.371
0.422 0.441 0.389 0.385 0.422 0.408 0.408 0.373
0.451 0.475 0.423 0.433 0.45 0.423 0.422 0.39
0.398 0.455 0.389 0.378 0.402 0.423 0.41 0.413
0.455 0.454 0.431 0.444 0.459 0.447 0.449 0.426
0.441 0.443 0.41 0.42 0.44 0.417 0.417 0.404
0.43 0.452 0.404 0.41 0.423 0.391 0.392 0.381
0.468 0.478 0.448 0.459 0.466 0.45 0.445 0.405
0.434 0.433 0.414 0.396 0.429 0.41 0.41 0.399
0.415 0.428 0.393 0.389 0.419 0.386 0.385 0.356
0.424 0.427 0.388 0.391 0.411 0.4 0.4 0.385
0.44 0.431 0.412 0.407 0.435 0.409 0.406 0.387
0.428 0.456 0.406 0.4 0.419 0.393 0.391 0.36
0.471 0.48 0.437 0.432 0.468 0.419 0.419 0.427
0.419 0.426 0.388 0.4 0.429 0.38 0.38 0.375
0.446 0.467 0.402 0.406 0.449 0.426 0.426 0.425
0.42 0.431 0.398 0.39 0.42 0.426 0.428 0.365
0.426 0.425 0.395 0.4 0.429 0.398 0.399 0.35
0.447 0.43 0.383 0.382 0.421 0.405 0.405 0.338
0.412 0.444 0.378 0.387 0.413 0.387 0.385 0.348
0.42 0.412 0.397 0.402 0.427 0.401 0.401 0.395
0.437 0.434 0.404 0.409 0.439 0.399 0.398 0.378
0.434 0.444 0.415 0.417 0.446 0.401 0.4 0.39
0.448 0.447 0.407 0.392 0.445 0.419 0.415 0.358
0.451 0.46 0.395 0.402 0.437 0.428 0.412 0.372
0.416 0.398 0.402 0.383 0.403 0.427 0.421 0.384
0.402 0.417 0.387 0.392 0.411 0.39 0.376 0.343
0.449 0.442 0.427 0.422 0.445 0.435 0.434 0.405
0.462 0.453 0.424 0.425 0.465 0.4 0.4 0.4
0.403 0.416 0.384 0.357 0.407 0.4 0.4 0.379
0.437 0.445 0.392 0.411 0.456 0.42 0.421 0.398
0.49 0.474 0.471 0.448 0.485 0.379 0.379 0.381
0.419 0.409 0.391 0.375 0.42 0.413 0.399 0.368
0.446 0.468 0.422 0.418 0.446 0.446 0.441 0.425
0.433 0.462 0.417 0.415 0.449 0.427 0.423 0.386
0.474 0.479 0.443 0.429 0.47 0.412 0.413 0.381
0.46 0.486 0.441 0.445 0.461 0.424 0.423 0.401
0.428 0.434 0.407 0.416 0.436 0.403 0.402 0.375
0.427 0.428 0.406 0.423 0.435 0.416 0.414 0.392
0.407 0.434 0.378 0.389 0.414 0.413 0.406 0.372
0.461 0.467 0.416 0.425 0.447 0.434 0.434 0.397
0.39 0.42 0.375 0.36 0.392 0.404 0.403 0.366
0.468 0.452 0.435 0.433 0.465 0.427 0.425 0.397
0.459 0.503 0.415 0.428 0.458 0.399 0.399 0.414
0.419 0.422 0.397 0.405 0.418 0.395 0.395 0.386
0.459 0.472 0.423 0.417 0.448 0.436 0.438 0.389
0.442 0.458 0.416 0.417 0.435 0.419 0.419 0.38
0.443 0.433 0.413 0.42 0.434 0.404 0.4 0.358
0.46 0.451 0.452 0.426 0.461 0.435 0.429 0.4
0.428 0.429 0.417 0.434 0.441 0.423 0.422 0.396
0.464 0.487 0.436 0.459 0.468 0.419 0.418 0.383
0.487 0.46 0.426 0.448 0.48 0.438 0.421 0.402
0.407 0.434 0.377 0.386 0.405 0.39 0.386 0.366
0.419 0.442 0.395 0.404 0.418 0.404 0.404 0.372
0.422 0.443 0.386 0.389 0.431 0.391 0.392 0.36
0.459 0.448 0.412 0.417 0.474 0.44 0.437 0.372
0.453 0.46 0.424 0.425 0.456 0.412 0.403 0.356
0.405 0.398 0.391 0.385 0.421 0.416 0.41 0.35
0.44 0.419 0.405 0.41 0.424 0.415 0.415 0.373
0.42 0.435 0.391 0.386 0.42 0.397 0.397 0.381
0.434 0.474 0.411 0.4 0.444 0.423 0.421 0.396
0.404 0.416 0.373 0.379 0.399 0.39 0.39 0.367
0.372 0.396 0.369 0.363 0.376 0.39 0.39 0.349
0.417 0.439 0.399 0.399 0.417 0.416 0.414 0.385
0.423 0.428 0.4 0.407 0.44 0.391 0.391 0.375
0.4 0.417 0.383 0.386 0.413 0.382 0.382 0.38
0.43 0.448 0.418 0.417 0.43 0.412 0.412 0.414
0.413 0.44 0.403 0.395 0.414 0.407 0.407 0.411
0.446 0.437 0.411 0.412 0.436 0.431 0.426 0.393
0.456 0.469 0.432 0.435 0.458 0.441 0.44 0.406
0.464 0.461 0.426 0.437 0.461 0.406 0.405 0.379
0.422 0.407 0.388 0.391 0.42 0.427 0.429 0.401
0.425 0.433 0.408 0.402 0.425 0.441 0.437 0.417
0.436 0.464 0.402 0.412 0.437 0.426 0.426 0.405
0.444 0.449 0.423 0.406 0.44 0.419 0.416 0.389
0.425 0.452 0.389 0.398 0.431 0.402 0.395 0.341
0.407 0.423 0.379 0.388 0.405 0.404 0.404 0.386
0.413 0.424 0.384 0.374 0.409 0.378 0.378 0.357
0.412 0.414 0.407 0.409 0.417 0.412 0.412 0.397
0.456 0.456 0.444 0.447 0.455 0.435 0.429 0.384
0.449 0.443 0.421 0.421 0.449 0.407 0.407 0.401
0.431 0.45 0.405 0.412 0.431 0.404 0.403 0.373
0.436 0.444 0.395 0.387 0.43 0.406 0.406 0.384
0.46 0.469 0.445 0.447 0.462 0.4 0.4 0.378
0.411 0.418 0.381 0.379 0.412 0.392 0.392 0.366
0.447 0.472 0.415 0.417 0.452 0.426 0.425 0.386
0.425 0.436 0.387 0.394 0.425 0.401 0.4 0.406
0.418 0.444 0.392 0.417 0.433 0.413 0.413 0.358
0.437 0.443 0.422 0.418 0.44 0.4 0.4 0.355
0.458 0.467 0.43 0.418 0.454 0.448 0.448 0.387
0.432 0.443 0.384 0.389 0.43 0.441 0.424 0.378
0.422 0.442 0.395 0.397 0.423 0.433 0.419 0.388
0.425 0.434 0.383 0.395 0.428 0.401 0.402 0.343
0.47 0.475 0.434 0.435 0.47 0.388 0.377 0.386
0.413 0.413 0.379 0.388 0.409 0.38 0.379 0.364
0.401 0.414 0.372 0.37 0.408 0.414 0.414 0.36
0.416 0.417 0.41 0.396 0.416 0.407 0.407 0.383
0.386 0.399 0.34 0.359 0.386 0.386 0.385 0.33
0.414 0.421 0.392 0.384 0.419 0.407 0.406 0.39
0.455 0.472 0.428 0.42 0.456 0.425 0.424 0.399
0.43 0.429 0.394 0.404 0.422 0.409 0.409 0.362
0.444 0.46 0.425 0.426 0.453 0.426 0.427 0.425
0.417 0.402 0.378 0.382 0.406 0.396 0.396 0.361
0.426 0.446 0.408 0.403 0.426 0.401 0.399 0.365
0.406 0.422 0.372 0.38 0.405 0.386 0.386 0.357
0.468 0.473 0.436 0.433 0.476 0.444 0.442 0.411
0.454 0.444 0.434 0.422 0.449 0.418 0.416 0.4
0.403 0.428 0.384 0.399 0.408 0.395 0.381 0.365
0.419 0.442 0.389 0.395 0.42 0.391 0.391 0.348
0.427 0.443 0.401 0.401 0.422 0.429 0.428 0.404
0.442 0.444 0.412 0.418 0.444 0.409 0.409 0.387
0.465 0.47 0.453 0.447 0.466 0.432 0.424 0.408
0.442 0.449 0.404 0.413 0.439 0.409 0.409 0.402
0.403 0.42 0.383 0.394 0.399 0.383 0.383 0.368
0.406 0.411 0.379 0.376 0.406 0.396 0.396 0.344
0.436 0.431 0.408 0.417 0.442 0.409 0.41 0.357
0.441 0.459 0.43 0.429 0.447 0.461 0.459 0.431
0.442 0.436 0.408 0.415 0.442 0.397 0.398 0.368
0.433 0.443 0.395 0.406 0.432 0.409 0.402 0.365
0.443 0.436 0.425 0.408 0.445 0.406 0.406 0.392
0.425 0.441 0.39 0.394 0.413 0.41 0.414 0.408
0.463 0.471 0.421 0.437 0.462 0.441 0.41 0.395
0.43 0.43 0.412 0.411 0.432 0.405 0.405 0.4
0.427 0.454 0.409 0.392 0.426 0.404 0.404 0.367
0.437 0.436 0.405 0.389 0.432 0.393 0.391 0.356
0.506 0.52 0.467 0.472 0.497 0.444 0.446 0.418
0.444 0.458 0.417 0.428 0.46 0.43 0.431 0.381
0.426 0.454 0.399 0.382 0.427 0.436 0.436 0.419
0.49 0.504 0.455 0.449 0.49 0.449 0.44 0.39
0.425 0.462 0.395 0.395 0.425 0.423 0.422 0.4
0.439 0.441 0.405 0.408 0.441 0.363 0.365 0.359
0.448 0.445 0.422 0.439 0.447 0.428 0.42 0.402
0.47 0.488 0.439 0.442 0.469 0.431 0.431 0.425
0.396 0.411 0.387 0.374 0.397 0.378 0.378 0.37
0.439 0.426 0.417 0.411 0.439 0.418 0.415 0.384
0.429 0.435 0.404 0.404 0.431 0.41 0.41 0.373
0.46 0.474 0.426 0.429 0.46 0.428 0.415 0.384
0.426 0.419 0.397 0.398 0.421 0.419 0.413 0.387
0.45 0.471 0.421 0.413 0.454 0.405 0.405 0.379
0.442 0.46 0.42 0.414 0.446 0.418 0.414 0.394
0.449 0.46 0.425 0.433 0.449 0.404 0.404 0.392
0.456 0.474 0.43 0.423 0.448 0.424 0.42 0.389
0.48 0.481 0.437 0.432 0.478 0.411 0.412 0.418
0.446 0.465 0.415 0.433 0.452 0.416 0.406 0.394
0.447 0.471 0.426 0.423 0.444 0.415 0.415 0.384
0.409 0.415 0.39 0.387 0.412 0.387 0.387 0.389
0.404 0.406 0.378 0.382 0.405 0.398 0.392 0.363
0.411 0.447 0.382 0.399 0.425 0.402 0.391 0.366
0.46 0.497 0.425 0.413 0.461 0.433 0.428 0.405
0.427 0.419 0.392 0.39 0.429 0.401 0.401 0.388
0.445 0.469 0.409 0.417 0.445 0.403 0.402 0.367
0.461 0.49 0.432 0.419 0.458 0.429 0.421 0.422
0.434 0.442 0.385 0.389 0.429 0.407 0.407 0.408
0.405 0.394 0.398 0.385 0.412 0.426 0.428 0.405
0.502 0.522 0.446 0.449 0.503 0.409 0.409 0.423
0.45 0.458 0.432 0.416 0.449 0.436 0.434 0.391
0.466 0.466 0.437 0.437 0.476 0.479 0.475 0.462
0.444 0.445 0.406 0.408 0.434 0.386 0.386 0.381
0.453 0.444 0.42 0.424 0.452 0.428 0.42 0.383
0.422 0.423 0.401 0.399 0.422 0.436 0.433 0.409
0.422 0.423 0.404 0.396 0.423 0.426 0.418 0.342
0.458 0.477 0.428 0.43 0.459 0.421 0.421 0.43
0.447 0.451 0.405 0.415 0.45 0.412 0.412 0.397
0.475 0.496 0.461 0.448 0.478 0.436 0.439 0.438
0.38 0.4 0.375 0.374 0.381 0.378 0.378 0.353
0.421 0.429 0.405 0.408 0.42 0.393 0.393 0.381
0.467 0.459 0.453 0.448 0.462 0.432 0.432 0.435
0.443 0.473 0.421 0.421 0.441 0.379 0.379 0.357
0.409 0.442 0.375 0.38 0.403 0.406 0.402 0.35
0.457 0.451 0.425 0.404 0.458 0.404 0.402 0.381
0.44 0.484 0.418 0.425 0.444 0.408 0.41 0.377
0.436 0.445 0.418 0.417 0.438 0.433 0.433 0.412
0.402 0.414 0.374 0.378 0.404 0.414 0.416 0.384
0.407 0.405 0.386 0.407 0.418 0.412 0.41 0.392
0.427 0.433 0.391 0.395 0.415 0.384 0.384 0.376
0.449 0.472 0.415 0.419 0.449 0.424 0.423 0.414
0.386 0.413 0.388 0.373 0.403 0.403 0.4 0.377
0.434 0.452 0.417 0.412 0.437 0.424 0.424 0.395
0.442 0.445 0.415 0.41 0.446 0.441 0.441 0.43
0.445 0.434 0.406 0.403 0.439 0.404 0.404 0.422
0.429 0.448 0.399 0.404 0.43 0.388 0.388 0.385
0.456 0.458 0.442 0.428 0.457 0.428 0.42 0.422
0.411 0.416 0.393 0.388 0.409 0.397 0.397 0.384
0.44 0.446 0.39 0.386 0.431 0.424 0.42 0.364
0.434 0.434 0.415 0.416 0.434 0.374 0.374 0.381
0.437 0.457 0.428 0.413 0.441 0.41 0.401 0.362
0.461 0.48 0.444 0.443 0.466 0.438 0.442 0.404
0.426 0.431 0.39 0.4 0.429 0.409 0.402 0.378
0.444 0.457 0.396 0.43 0.44 0.378 0.378 0.35
0.438 0.463 0.414 0.421 0.424 0.404 0.404 0.357
0.423 0.45 0.395 0.41 0.429 0.424 0.424 0.381
0.412 0.435 0.392 0.391 0.412 0.377 0.377 0.368
0.417 0.412 0.421 0.42 0.422 0.417 0.392 0.355
0.474 0.485 0.451 0.442 0.485 0.437 0.437 0.401
0.466 0.485 0.444 0.432 0.475 0.431 0.426 0.415
0.474 0.468 0.42 0.417 0.46 0.411 0.412 0.391
0.432 0.449 0.404 0.416 0.429 0.404 0.403 0.366
0.467 0.472 0.431 0.441 0.48 0.439 0.437 0.396
0.415 0.462 0.413 0.399 0.432 0.413 0.413 0.385
0.39 0.423 0.382 0.372 0.4 0.396 0.396 0.393
0.458 0.478 0.428 0.426 0.458 0.414 0.414 0.406
0.438 0.441 0.411 0.396 0.438 0.41 0.407 0.38
0.422 0.443 0.412 0.409 0.424 0.427 0.427 0.37
0.442 0.446 0.416 0.42 0.443 0.411 0.41 0.387
0.434 0.453 0.41 0.413 0.434 0.416 0.406 0.377
0.417 0.437 0.382 0.404 0.414 0.391 0.385 0.34
0.418 0.421 0.415 0.384 0.423 0.394 0.394 0.376
0.457 0.477 0.428 0.426 0.47 0.414 0.416 0.422
0.464 0.463 0.433 0.426 0.455 0.401 0.393 0.387
0.468 0.47 0.454 0.446 0.462 0.43 0.425 0.408
0.477 0.476 0.414 0.432 0.469 0.437 0.435 0.417
0.453 0.453 0.416 0.412 0.444 0.426 0.428 0.408
0.467 0.481 0.447 0.433 0.466 0.424 0.424 0.387
0.412 0.42 0.404 0.395 0.424 0.372 0.372 0.36
0.46 0.456 0.413 0.397 0.448 0.402 0.41 0.412
0.403 0.406 0.382 0.385 0.41 0.396 0.395 0.385
0.441 0.432 0.401 0.401 0.435 0.429 0.423 0.393
0.419 0.423 0.385 0.38 0.419 0.401 0.385 0.359
0.437 0.453 0.418 0.414 0.44 0.443 0.443 0.417
0.402 0.404 0.376 0.368 0.402 0.4 0.4 0.377
0.419 0.43 0.4 0.423 0.427 0.406 0.407 0.386
0.455 0.474 0.426 0.427 0.471 0.436 0.436 0.388
0.429 0.443 0.41 0.403 0.431 0.459 0.434 0.406
0.441 0.448 0.428 0.413 0.441 0.372 0.372 0.363
0.403 0.429 0.375 0.365 0.404 0.405 0.405 0.375
0.432 0.444 0.39 0.422 0.432 0.424 0.415 0.378
0.431 0.436 0.391 0.39 0.423 0.394 0.394 0.35
0.458 0.489 0.427 0.42 0.458 0.374 0.374 0.377
0.394 0.402 0.382 0.372 0.394 0.418 0.414 0.356
0.439 0.44 0.421 0.421 0.441 0.434 0.434 0.42
0.418 0.446 0.384 0.39 0.418 0.399 0.396 0.34
0.469 0.461 0.434 0.425 0.457 0.407 0.405 0.39
0.403 0.423 0.393 0.383 0.404 0.413 0.404 0.361
0.448 0.457 0.394 0.397 0.437 0.426 0.426 0.396
0.411 0.42 0.384 0.403 0.424 0.402 0.409 0.359
0.46 0.495 0.446 0.431 0.461 0.425 0.425 0.408
0.43 0.426 0.427 0.429 0.437 0.396 0.397 0.384
0.437 0.426 0.424 0.421 0.437 0.441 0.439 0.395
0.432 0.433 0.413 0.396 0.432 0.421 0.421 0.371
0.433 0.453 0.416 0.423 0.432 0.378 0.378 0.34
0.45 0.45 0.417 0.421 0.436 0.418 0.411 0.397
0.485 0.486 0.441 0.447 0.482 0.403 0.403 0.383
0.441 0.444 0.4 0.407 0.441 0.41 0.402 0.398
0.437 0.46 0.398 0.41 0.423 0.43 0.411 0.409
0.441 0.451 0.422 0.396 0.451 0.436 0.436 0.425
0.412 0.4 0.396 0.373 0.412 0.425 0.429 0.384
0.416 0.437 0.411 0.408 0.426 0.416 0.406 0.382
0.399 0.407 0.384 0.404 0.398 0.393 0.393 0.365
0.444 0.442 0.427 0.416 0.443 0.419 0.419 0.396
0.475 0.481 0.447 0.44 0.474 0.408 0.406 0.386
0.44 0.461 0.406 0.434 0.444 0.419 0.408 0.376
0.447 0.447 0.423 0.42 0.45 0.418 0.414 0.417
0.441 0.475 0.415 0.396 0.449 0.433 0.432 0.379
0.423 0.452 0.391 0.391 0.423 0.391 0.391 0.376
0.452 0.482 0.419 0.413 0.452 0.424 0.424 0.411
0.401 0.415 0.384 0.381 0.414 0.377 0.377 0.375
0.402 0.397 0.375 0.377 0.391 0.39 0.39 0.344
0.445 0.446 0.405 0.411 0.449 0.438 0.437 0.411
0.45 0.459 0.427 0.42 0.456 0.392 0.392 0.383
0.396 0.4 0.379 0.365 0.396 0.394 0.383 0.352
0.42 0.444 0.376 0.38 0.424 0.415 0.415 0.365
0.485 0.493 0.449 0.447 0.484 0.417 0.42 0.398
0.46 0.478 0.424 0.416 0.458 0.435 0.426 0.399
0.432 0.438 0.408 0.424 0.438 0.401 0.401 0.389
0.485 0.477 0.462 0.456 0.476 0.434 0.434 0.417
0.473 0.495 0.448 0.442 0.481 0.461 0.454 0.422
0.467 0.474 0.386 0.393 0.467 0.407 0.407 0.366
0.445 0.469 0.417 0.399 0.445 0.427 0.427 0.435
0.442 0.443 0.404 0.422 0.446 0.435 0.434 0.413
0.421 0.42 0.368 0.374 0.417 0.366 0.366 0.357
0.481 0.496 0.447 0.447 0.481 0.441 0.443 0.435
0.423 0.404 0.404 0.383 0.431 0.38 0.38 0.373
0.431 0.434 0.426 0.397 0.431 0.396 0.39 0.371
0.433 0.441 0.424 0.416 0.441 0.41 0.41 0.383
0.459 0.486 0.436 0.421 0.461 0.426 0.426 0.416
0.472 0.46 0.434 0.423 0.467 0.418 0.413 0.41
0.436 0.425 0.4 0.406 0.423 0.407 0.411 0.379
0.446 0.437 0.395 0.401 0.435 0.425 0.425 0.403
0.417 0.437 0.391 0.385 0.417 0.401 0.401 0.343
0.47 0.478 0.428 0.442 0.471 0.412 0.412 0.394
0.422 0.453 0.396 0.402 0.414 0.432 0.435 0.381
0.431 0.442 0.418 0.401 0.433 0.391 0.391 0.382
0.409 0.426 0.371 0.39 0.409 0.392 0.392 0.371
0.441 0.437 0.378 0.404 0.432 0.434 0.418 0.362
0.446 0.455 0.419 0.423 0.446 0.415 0.415 0.401
0.46 0.481 0.432 0.438 0.464 0.421 0.421 0.406
0.446 0.441 0.423 0.417 0.446 0.384 0.384 0.392
0.445 0.439 0.39 0.405 0.437 0.422 0.423 0.411
0.411 0.418 0.365 0.361 0.399 0.37 0.37 0.353
0.428 0.438 0.402 0.402 0.429 0.406 0.406 0.367
0.406 0.421 0.387 0.397 0.406 0.406 0.406 0.363
0.415 0.437 0.386 0.399 0.419 0.412 0.412 0.393
0.435 0.457 0.411 0.391 0.436 0.385 0.383 0.39
0.455 0.469 0.429 0.415 0.455 0.477 0.47 0.401
0.403 0.418 0.375 0.355 0.402 0.391 0.39 0.325
0.484 0.506 0.467 0.45 0.483 0.432 0.431 0.392
0.446 0.472 0.415 0.418 0.456 0.425 0.421 0.37
0.385 0.401 0.368 0.355 0.385 0.376 0.374 0.352
0.443 0.447 0.394 0.419 0.446 0.383 0.383 0.372
0.407 0.422 0.423 0.409 0.421 0.396 0.396 0.355
0.435 0.44 0.408 0.408 0.435 0.424 0.424 0.405
0.426 0.415 0.409 0.404 0.427 0.432 0.412 0.398
0.429 0.437 0.406 0.394 0.428 0.409 0.415 0.39
0.423 0.438 0.403 0.403 0.425 0.41 0.401 0.377
0.474 0.488 0.449 0.437 0.476 0.408 0.404 0.414
0.444 0.466 0.432 0.421 0.448 0.394 0.395 0.378
0.477 0.467 0.447 0.46 0.486 0.431 0.429 0.42
0.447 0.466 0.418 0.418 0.445 0.436 0.439 0.386
0.419 0.411 0.403 0.402 0.419 0.43 0.43 0.409
0.423 0.446 0.403 0.393 0.423 0.404 0.404 0.357
0.433 0.435 0.413 0.413 0.432 0.415 0.407 0.384
0.433 0.449 0.399 0.389 0.431 0.426 0.422 0.397
0.423 0.44 0.401 0.415 0.435 0.414 0.416 0.392
0.466 0.496 0.425 0.437 0.484 0.46 0.46 0.427
0.401 0.418 0.374 0.379 0.411 0.417 0.417 0.379
0.427 0.441 0.423 0.423 0.431 0.403 0.401 0.372
0.441 0.462 0.388 0.393 0.424 0.396 0.396 0.38
0.418 0.434 0.391 0.369 0.417 0.387 0.387 0.356
0.42 0.422 0.38 0.386 0.4 0.394 0.393 0.34
0.433 0.436 0.429 0.419 0.425 0.413 0.41 0.372
0.43 0.444 0.406 0.4 0.423 0.416 0.416 0.411
0.426 0.434 0.422 0.409 0.426 0.382 0.381 0.355
0.415 0.427 0.396 0.381 0.416 0.414 0.408 0.395
0.424 0.426 0.416 0.444 0.435 0.403 0.403 0.39
0.442 0.475 0.412 0.404 0.444 0.424 0.406 0.373
0.421 0.429 0.406 0.398 0.42 0.408 0.408 0.379
0.425 0.448 0.396 0.402 0.427 0.413 0.403 0.387
0.468 0.486 0.442 0.439 0.471 0.382 0.382 0.392
0.423 0.42 0.393 0.401 0.415 0.418 0.418 0.388
0.411 0.424 0.395 0.403 0.416 0.404 0.396 0.355
0.465 0.476 0.436 0.447 0.462 0.413 0.41 0.408
0.45 0.439 0.428 0.433 0.449 0.431 0.42 0.409
0.424 0.45 0.396 0.399 0.424 0.413 0.414 0.374
0.438 0.451 0.412 0.396 0.442 0.43 0.425 0.398
0.47 0.45 0.428 0.423 0.464 0.406 0.402 0.35
0.419 0.444 0.376 0.378 0.427 0.421 0.407 0.376
0.438 0.422 0.408 0.422 0.447 0.421 0.421 0.389
0.427 0.418 0.4 0.394 0.434 0.412 0.412 0.376
0.413 0.389 0.372 0.377 0.408 0.425 0.421 0.371
0.427 0.45 0.405 0.417 0.427 0.422 0.405 0.348
0.388 0.38 0.385 0.376 0.394 0.393 0.39 0.355
0.442 0.447 0.392 0.394 0.443 0.414 0.413 0.399
0.412 0.437 0.397 0.409 0.421 0.432 0.432 0.39
0.463 0.476 0.402 0.416 0.46 0.42 0.42 0.418
0.386 0.409 0.382 0.388 0.389 0.408 0.408 0.378
0.423 0.437 0.381 0.382 0.418 0.402 0.402 0.388
0.416 0.445 0.402 0.382 0.417 0.415 0.417 0.401
0.499 0.504 0.461 0.45 0.497 0.447 0.45 0.436
0.427 0.445 0.415 0.407 0.437 0.395 0.395 0.355
0.389 0.407 0.354 0.35 0.389 0.385 0.385 0.36
0.412 0.434 0.391 0.389 0.414 0.437 0.437 0.372
0.416 0.428 0.395 0.385 0.419 0.389 0.389 0.334
0.405 0.439 0.388 0.383 0.408 0.408 0.408 0.377
0.469 0.46 0.435 0.456 0.47 0.396 0.398 0.366
0.473 0.467 0.439 0.432 0.472 0.45 0.45 0.408
0.429 0.42 0.412 0.413 0.428 0.402 0.4 0.381
0.444 0.453 0.404 0.405 0.438 0.395 0.394 0.368
0.438 0.457 0.435 0.433 0.457 0.406 0.4 0.394
0.413 0.426 0.386 0.394 0.419 0.405 0.405 0.365
0.423 0.453 0.404 0.406 0.422 0.402 0.402 0.394
0.455 0.444 0.417 0.414 0.445 0.388 0.388 0.371
0.436 0.461 0.424 0.432 0.44 0.436 0.432 0.4
0.46 0.467 0.445 0.454 0.462 0.43 0.43 0.416
0.419 0.441 0.398 0.391 0.427 0.417 0.416 0.35
0.442 0.447 0.419 0.414 0.454 0.399 0.398 0.373
0.466 0.484 0.435 0.435 0.47 0.426 0.429 0.415
0.441 0.427 0.413 0.412 0.435 0.425 0.425 0.408
0.405 0.417 0.375 0.404 0.394 0.404 0.404 0.356
0.417 0.442 0.397 0.395 0.418 0.405 0.405 0.373
0.445 0.473 0.401 0.387 0.445 0.42 0.42 0.405
0.435 0.447 0.401 0.403 0.435 0.375 0.374 0.336
0.423 0.425 0.368 0.377 0.41 0.385 0.381 0.364
0.393 0.421 0.404 0.383 0.404 0.412 0.41 0.357
0.418 0.432 0.372 0.364 0.398 0.386 0.39 0.359
0.434 0.469 0.423 0.434 0.441 0.407 0.392 0.374
0.396 0.406 0.376 0.365 0.38 0.403 0.403 0.367
0.461 0.481 0.45 0.432 0.461 0.405 0.406 0.372
0.448 0.458 0.389 0.393 0.45 0.441 0.435 0.435
0.406 0.432 0.392 0.404 0.408 0.429 0.427 0.385
0.485 0.5 0.436 0.442 0.472 0.449 0.44 0.426
0.437 0.48 0.417 0.414 0.44 0.405 0.403 0.373
0.43 0.444 0.384 0.387 0.42 0.438 0.422 0.403
0.45 0.455 0.433 0.436 0.461 0.453 0.456 0.419
0.432 0.429 0.434 0.422 0.432 0.395 0.395 0.365
0.447 0.451 0.413 0.427 0.447 0.4 0.4 0.395
0.442 0.458 0.428 0.423 0.457 0.407 0.409 0.37
0.419 0.425 0.416 0.411 0.422 0.403 0.407 0.384
0.439 0.457 0.421 0.442 0.435 0.401 0.401 0.383
0.422 0.449 0.406 0.399 0.427 0.417 0.416 0.357
0.437 0.462 0.409 0.412 0.443 0.409 0.409 0.383
0.463 0.483 0.425 0.41 0.455 0.401 0.399 0.403
0.418 0.442 0.399 0.397 0.434 0.434 0.436 0.391
0.451 0.45 0.427 0.43 0.451 0.436 0.417 0.404
0.411 0.416 0.392 0.384 0.411 0.402 0.393 0.39
0.475 0.473 0.439 0.453 0.47 0.42 0.421 0.399
0.438 0.461 0.41 0.416 0.436 0.435 0.435 0.403
0.42 0.41 0.401 0.385 0.422 0.405 0.405 0.392
0.477 0.479 0.441 0.435 0.466 0.454 0.453 0.413
0.415 0.443 0.388 0.392 0.415 0.38 0.38 0.352
0.437 0.459 0.394 0.408 0.436 0.453 0.455 0.417
0.381 0.392 0.374 0.371 0.383 0.373 0.373 0.351
0.438 0.414 0.405 0.419 0.43 0.416 0.416 0.369
0.403 0.432 0.381 0.394 0.405 0.422 0.422 0.391
0.434 0.461 0.398 0.4 0.432 0.398 0.403 0.387
0.443 0.456 0.426 0.435 0.442 0.422 0.422 0.384
0.433 0.437 0.431 0.421 0.447 0.406 0.402 0.402
0.439 0.426 0.415 0.412 0.432 0.419 0.419 0.391
0.448 0.466 0.428 0.432 0.448 0.456 0.456 0.41
0.424 0.422 0.387 0.393 0.442 0.419 0.419 0.402
0.443 0.465 0.416 0.402 0.446 0.425 0.423 0.387
0.415 0.437 0.388 0.398 0.416 0.376 0.376 0.331
0.405 0.409 0.37 0.393 0.404 0.403 0.397 0.369
0.428 0.43 0.382 0.41 0.437 0.423 0.426 0.399
0.458 0.471 0.411 0.408 0.454 0.396 0.384 0.373
0.434 0.463 0.398 0.401 0.436 0.408 0.408 0.413
0.453 0.454 0.417 0.425 0.453 0.443 0.442 0.398
0.429 0.436 0.404 0.416 0.429 0.405 0.403 0.371
0.419 0.418 0.383 0.377 0.403 0.408 0.387 0.369
0.457 0.452 0.415 0.41 0.454 0.396 0.396 0.39
0.46 0.443 0.442 0.432 0.463 0.43 0.426 0.401
0.41 0.415 0.383 0.385 0.411 0.412 0.412 0.37
0.43 0.448 0.395 0.394 0.435 0.414 0.414 0.408
0.439 0.457 0.401 0.421 0.438 0.407 0.407 0.395
0.442 0.462 0.407 0.419 0.442 0.416 0.416 0.386
0.417 0.434 0.383 0.394 0.422 0.405 0.405 0.346
0.404 0.438 0.412 0.401 0.405 0.415 0.395 0.366
0.433 0.456 0.422 0.429 0.446 0.429 0.429 0.41
0.466 0.48 0.442 0.435 0.446 0.467 0.459 0.431
0.459 0.476 0.425 0.429 0.459 0.414 0.414 0.4
0.417 0.453 0.402 0.397 0.424 0.423 0.423 0.376
0.414 0.41 0.391 0.406 0.418 0.391 0.391 0.384
0.419 0.401 0.392 0.399 0.42 0.406 0.406 0.374
0.429 0.422 0.404 0.402 0.438 0.414 0.414 0.396
0.419 0.427 0.38 0.395 0.419 0.403 0.394 0.378
0.431 0.43 0.422 0.431 0.438 0.416 0.416 0.392
0.458 0.484 0.403 0.406 0.444 0.422 0.421 0.404
0.397 0.405 0.376 0.367 0.41 0.396 0.379 0.35
0.425 0.418 0.403 0.39 0.427 0.402 0.402 0.39
0.443 0.43 0.418 0.435 0.443 0.424 0.424 0.401
0.439 0.456 0.398 0.4 0.436 0.401 0.39 0.374
0.41 0.415 0.388 0.387 0.416 0.388 0.385 0.369
0.418 0.454 0.378 0.376 0.427 0.39 0.389 0.373
0.419 0.42 0.381 0.386 0.425 0.423 0.43 0.394
0.454 0.462 0.437 0.429 0.462 0.443 0.443 0.399
0.422 0.415 0.413 0.42 0.42 0.46 0.46 0.416
0.445 0.456 0.403 0.409 0.448 0.389 0.389 0.37
0.393 0.394 0.367 0.369 0.382 0.408 0.397 0.357
0.4 0.406 0.378 0.393 0.398 0.377 0.377 0.343
0.441 0.427 0.42 0.426 0.435 0.408 0.399 0.368
0.436 0.465 0.416 0.42 0.436 0.369 0.362 0.342
0.448 0.452 0.403 0.427 0.45 0.399 0.4 0.384
0.427 0.425 0.417 0.408 0.429 0.438 0.438 0.405
0.433 0.441 0.412 0.42 0.446 0.41 0.405 0.389
0.44 0.472 0.419 0.432 0.441 0.401 0.395 0.32
0.441 0.439 0.401 0.404 0.442 0.416 0.415 0.399
0.43 0.461 0.395 0.4 0.436 0.399 0.399 0.374
0.456 0.464 0.403 0.441 0.456 0.395 0.395 0.404
0.422 0.454 0.408 0.394 0.423 0.446 0.448 0.371
0.409 0.42 0.413 0.421 0.419 0.403 0.402 0.385
0.409 0.43 0.383 0.378 0.409 0.388 0.387 0.378
0.423 0.407 0.381 0.388 0.399 0.399 0.398 0.361
0.446 0.459 0.425 0.437 0.449 0.414 0.414 0.382
0.439 0.447 0.424 0.418 0.448 0.439 0.439 0.416
0.444 0.465 0.415 0.419 0.44 0.433 0.433 0.385
0.436 0.433 0.408 0.399 0.439 0.446 0.446 0.414
0.444 0.461 0.436 0.442 0.445 0.411 0.4 0.375
0.425 0.428 0.398 0.395 0.421 0.428 0.428 0.402
0.413 0.409 0.401 0.398 0.416 0.416 0.419 0.402
0.388 0.41 0.392 0.365 0.391 0.389 0.389 0.352
0.399 0.424 0.381 0.376 0.406 0.398 0.398 0.341
0.432 0.432 0.405 0.4 0.426 0.401 0.401 0.372
0.44 0.45 0.4 0.402 0.438 0.424 0.419 0.361
0.431 0.422 0.399 0.406 0.433 0.424 0.435 0.388
0.42 0.415 0.395 0.388 0.42 0.414 0.389 0.387
0.464 0.48 0.433 0.43 0.456 0.414 0.414 0.393
0.468 0.47 0.425 0.413 0.465 0.416 0.412 0.4
0.436 0.448 0.413 0.414 0.437 0.419 0.408 0.359
0.41 0.429 0.407 0.404 0.423 0.433 0.423 0.418
0.432 0.42 0.407 0.401 0.418 0.401 0.397 0.359
0.433 0.442 0.425 0.407 0.428 0.429 0.432 0.365
0.431 0.434 0.404 0.406 0.432 0.405 0.405 0.369
0.431 0.442 0.422 0.421 0.444 0.399 0.399 0.369
0.432 0.444 0.401 0.383 0.441 0.384 0.384 0.363
0.425 0.438 0.385 0.389 0.429 0.426 0.426 0.371
0.443 0.468 0.427 0.417 0.445 0.425 0.424 0.388
0.424 0.438 0.399 0.39 0.424 0.39 0.387 0.337
0.461 0.452 0.439 0.44 0.463 0.451 0.446 0.42
0.432 0.446 0.396 0.383 0.42 0.399 0.4 0.367
0.466 0.443 0.413 0.423 0.458 0.419 0.421 0.413
0.421 0.43 0.404 0.399 0.423 0.408 0.409 0.387
0.405 0.432 0.389 0.392 0.421 0.38 0.383 0.363
0.462 0.468 0.414 0.425 0.464 0.435 0.435 0.399
0.447 0.444 0.395 0.399 0.43 0.434 0.436 0.389
0.41 0.423 0.397 0.39 0.41 0.404 0.401 0.371
0.426 0.432 0.411 0.412 0.425 0.397 0.397 0.369
0.439 0.463 0.408 0.412 0.441 0.414 0.414 0.408
0.428 0.429 0.395 0.401 0.428 0.399 0.384 0.358
0.424 0.416 0.411 0.408 0.427 0.402 0.403 0.405
0.409 0.406 0.394 0.389 0.409 0.428 0.422 0.381
0.389 0.392 0.37 0.366 0.389 0.393 0.393 0.357
0.445 0.458 0.421 0.427 0.445 0.421 0.415 0.403
0.426 0.414 0.423 0.402 0.425 0.432 0.449 0.388
0.468 0.468 0.432 0.412 0.464 0.4 0.4 0.406
0.404 0.427 0.373 0.368 0.415 0.406 0.406 0.374
0.42 0.438 0.387 0.395 0.408 0.444 0.435 0.384
0.455 0.448 0.398 0.411 0.448 0.43 0.431 0.419
0.432 0.424 0.409 0.389 0.428 0.402 0.395 0.367
0.435 0.44 0.419 0.417 0.438 0.405 0.405 0.379
0.409 0.422 0.386 0.394 0.415 0.423 0.423 0.407
0.445 0.463 0.417 0.423 0.445 0.418 0.417 0.391
0.424 0.455 0.379 0.405 0.424 0.412 0.391 0.37
0.44 0.457 0.395 0.395 0.424 0.42 0.407 0.363
0.453 0.465 0.402 0.395 0.438 0.413 0.417 0.389
0.434 0.448 0.403 0.392 0.443 0.418 0.419 0.424
0.444 0.443 0.411 0.418 0.439 0.384 0.384 0.311
0.483 0.493 0.461 0.444 0.483 0.433 0.433 0.419
0.392 0.44 0.4 0.389 0.394 0.38 0.38 0.333
0.441 0.46 0.425 0.427 0.456 0.396 0.396 0.374
0.387 0.398 0.367 0.37 0.387 0.411 0.411 0.363
0.437 0.456 0.424 0.417 0.439 0.416 0.415 0.419
0.381 0.415 0.353 0.36 0.383 0.382 0.382 0.358
0.397 0.41 0.379 0.375 0.41 0.408 0.411 0.401
0.429 0.419 0.407 0.399 0.429 0.392 0.39 0.376
0.43 0.44 0.407 0.399 0.433 0.421 0.42 0.388
0.417 0.426 0.381 0.383 0.438 0.41 0.41 0.38
0.415 0.447 0.392 0.396 0.419 0.395 0.395 0.378
0.383 0.415 0.376 0.369 0.386 0.362 0.362 0.343
0.454 0.469 0.419 0.426 0.454 0.413 0.403 0.337
0.4 0.42 0.377 0.382 0.4 0.38 0.38 0.373
0.396 0.417 0.373 0.37 0.395 0.381 0.381 0.387
0.432 0.451 0.419 0.412 0.432 0.39 0.39 0.365
0.443 0.439 0.402 0.409 0.434 0.445 0.446 0.404
0.425 0.443 0.393 0.406 0.426 0.413 0.413 0.379
0.395 0.42 0.389 0.377 0.384 0.396 0.396 0.387
0.423 0.438 0.405 0.403 0.432 0.383 0.383 0.367
0.441 0.446 0.403 0.409 0.45 0.393 0.396 0.373
0.413 0.413 0.378 0.372 0.413 0.416 0.411 0.393
0.441 0.461 0.4 0.399 0.445 0.421 0.421 0.374
0.429 0.435 0.412 0.411 0.429 0.41 0.41 0.385
0.434 0.447 0.418 0.422 0.434 0.444 0.444 0.421
0.443 0.45 0.413 0.432 0.447 0.41 0.41 0.375
0.416 0.447 0.402 0.395 0.416 0.38 0.378 0.331
0.44 0.44 0.39 0.418 0.44 0.408 0.406 0.397
0.412 0.434 0.395 0.392 0.412 0.398 0.398 0.371
0.444 0.448 0.415 0.415 0.446 0.411 0.411 0.402
0.465 0.477 0.434 0.421 0.471 0.409 0.404 0.418
0.445 0.454 0.396 0.413 0.446 0.402 0.401 0.382
0.465 0.484 0.454 0.444 0.478 0.443 0.443 0.426
0.476 0.48 0.438 0.421 0.476 0.463 0.463 0.462
0.451 0.444 0.413 0.422 0.452 0.418 0.418 0.359
0.43 0.449 0.41 0.396 0.432 0.427 0.427 0.403
0.426 0.413 0.41 0.402 0.428 0.415 0.414 0.373
0.425 0.441 0.367 0.391 0.41 0.405 0.401 0.382
0.438 0.447 0.415 0.428 0.434 0.413 0.413 0.395
0.393 0.399 0.375 0.371 0.401 0.375 0.374 0.341
0.455 0.458 0.435 0.431 0.462 0.458 0.443 0.413
0.456 0.445 0.441 0.44 0.46 0.409 0.409 0.401
0.417 0.438 0.394 0.389 0.419 0.426 0.428 0.415
0.438 0.432 0.384 0.396 0.431 0.379 0.378 0.376
0.436 0.429 0.424 0.42 0.439 0.395 0.396 0.366
0.462 0.427 0.448 0.421 0.457 0.426 0.423 0.4
0.413 0.411 0.381 0.394 0.414 0.406 0.395 0.379
0.473 0.456 0.435 0.434 0.467 0.419 0.418 0.382
0.482 0.506 0.445 0.452 0.48 0.42 0.418 0.419
0.447 0.435 0.411 0.41 0.446 0.397 0.397 0.406
0.471 0.494 0.437 0.424 0.473 0.437 0.435 0.396
0.431 0.442 0.402 0.378 0.431 0.418 0.418 0.399
0.477 0.488 0.447 0.444 0.478 0.418 0.418 0.386
0.439 0.44 0.403 0.412 0.436 0.386 0.379 0.368
0.444 0.451 0.416 0.419 0.441 0.413 0.413 0.342
0.407 0.411 0.367 0.377 0.411 0.426 0.414 0.351
0.445 0.457 0.425 0.418 0.438 0.409 0.408 0.372
0.436 0.46 0.425 0.41 0.441 0.424 0.424 0.377
0.425 0.427 0.394 0.397 0.424 0.4 0.401 0.388
0.448 0.46 0.427 0.431 0.45 0.418 0.418 0.417
0.423 0.451 0.401 0.396 0.426 0.395 0.395 0.34
0.374 0.403 0.357 0.36 0.374 0.429 0.429 0.374
0.432 0.447 0.41 0.395 0.428 0.419 0.406 0.393
0.406 0.41 0.386 0.388 0.406 0.421 0.414 0.393
0.427 0.441 0.402 0.379 0.429 0.405 0.402 0.392
0.402 0.43 0.387 0.384 0.402 0.398 0.396 0.368
0.457 0.468 0.418 0.416 0.457 0.41 0.41 0.399
0.407 0.426 0.38 0.367 0.41 0.385 0.385 0.348
0.447 0.467 0.432 0.435 0.451 0.437 0.436 0.413
0.462 0.479 0.416 0.437 0.462 0.424 0.425 0.412
0.448 0.458 0.432 0.426 0.456 0.416 0.413 0.393
0.43 0.439 0.411 0.406 0.428 0.399 0.399 0.363
0.439 0.452 0.398 0.394 0.436 0.401 0.384 0.387
0.452 0.465 0.445 0.438 0.457 0.386 0.385 0.39
0.428 0.455 0.398 0.42 0.431 0.434 0.435 0.407
0.429 0.429 0.403 0.393 0.429 0.401 0.398 0.394
0.435 0.441 0.413 0.412 0.436 0.428 0.43 0.416
0.393 0.419 0.393 0.379 0.394 0.407 0.409 0.383
0.473 0.499 0.427 0.426 0.462 0.439 0.43 0.426
0.423 0.443 0.408 0.406 0.414 0.416 0.399 0.353
0.45 0.448 0.433 0.421 0.45 0.375 0.375 0.352
0.405 0.406 0.38 0.373 0.405 0.4 0.4 0.361
0.44 0.441 0.405 0.395 0.442 0.383 0.383 0.366
0.452 0.473 0.424 0.425 0.459 0.419 0.417 0.406
0.424 0.441 0.399 0.41 0.442 0.397 0.399 0.396
0.41 0.424 0.386 0.386 0.41 0.428 0.428 0.388
0.432 0.422 0.422 0.42 0.436 0.388 0.383 0.368
0.454 0.476 0.447 0.405 0.47 0.44 0.44 0.43
0.391 0.406 0.363 0.383 0.393 0.369 0.37 0.332
0.41 0.413 0.372 0.394 0.398 0.375 0.358 0.331
0.449 0.47 0.414 0.427 0.45 0.426 0.419 0.389
0.448 0.424 0.431 0.429 0.449 0.411 0.411 0.366
0.437 0.447 0.399 0.405 0.435 0.429 0.429 0.414
0.443 0.464 0.423 0.427 0.439 0.413 0.413 0.384
0.46 0.485 0.417 0.414 0.464 0.451 0.451 0.407
0.434 0.457 0.423 0.412 0.449 0.401 0.401 0.364
0.445 0.451 0.416 0.408 0.446 0.409 0.409 0.377
0.42 0.44 0.393 0.407 0.428 0.411 0.391 0.368
0.447 0.469 0.421 0.419 0.441 0.46 0.459 0.396
0.433 0.447 0.405 0.428 0.442 0.399 0.398 0.371
0.417 0.424 0.391 0.395 0.425 0.413 0.413 0.412
0.441 0.446 0.419 0.414 0.452 0.391 0.391 0.363
0.447 0.447 0.406 0.404 0.438 0.409 0.411 0.37
0.472 0.48 0.425 0.419 0.453 0.444 0.443 0.405
0.423 0.447 0.382 0.39 0.425 0.408 0.41 0.38
0.455 0.482 0.417 0.411 0.455 0.432 0.424 0.404
0.44 0.449 0.407 0.402 0.44 0.403 0.403 0.361
0.413 0.412 0.396 0.391 0.419 0.4 0.4 0.401
0.409 0.413 0.402 0.395 0.41 0.394 0.394 0.365
0.461 0.45 0.446 0.431 0.462 0.409 0.412 0.381
0.405 0.413 0.363 0.383 0.408 0.399 0.399 0.379
0.459 0.487 0.424 0.429 0.447 0.392 0.393 0.384
0.404 0.407 0.371 0.396 0.405 0.402 0.4 0.367
0.421 0.423 0.392 0.384 0.416 0.401 0.401 0.376
0.456 0.456 0.417 0.443 0.446 0.391 0.391 0.391
0.436 0.465 0.407 0.405 0.443 0.412 0.411 0.397
0.474 0.469 0.441 0.439 0.471 0.436 0.436 0.409
0.454 0.478 0.434 0.431 0.46 0.421 0.421 0.406
0.427 0.439 0.405 0.387 0.431 0.382 0.378 0.369
0.433 0.45 0.398 0.397 0.433 0.44 0.43 0.364
0.429 0.448 0.4 0.435 0.441 0.443 0.443 0.425
0.49 0.489 0.457 0.46 0.49 0.42 0.407 0.37
0.416 0.431 0.4 0.408 0.416 0.414 0.407 0.382
0.411 0.439 0.401 0.39 0.416 0.377 0.379 0.372
0.477 0.497 0.437 0.43 0.471 0.458 0.458 0.409
0.398 0.431 0.401 0.401 0.41 0.425 0.425 0.363
0.423 0.433 0.381 0.395 0.425 0.4 0.4 0.377
0.432 0.429 0.416 0.425 0.432 0.431 0.432 0.39
0.45 0.442 0.415 0.408 0.442 0.428 0.428 0.414
0.44 0.435 0.401 0.393 0.431 0.413 0.417 0.372
0.448 0.439 0.403 0.412 0.443 0.426 0.428 0.377
0.445 0.444 0.423 0.441 0.437 0.41 0.41 0.383
0.424 0.428 0.406 0.402 0.428 0.391 0.389 0.373
0.474 0.499 0.452 0.464 0.492 0.446 0.443 0.444
0.427 0.449 0.397 0.394 0.426 0.396 0.396 0.382
0.44 0.455 0.4 0.406 0.441 0.408 0.405 0.374
0.417 0.449 0.407 0.394 0.421 0.427 0.426 0.362
0.447 0.451 0.422 0.424 0.437 0.398 0.396 0.362
0.441 0.457 0.405 0.43 0.449 0.445 0.431 0.395
0.459 0.46 0.401 0.404 0.45 0.411 0.41 0.381
0.44 0.441 0.423 0.403 0.431 0.414 0.412 0.368
0.408 0.417 0.395 0.395 0.407 0.379 0.379 0.366
0.458 0.457 0.406 0.414 0.468 0.423 0.426 0.41
0.433 0.423 0.399 0.392 0.43 0.386 0.386 0.367
0.432 0.415 0.413 0.409 0.441 0.417 0.417 0.38
0.414 0.429 0.364 0.359 0.407 0.377 0.377 0.35
0.406 0.437 0.378 0.379 0.406 0.395 0.392 0.364
0.44 0.448 0.407 0.411 0.442 0.403 0.401 0.387
0.474 0.468 0.464 0.449 0.474 0.43 0.431 0.408
0.402 0.422 0.36 0.381 0.411 0.403 0.403 0.407
0.425 0.432 0.392 0.389 0.419 0.411 0.41 0.4
0.431 0.46 0.419 0.418 0.434 0.406 0.392 0.363
0.404 0.411 0.383 0.379 0.405 0.395 0.395 0.38
0.4 0.388 0.367 0.366 0.391 0.383 0.383 0.339
0.456 0.477 0.414 0.43 0.456 0.413 0.414 0.389
0.427 0.457 0.389 0.409 0.42 0.431 0.41 0.4
0.443 0.423 0.427 0.414 0.443 0.446 0.432 0.383
0.398 0.427 0.415 0.39 0.416 0.411 0.411 0.366
0.446 0.457 0.426 0.427 0.452 0.45 0.45 0.409
0.437 0.454 0.426 0.405 0.44 0.414 0.409 0.376
0.434 0.456 0.409 0.419 0.433 0.411 0.41 0.36
0.414 0.422 0.367 0.36 0.413 0.405 0.404 0.386
0.449 0.461 0.434 0.421 0.441 0.393 0.393 0.365
0.413 0.431 0.385 0.395 0.412 0.422 0.42 0.425
0.451 0.453 0.414 0.417 0.451 0.432 0.427 0.364
0.468 0.506 0.431 0.426 0.468 0.441 0.44 0.407
0.458 0.464 0.41 0.409 0.436 0.404 0.401 0.376
0.446 0.438 0.401 0.406 0.433 0.385 0.385 0.352
0.45 0.444 0.424 0.421 0.445 0.416 0.416 0.399
0.46 0.464 0.44 0.414 0.46 0.399 0.399 0.419
0.415 0.444 0.392 0.399 0.421 0.409 0.405 0.361
0.428 0.44 0.427 0.395 0.426 0.429 0.418 0.387
0.394 0.426 0.383 0.387 0.408 0.448 0.425 0.386
0.427 0.46 0.399 0.392 0.435 0.426 0.415 0.391
0.406 0.409 0.387 0.389 0.408 0.405 0.419 0.412
0.446 0.471 0.419 0.432 0.455 0.385 0.385 0.375
0.448 0.447 0.413 0.419 0.451 0.448 0.434 0.386
0.437 0.438 0.415 0.411 0.45 0.409 0.406 0.412
0.431 0.44 0.406 0.418 0.432 0.431 0.414 0.379
0.463 0.482 0.436 0.422 0.463 0.412 0.412 0.388
0.373 0.38 0.355 0.341 0.373 0.367 0.367 0.338
0.423 0.428 0.399 0.405 0.424 0.403 0.401 0.358
0.427 0.472 0.408 0.423 0.437 0.428 0.428 0.382
0.414 0.425 0.37 0.374 0.406 0.387 0.385 0.33
0.459 0.474 0.433 0.442 0.468 0.452 0.44 0.407
0.412 0.443 0.39 0.408 0.412 0.389 0.395 0.37
0.429 0.446 0.417 0.397 0.44 0.418 0.418 0.385
0.436 0.469 0.414 0.411 0.434 0.398 0.404 0.351
0.426 0.421 0.399 0.41 0.436 0.399 0.398 0.391
0.439 0.448 0.414 0.411 0.446 0.368 0.368 0.36
0.424 0.418 0.406 0.415 0.424 0.386 0.385 0.359
0.43 0.442 0.402 0.39 0.433 0.423 0.422 0.395
0.413 0.431 0.396 0.382 0.403 0.41 0.403 0.365
0.385 0.428 0.359 0.369 0.389 0.382 0.382 0.344
0.438 0.417 0.406 0.391 0.426 0.421 0.412 0.373
0.405 0.407 0.38 0.391 0.401 0.375 0.375 0.379
0.432 0.48 0.395 0.413 0.44 0.416 0.409 0.374
0.464 0.482 0.443 0.44 0.474 0.434 0.434 0.42
0.467 0.455 0.405 0.416 0.454 0.447 0.447 0.417
0.404 0.396 0.367 0.366 0.393 0.402 0.4 0.389
0.431 0.461 0.409 0.419 0.441 0.431 0.431 0.386
0.42 0.407 0.394 0.391 0.424 0.405 0.399 0.371
0.45 0.478 0.417 0.414 0.434 0.405 0.404 0.368
0.404 0.417 0.377 0.368 0.405 0.379 0.38 0.396
0.477 0.473 0.427 0.435 0.474 0.418 0.418 0.376
0.464 0.459 0.423 0.406 0.456 0.394 0.394 0.36
0.468 0.462 0.449 0.451 0.468 0.437 0.437 0.388
0.444 0.475 0.389 0.385 0.443 0.406 0.409 0.381
0.424 0.444 0.403 0.407 0.426 0.454 0.44 0.388
0.427 0.443 0.413 0.409 0.427 0.408 0.405 0.367
0.424 0.444 0.398 0.404 0.424 0.412 0.411 0.361
0.431 0.432 0.409 0.413 0.435 0.403 0.403 0.382
0.461 0.486 0.421 0.416 0.447 0.42 0.42 0.422
0.422 0.453 0.391 0.397 0.43 0.44 0.424 0.443
0.424 0.435 0.398 0.385 0.432 0.436 0.436 0.402
0.443 0.476 0.408 0.426 0.441 0.422 0.421 0.401
0.435 0.456 0.413 0.418 0.438 0.423 0.423 0.413
0.438 0.443 0.428 0.402 0.443 0.417 0.404 0.366
0.425 0.441 0.406 0.432 0.426 0.438 0.436 0.386
0.482 0.491 0.45 0.444 0.481 0.408 0.405 0.386
0.395 0.395 0.368 0.358 0.393 0.383 0.382 0.341
0.455 0.457 0.428 0.444 0.453 0.415 0.415 0.431
0.395 0.405 0.373 0.367 0.4 0.403 0.403 0.356
0.442 0.472 0.417 0.419 0.447 0.39 0.386 0.399
0.445 0.443 0.422 0.431 0.451 0.446 0.451 0.423
0.41 0.443 0.395 0.392 0.414 0.408 0.405 0.36
0.463 0.468 0.438 0.432 0.476 0.429 0.43 0.397
0.448 0.459 0.42 0.426 0.449 0.427 0.425 0.417
0.43 0.444 0.4 0.421 0.446 0.408 0.403 0.379
0.441 0.435 0.416 0.414 0.44 0.414 0.416 0.401
0.448 0.474 0.417 0.43 0.452 0.455 0.445 0.416
0.439 0.465 0.404 0.409 0.44 0.402 0.403 0.392
0.415 0.433 0.386 0.39 0.424 0.412 0.404 0.369
0.457 0.45 0.427 0.429 0.453 0.422 0.422 0.384
0.44 0.455 0.408 0.403 0.44 0.406 0.401 0.39
0.465 0.467 0.436 0.426 0.467 0.426 0.422 0.396
0.44 0.439 0.397 0.408 0.432 0.423 0.42 0.379
0.407 0.419 0.386 0.383 0.416 0.422 0.407 0.37
0.435 0.437 0.408 0.41 0.436 0.388 0.378 0.348
0.436 0.451 0.404 0.418 0.446 0.42 0.42 0.399
0.414 0.471 0.398 0.397 0.418 0.432 0.429 0.378
0.459 0.452 0.419 0.425 0.446 0.415 0.415 0.379
0.413 0.43 0.408 0.404 0.425 0.421 0.423 0.375
0.467 0.452 0.427 0.437 0.467 0.427 0.422 0.397
0.44 0.449 0.408 0.401 0.436 0.385 0.385 0.377
0.436 0.451 0.4 0.388 0.441 0.385 0.377 0.364
0.474 0.492 0.44 0.439 0.485 0.445 0.445 0.399
0.453 0.448 0.429 0.425 0.457 0.417 0.417 0.37
0.399 0.437 0.376 0.38 0.405 0.369 0.352 0.325
0.42 0.432 0.396 0.391 0.416 0.399 0.399 0.389
0.435 0.437 0.418 0.414 0.442 0.423 0.423 0.371
0.416 0.438 0.374 0.385 0.408 0.409 0.409 0.375
0.479 0.493 0.429 0.453 0.475 0.412 0.406 0.385
0.403 0.417 0.382 0.357 0.416 0.4 0.4 0.395
0.443 0.438 0.399 0.414 0.445 0.406 0.406 0.357
0.392 0.41 0.376 0.377 0.393 0.421 0.395 0.349
0.432 0.459 0.42 0.412 0.432 0.442 0.443 0.412
0.442 0.447 0.455 0.442 0.454 0.402 0.4 0.386
0.395 0.431 0.385 0.383 0.4 0.383 0.383 0.354
0.425 0.448 0.406 0.397 0.427 0.389 0.394 0.371
0.456 0.466 0.417 0.411 0.453 0.421 0.421 0.41
0.407 0.409 0.385 0.362 0.409 0.415 0.415 0.41
0.43 0.441 0.407 0.407 0.426 0.389 0.393 0.39
0.429 0.43 0.416 0.418 0.437 0.407 0.405 0.382
0.475 0.488 0.447 0.433 0.475 0.444 0.444 0.401
0.41 0.426 0.386 0.392 0.43 0.392 0.393 0.383
