0.585 0.585 0.499 0.475 0.585 0.442 0.433 0.48
0.579 0.568 0.489 0.486 0.565 0.452 0.453 0.455
0.562 0.559 0.509 0.494 0.562 0.481 0.469 0.47
0.575 0.575 0.474 0.473 0.575 0.468 0.471 0.45
0.587 0.589 0.495 0.5 0.592 0.454 0.454 0.494
0.576 0.583 0.527 0.472 0.571 0.459 0.459 0.487
0.572 0.571 0.462 0.497 0.572 0.472 0.471 0.501
0.584 0.589 0.506 0.521 0.586 0.468 0.469 0.491
0.553 0.544 0.488 0.481 0.552 0.474 0.476 0.488
0.572 0.567 0.499 0.483 0.571 0.463 0.461 0.469
0.582 0.573 0.484 0.499 0.575 0.486 0.486 0.474
0.589 0.591 0.501 0.492 0.589 0.486 0.48 0.5
0.601 0.585 0.502 0.511 0.584 0.468 0.472 0.533
0.566 0.568 0.524 0.505 0.566 0.461 0.46 0.45
0.57 0.569 0.503 0.475 0.57 0.485 0.484 0.474
0.539 0.548 0.488 0.495 0.543 0.482 0.482 0.491
0.554 0.56 0.492 0.475 0.56 0.482 0.482 0.507
0.562 0.559 0.517 0.52 0.556 0.488 0.487 0.487
0.594 0.588 0.504 0.526 0.586 0.482 0.484 0.501
0.562 0.561 0.515 0.493 0.563 0.492 0.507 0.496
0.563 0.573 0.476 0.467 0.57 0.457 0.452 0.448
0.594 0.587 0.519 0.507 0.594 0.49 0.491 0.559
0.565 0.558 0.491 0.483 0.565 0.438 0.436 0.449
0.595 0.607 0.482 0.487 0.6 0.438 0.436 0.448
0.558 0.549 0.476 0.502 0.55 0.465 0.456 0.508
0.585 0.576 0.471 0.543 0.584 0.445 0.446 0.49
0.595 0.6 0.507 0.512 0.618 0.443 0.448 0.493
0.559 0.565 0.497 0.459 0.555 0.437 0.439 0.468
0.586 0.574 0.533 0.488 0.582 0.453 0.446 0.438
0.574 0.577 0.489 0.5 0.57 0.437 0.437 0.422
0.58 0.584 0.494 0.501 0.578 0.458 0.457 0.437
0.578 0.573 0.506 0.485 0.578 0.471 0.471 0.509
0.527 0.526 0.488 0.455 0.527 0.501 0.5 0.508
0.563 0.567 0.478 0.479 0.563 0.49 0.488 0.469
0.613 0.61 0.497 0.489 0.613 0.443 0.446 0.509
0.581 0.58 0.488 0.481 0.575 0.447 0.446 0.477
0.586 0.596 0.476 0.495 0.586 0.461 0.461 0.496
0.575 0.57 0.483 0.476 0.575 0.489 0.484 0.546
0.577 0.558 0.495 0.508 0.568 0.45 0.451 0.488
0.587 0.579 0.492 0.498 0.586 0.473 0.466 0.473
0.573 0.55 0.496 0.497 0.555 0.463 0.471 0.51
0.579 0.57 0.495 0.503 0.575 0.466 0.461 0.5
0.566 0.569 0.47 0.491 0.558 0.483 0.483 0.526
0.596 0.594 0.457 0.472 0.592 0.433 0.446 0.436
0.562 0.571 0.469 0.46 0.562 0.464 0.464 0.449
0.577 0.581 0.489 0.472 0.573 0.455 0.457 0.491
0.6 0.599 0.513 0.517 0.603 0.442 0.443 0.464
0.554 0.566 0.527 0.478 0.557 0.484 0.464 0.477
0.584 0.59 0.499 0.478 0.586 0.493 0.494 0.51
0.55 0.56 0.512 0.505 0.552 0.493 0.492 0.471
0.579 0.583 0.466 0.494 0.585 0.479 0.473 0.486
0.536 0.54 0.479 0.504 0.541 0.455 0.458 0.456
0.575 0.576 0.498 0.52 0.582 0.46 0.465 0.47
0.573 0.583 0.468 0.498 0.58 0.471 0.468 0.477
0.594 0.592 0.5 0.489 0.593 0.49 0.49 0.535
0.562 0.55 0.504 0.504 0.569 0.472 0.467 0.494
0.586 0.588 0.504 0.54 0.594 0.455 0.456 0.481
0.574 0.561 0.471 0.5 0.572 0.474 0.477 0.504
0.583 0.587 0.486 0.474 0.585 0.46 0.455 0.485
0.582 0.586 0.503 0.502 0.575 0.47 0.466 0.436
0.555 0.566 0.506 0.488 0.556 0.492 0.492 0.538
0.595 0.583 0.491 0.513 0.595 0.46 0.459 0.46
0.568 0.568 0.502 0.437 0.565 0.496 0.494 0.511
0.545 0.546 0.483 0.487 0.545 0.495 0.497 0.525
0.58 0.579 0.51 0.517 0.578 0.502 0.502 0.504
0.573 0.57 0.507 0.492 0.563 0.474 0.486 0.491
0.541 0.54 0.485 0.498 0.541 0.485 0.484 0.531
0.561 0.572 0.519 0.495 0.571 0.459 0.451 0.458
0.564 0.576 0.476 0.494 0.564 0.456 0.456 0.502
0.566 0.571 0.484 0.473 0.565 0.475 0.475 0.507
0.596 0.595 0.491 0.508 0.599 0.488 0.489 0.517
0.583 0.582 0.487 0.497 0.583 0.471 0.471 0.513
0.587 0.587 0.489 0.506 0.586 0.459 0.459 0.466
0.576 0.582 0.496 0.483 0.574 0.489 0.487 0.523
0.557 0.556 0.472 0.498 0.56 0.464 0.464 0.499
0.562 0.574 0.473 0.475 0.57 0.47 0.474 0.5
0.551 0.55 0.506 0.49 0.551 0.482 0.478 0.508
0.574 0.573 0.482 0.508 0.573 0.495 0.494 0.501
0.544 0.559 0.492 0.473 0.548 0.475 0.466 0.496
0.554 0.548 0.484 0.5 0.554 0.51 0.51 0.544
0.549 0.551 0.483 0.485 0.551 0.512 0.507 0.546
0.562 0.575 0.493 0.489 0.571 0.5 0.5 0.516
0.567 0.562 0.469 0.511 0.564 0.446 0.454 0.478
0.566 0.569 0.49 0.5 0.568 0.477 0.473 0.492
0.556 0.552 0.505 0.513 0.557 0.509 0.505 0.523
0.551 0.552 0.49 0.492 0.55 0.481 0.481 0.513
0.583 0.565 0.508 0.513 0.568 0.488 0.487 0.466
0.569 0.576 0.489 0.465 0.577 0.476 0.477 0.469
0.578 0.571 0.507 0.498 0.571 0.491 0.484 0.49
0.573 0.576 0.495 0.49 0.58 0.484 0.49 0.507
0.586 0.587 0.487 0.481 0.586 0.447 0.447 0.509
0.564 0.567 0.489 0.455 0.566 0.48 0.481 0.517
0.573 0.58 0.508 0.506 0.585 0.471 0.477 0.535
0.561 0.555 0.479 0.479 0.563 0.488 0.488 0.495
0.548 0.549 0.456 0.473 0.547 0.479 0.471 0.46
0.577 0.594 0.491 0.506 0.592 0.487 0.483 0.486
0.554 0.56 0.477 0.488 0.554 0.468 0.486 0.501
0.58 0.582 0.488 0.505 0.587 0.447 0.45 0.475
0.572 0.575 0.514 0.516 0.567 0.475 0.474 0.5
0.545 0.547 0.487 0.468 0.545 0.479 0.474 0.474
0.603 0.587 0.507 0.503 0.59 0.498 0.498 0.534
0.577 0.579 0.499 0.499 0.585 0.444 0.445 0.497
0.534 0.537 0.472 0.486 0.534 0.455 0.462 0.472
0.571 0.575 0.49 0.494 0.574 0.483 0.483 0.525
0.566 0.57 0.484 0.502 0.568 0.474 0.464 0.501
0.58 0.589 0.493 0.485 0.581 0.467 0.466 0.48
0.563 0.561 0.483 0.487 0.564 0.49 0.493 0.498
0.582 0.588 0.488 0.506 0.582 0.46 0.447 0.502
0.549 0.546 0.482 0.503 0.541 0.462 0.457 0.45
0.581 0.58 0.501 0.503 0.58 0.457 0.457 0.481
0.563 0.556 0.476 0.484 0.555 0.496 0.494 0.494
0.574 0.577 0.495 0.503 0.572 0.501 0.495 0.545
0.579 0.588 0.498 0.502 0.575 0.465 0.462 0.474
0.563 0.563 0.484 0.503 0.565 0.476 0.476 0.504
0.594 0.597 0.491 0.487 0.596 0.488 0.488 0.57
0.548 0.542 0.473 0.529 0.539 0.461 0.467 0.48
0.592 0.591 0.508 0.475 0.588 0.442 0.443 0.469
0.604 0.609 0.505 0.483 0.605 0.48 0.48 0.537
0.586 0.59 0.496 0.466 0.586 0.447 0.439 0.43
0.585 0.58 0.524 0.485 0.578 0.46 0.459 0.46
0.58 0.579 0.479 0.502 0.576 0.471 0.467 0.527
0.573 0.573 0.496 0.493 0.577 0.467 0.465 0.473
0.569 0.566 0.513 0.489 0.568 0.475 0.475 0.484
0.609 0.601 0.496 0.498 0.609 0.48 0.483 0.508
0.563 0.558 0.477 0.489 0.554 0.488 0.488 0.534
0.578 0.57 0.499 0.503 0.575 0.492 0.491 0.513
0.526 0.529 0.489 0.486 0.526 0.486 0.487 0.537
0.585 0.581 0.463 0.506 0.592 0.493 0.486 0.448
0.579 0.585 0.471 0.472 0.581 0.484 0.477 0.496
0.517 0.522 0.483 0.495 0.523 0.475 0.472 0.472
0.58 0.582 0.515 0.486 0.59 0.481 0.473 0.502
0.56 0.567 0.498 0.506 0.57 0.463 0.465 0.466
0.606 0.599 0.531 0.505 0.604 0.479 0.479 0.526
0.567 0.573 0.505 0.502 0.57 0.501 0.501 0.521
0.582 0.578 0.506 0.479 0.583 0.479 0.479 0.51
0.594 0.6 0.506 0.494 0.59 0.477 0.47 0.488
0.572 0.57 0.49 0.516 0.579 0.481 0.474 0.481
0.574 0.574 0.513 0.5 0.576 0.485 0.485 0.53
0.569 0.568 0.494 0.471 0.577 0.498 0.499 0.529
0.58 0.577 0.516 0.491 0.58 0.459 0.456 0.433
0.558 0.557 0.503 0.465 0.56 0.46 0.472 0.503
0.58 0.574 0.49 0.485 0.576 0.476 0.472 0.512
0.541 0.547 0.477 0.497 0.541 0.464 0.458 0.49
0.57 0.574 0.473 0.489 0.569 0.463 0.459 0.483
0.602 0.598 0.508 0.499 0.593 0.48 0.471 0.518
0.571 0.578 0.471 0.513 0.577 0.482 0.485 0.491
0.578 0.579 0.487 0.501 0.581 0.469 0.469 0.492
0.579 0.575 0.485 0.488 0.579 0.475 0.478 0.527
0.584 0.583 0.478 0.483 0.582 0.463 0.471 0.47
0.564 0.561 0.472 0.496 0.564 0.501 0.501 0.556
0.575 0.575 0.51 0.478 0.571 0.463 0.463 0.467
0.578 0.574 0.485 0.502 0.576 0.453 0.451 0.451
0.555 0.557 0.495 0.476 0.556 0.471 0.471 0.487
0.56 0.562 0.476 0.459 0.557 0.5 0.5 0.538
0.539 0.542 0.468 0.511 0.539 0.463 0.462 0.506
0.556 0.555 0.514 0.524 0.556 0.509 0.512 0.51
0.592 0.583 0.489 0.497 0.58 0.458 0.458 0.519
0.598 0.602 0.48 0.516 0.597 0.469 0.469 0.452
0.566 0.567 0.492 0.477 0.566 0.471 0.465 0.49
0.586 0.586 0.525 0.518 0.585 0.458 0.451 0.477
0.566 0.558 0.5 0.504 0.566 0.451 0.45 0.468
0.566 0.568 0.452 0.474 0.566 0.478 0.478 0.531
0.558 0.558 0.496 0.521 0.558 0.459 0.459 0.485
0.556 0.558 0.482 0.501 0.554 0.474 0.474 0.513
0.562 0.56 0.49 0.493 0.562 0.459 0.459 0.468
0.575 0.568 0.507 0.468 0.575 0.475 0.476 0.466
0.556 0.553 0.486 0.5 0.557 0.491 0.488 0.532
0.594 0.589 0.476 0.473 0.586 0.486 0.487 0.508
0.58 0.584 0.469 0.502 0.589 0.462 0.453 0.479
0.568 0.559 0.499 0.511 0.57 0.481 0.474 0.516
0.576 0.579 0.462 0.472 0.573 0.474 0.477 0.489
0.569 0.568 0.479 0.477 0.575 0.489 0.496 0.507
0.577 0.574 0.478 0.483 0.577 0.464 0.46 0.472
0.558 0.561 0.494 0.512 0.558 0.486 0.486 0.496
0.563 0.563 0.468 0.508 0.565 0.483 0.483 0.505
0.562 0.556 0.48 0.477 0.553 0.452 0.439 0.478
0.53 0.533 0.484 0.467 0.53 0.464 0.466 0.465
0.558 0.557 0.502 0.503 0.557 0.468 0.472 0.468
0.588 0.586 0.498 0.5 0.59 0.485 0.483 0.525
0.559 0.558 0.493 0.5 0.559 0.514 0.507 0.488
0.585 0.582 0.516 0.482 0.577 0.44 0.43 0.461
0.585 0.587 0.492 0.484 0.579 0.474 0.473 0.48
0.575 0.578 0.499 0.495 0.575 0.483 0.487 0.506
0.568 0.574 0.498 0.49 0.568 0.465 0.462 0.482
0.569 0.569 0.477 0.48 0.57 0.442 0.449 0.461
0.575 0.575 0.482 0.513 0.57 0.461 0.46 0.493
0.577 0.573 0.484 0.489 0.575 0.457 0.46 0.497
0.606 0.603 0.487 0.499 0.606 0.473 0.464 0.499
0.599 0.6 0.509 0.518 0.603 0.478 0.481 0.518
0.583 0.59 0.491 0.486 0.586 0.477 0.477 0.489
0.609 0.612 0.489 0.492 0.611 0.473 0.463 0.493
0.533 0.535 0.472 0.459 0.541 0.473 0.473 0.508
0.582 0.586 0.531 0.509 0.582 0.493 0.498 0.509
0.56 0.559 0.499 0.486 0.56 0.504 0.506 0.505
0.563 0.568 0.493 0.503 0.561 0.461 0.454 0.454
0.612 0.607 0.494 0.479 0.612 0.504 0.504 0.537
0.581 0.577 0.475 0.501 0.582 0.469 0.467 0.468
0.562 0.545 0.507 0.502 0.552 0.473 0.465 0.47
0.554 0.553 0.498 0.488 0.554 0.462 0.458 0.482
0.555 0.546 0.511 0.47 0.554 0.483 0.481 0.493
0.594 0.588 0.497 0.542 0.596 0.467 0.454 0.46
0.576 0.578 0.488 0.492 0.58 0.495 0.497 0.487
0.58 0.58 0.508 0.515 0.582 0.419 0.427 0.44
0.546 0.541 0.463 0.532 0.546 0.491 0.491 0.521
0.579 0.577 0.498 0.473 0.575 0.463 0.46 0.473
0.593 0.592 0.482 0.491 0.592 0.499 0.499 0.485
0.564 0.557 0.514 0.514 0.564 0.49 0.48 0.505
0.579 0.581 0.489 0.48 0.579 0.487 0.485 0.495
0.566 0.567 0.48 0.503 0.569 0.462 0.457 0.471
0.576 0.598 0.481 0.51 0.577 0.426 0.425 0.473
0.56 0.567 0.497 0.46 0.561 0.441 0.44 0.431
0.571 0.572 0.485 0.5 0.574 0.508 0.499 0.517
0.573 0.564 0.518 0.523 0.567 0.486 0.474 0.479
0.599 0.6 0.487 0.53 0.598 0.453 0.451 0.453
0.575 0.58 0.51 0.512 0.575 0.471 0.468 0.525
0.573 0.577 0.474 0.478 0.583 0.446 0.446 0.48
0.55 0.549 0.456 0.483 0.548 0.458 0.46 0.5
0.556 0.554 0.477 0.498 0.555 0.48 0.481 0.464
0.572 0.575 0.47 0.487 0.572 0.47 0.47 0.479
0.569 0.575 0.481 0.485 0.571 0.473 0.474 0.477
0.561 0.569 0.479 0.513 0.568 0.456 0.454 0.501
0.572 0.577 0.508 0.506 0.577 0.483 0.488 0.485
0.579 0.566 0.478 0.492 0.58 0.467 0.467 0.462
0.565 0.569 0.494 0.482 0.566 0.474 0.467 0.498
0.573 0.574 0.507 0.489 0.572 0.466 0.457 0.452
0.57 0.563 0.495 0.494 0.568 0.467 0.467 0.514
0.567 0.578 0.503 0.509 0.563 0.473 0.471 0.473
0.525 0.527 0.484 0.474 0.524 0.486 0.486 0.489
0.607 0.606 0.527 0.471 0.607 0.449 0.451 0.456
0.579 0.567 0.484 0.486 0.577 0.469 0.46 0.463
0.564 0.563 0.505 0.498 0.564 0.502 0.502 0.56
0.573 0.574 0.49 0.498 0.566 0.487 0.487 0.46
0.564 0.554 0.477 0.491 0.564 0.45 0.451 0.487
0.571 0.566 0.477 0.508 0.565 0.486 0.486 0.541
0.568 0.575 0.5 0.491 0.568 0.465 0.467 0.478
0.555 0.558 0.5 0.483 0.555 0.477 0.477 0.547
0.576 0.57 0.464 0.492 0.576 0.438 0.454 0.473
0.589 0.582 0.487 0.499 0.589 0.462 0.465 0.455
0.566 0.561 0.502 0.5 0.558 0.487 0.484 0.481
0.566 0.568 0.482 0.482 0.566 0.467 0.467 0.485
0.596 0.598 0.484 0.49 0.595 0.505 0.51 0.539
0.548 0.555 0.481 0.48 0.548 0.464 0.463 0.475
0.593 0.587 0.503 0.483 0.59 0.44 0.441 0.464
0.578 0.571 0.488 0.508 0.579 0.46 0.467 0.493
0.583 0.585 0.498 0.484 0.587 0.468 0.467 0.427
0.58 0.579 0.485 0.481 0.576 0.481 0.485 0.527
0.574 0.58 0.489 0.485 0.576 0.474 0.473 0.526
0.559 0.555 0.506 0.481 0.553 0.478 0.478 0.48
0.59 0.594 0.505 0.52 0.592 0.474 0.476 0.486
0.572 0.576 0.475 0.476 0.568 0.47 0.464 0.486
0.543 0.549 0.496 0.46 0.543 0.464 0.464 0.497
0.561 0.562 0.5 0.502 0.564 0.451 0.451 0.467
0.57 0.569 0.502 0.509 0.57 0.51 0.51 0.519
0.601 0.595 0.5 0.48 0.599 0.451 0.455 0.452
0.595 0.595 0.5 0.488 0.586 0.474 0.474 0.502
0.607 0.597 0.505 0.504 0.6 0.489 0.491 0.502
0.555 0.545 0.49 0.469 0.548 0.456 0.453 0.499
0.567 0.552 0.509 0.476 0.562 0.494 0.494 0.519
0.617 0.611 0.507 0.486 0.617 0.49 0.487 0.528
0.585 0.582 0.48 0.505 0.585 0.413 0.413 0.467
0.541 0.551 0.455 0.485 0.54 0.489 0.488 0.483
0.547 0.538 0.502 0.488 0.555 0.465 0.455 0.492
0.562 0.562 0.466 0.485 0.562 0.453 0.453 0.53
0.533 0.533 0.484 0.501 0.534 0.451 0.451 0.49
0.566 0.577 0.494 0.5 0.571 0.455 0.452 0.49
0.575 0.571 0.49 0.483 0.576 0.467 0.467 0.503
0.561 0.558 0.517 0.503 0.569 0.479 0.475 0.503
0.571 0.569 0.481 0.48 0.571 0.449 0.444 0.451
0.559 0.571 0.495 0.49 0.563 0.498 0.494 0.523
0.562 0.567 0.506 0.464 0.561 0.425 0.419 0.445
0.564 0.561 0.503 0.497 0.564 0.49 0.484 0.489
0.592 0.592 0.494 0.502 0.592 0.478 0.472 0.5
0.574 0.557 0.496 0.507 0.565 0.466 0.465 0.49
0.586 0.597 0.517 0.49 0.586 0.487 0.483 0.496
0.594 0.59 0.517 0.496 0.597 0.499 0.499 0.54
0.582 0.585 0.498 0.474 0.577 0.452 0.448 0.468
0.565 0.566 0.498 0.5 0.554 0.457 0.451 0.491
0.529 0.53 0.48 0.482 0.528 0.479 0.468 0.477
0.558 0.556 0.513 0.498 0.558 0.466 0.464 0.468
0.554 0.568 0.496 0.488 0.554 0.491 0.492 0.516
0.564 0.567 0.51 0.486 0.566 0.462 0.461 0.49
0.545 0.552 0.488 0.487 0.545 0.446 0.446 0.485
0.571 0.575 0.488 0.51 0.57 0.475 0.465 0.482
0.57 0.573 0.5 0.5 0.57 0.468 0.463 0.464
0.559 0.563 0.451 0.469 0.56 0.459 0.458 0.456
0.585 0.578 0.498 0.508 0.588 0.473 0.465 0.49
0.6 0.6 0.519 0.488 0.599 0.462 0.46 0.471
0.563 0.563 0.478 0.493 0.563 0.465 0.464 0.465
0.565 0.566 0.482 0.513 0.564 0.472 0.471 0.494
0.569 0.583 0.492 0.479 0.568 0.489 0.487 0.501
0.579 0.576 0.479 0.498 0.591 0.493 0.501 0.547
0.592 0.593 0.492 0.494 0.589 0.459 0.461 0.467
0.611 0.607 0.493 0.503 0.611 0.456 0.451 0.491
0.549 0.554 0.487 0.474 0.557 0.468 0.472 0.484
0.563 0.557 0.482 0.504 0.564 0.465 0.461 0.461
0.575 0.578 0.472 0.505 0.584 0.448 0.45 0.511
0.579 0.58 0.479 0.479 0.579 0.47 0.468 0.491
0.58 0.58 0.493 0.508 0.567 0.472 0.47 0.483
0.56 0.567 0.475 0.481 0.56 0.489 0.473 0.47
0.609 0.601 0.477 0.475 0.609 0.469 0.47 0.524
0.58 0.58 0.464 0.501 0.58 0.467 0.467 0.47
0.611 0.605 0.52 0.485 0.614 0.488 0.486 0.482
0.556 0.564 0.464 0.493 0.555 0.485 0.478 0.51
0.579 0.575 0.504 0.478 0.565 0.461 0.455 0.451
0.58 0.573 0.491 0.498 0.579 0.461 0.46 0.443
0.541 0.544 0.505 0.475 0.541 0.476 0.476 0.501
0.545 0.553 0.509 0.482 0.558 0.459 0.458 0.48
0.57 0.581 0.496 0.497 0.574 0.467 0.468 0.499
0.543 0.541 0.499 0.496 0.535 0.51 0.502 0.502
0.599 0.599 0.489 0.527 0.603 0.463 0.463 0.482
0.587 0.58 0.473 0.513 0.579 0.456 0.454 0.504
0.551 0.553 0.503 0.508 0.555 0.469 0.468 0.505
0.554 0.57 0.489 0.486 0.554 0.496 0.496 0.494
0.551 0.551 0.497 0.492 0.548 0.501 0.498 0.541
0.569 0.566 0.507 0.48 0.574 0.464 0.463 0.489
0.569 0.573 0.523 0.516 0.571 0.455 0.455 0.473
0.555 0.555 0.466 0.473 0.555 0.519 0.516 0.532
0.585 0.578 0.495 0.468 0.583 0.48 0.482 0.542
0.578 0.58 0.465 0.501 0.579 0.442 0.441 0.459
0.585 0.587 0.49 0.506 0.588 0.466 0.472 0.444
0.585 0.581 0.475 0.475 0.586 0.488 0.488 0.505
0.582 0.588 0.505 0.518 0.581 0.476 0.469 0.468
0.564 0.568 0.526 0.523 0.564 0.48 0.481 0.493
0.573 0.568 0.479 0.49 0.573 0.496 0.487 0.47
0.614 0.605 0.508 0.511 0.606 0.518 0.518 0.562
0.586 0.587 0.486 0.513 0.59 0.472 0.471 0.512
0.549 0.548 0.472 0.475 0.549 0.484 0.485 0.507
0.576 0.579 0.464 0.501 0.574 0.483 0.479 0.498
0.582 0.593 0.484 0.485 0.594 0.457 0.458 0.463
0.56 0.57 0.461 0.507 0.564 0.473 0.475 0.506
0.556 0.559 0.493 0.512 0.556 0.466 0.465 0.468
0.578 0.575 0.476 0.498 0.574 0.494 0.487 0.507
0.562 0.562 0.485 0.474 0.561 0.481 0.481 0.485
0.574 0.567 0.506 0.485 0.574 0.463 0.464 0.456
0.611 0.615 0.483 0.501 0.593 0.474 0.466 0.484
0.564 0.567 0.476 0.498 0.567 0.454 0.446 0.464
0.572 0.569 0.513 0.511 0.571 0.473 0.473 0.479
0.587 0.588 0.52 0.51 0.587 0.477 0.478 0.5
0.592 0.591 0.463 0.473 0.592 0.457 0.448 0.428
0.577 0.571 0.489 0.513 0.572 0.475 0.475 0.505
0.571 0.57 0.503 0.532 0.571 0.44 0.45 0.486
0.585 0.58 0.473 0.499 0.585 0.474 0.472 0.468
0.569 0.573 0.483 0.485 0.569 0.493 0.492 0.536
0.555 0.557 0.485 0.504 0.555 0.469 0.465 0.491
0.57 0.553 0.496 0.485 0.565 0.45 0.452 0.445
0.586 0.597 0.532 0.51 0.59 0.483 0.47 0.503
0.594 0.587 0.504 0.483 0.587 0.504 0.504 0.558
0.624 0.627 0.511 0.503 0.624 0.522 0.52 0.57
0.563 0.562 0.493 0.499 0.563 0.465 0.465 0.468
0.574 0.578 0.497 0.491 0.573 0.458 0.453 0.496
0.573 0.571 0.487 0.499 0.573 0.508 0.512 0.511
0.585 0.586 0.467 0.51 0.587 0.458 0.458 0.465
0.567 0.569 0.515 0.5 0.568 0.457 0.455 0.474
0.559 0.557 0.538 0.454 0.562 0.46 0.462 0.481
0.59 0.6 0.455 0.454 0.59 0.475 0.478 0.454
0.594 0.585 0.506 0.508 0.594 0.468 0.467 0.486
0.563 0.579 0.488 0.484 0.571 0.512 0.512 0.56
0.591 0.585 0.478 0.508 0.588 0.492 0.485 0.497
0.556 0.561 0.475 0.47 0.557 0.438 0.449 0.495
0.592 0.593 0.513 0.483 0.593 0.483 0.476 0.463
0.591 0.593 0.486 0.485 0.591 0.459 0.455 0.455
0.552 0.559 0.469 0.509 0.558 0.497 0.498 0.534
0.58 0.583 0.503 0.469 0.585 0.47 0.47 0.469
0.613 0.616 0.515 0.482 0.619 0.493 0.49 0.514
0.571 0.567 0.504 0.491 0.564 0.49 0.489 0.483
0.573 0.57 0.481 0.498 0.571 0.475 0.474 0.505
0.566 0.573 0.509 0.453 0.567 0.457 0.449 0.478
0.594 0.594 0.491 0.489 0.591 0.474 0.478 0.497
0.574 0.578 0.478 0.459 0.575 0.49 0.488 0.511
0.576 0.583 0.482 0.48 0.58 0.451 0.453 0.48
0.553 0.546 0.497 0.495 0.551 0.466 0.458 0.497
0.552 0.568 0.487 0.468 0.559 0.481 0.48 0.477
0.553 0.555 0.493 0.475 0.552 0.483 0.476 0.472
0.567 0.572 0.488 0.475 0.567 0.454 0.459 0.499
0.594 0.591 0.494 0.476 0.589 0.478 0.48 0.507
0.567 0.578 0.487 0.488 0.567 0.466 0.469 0.459
0.605 0.608 0.505 0.499 0.604 0.475 0.474 0.506
0.599 0.607 0.516 0.484 0.606 0.483 0.486 0.503
0.569 0.571 0.478 0.468 0.566 0.455 0.449 0.483
0.575 0.575 0.5 0.512 0.575 0.46 0.462 0.471
0.556 0.552 0.467 0.457 0.556 0.482 0.477 0.5
0.583 0.586 0.495 0.487 0.575 0.47 0.469 0.476
0.582 0.581 0.491 0.489 0.582 0.461 0.469 0.475
0.561 0.562 0.49 0.494 0.559 0.466 0.471 0.454
0.574 0.573 0.478 0.505 0.569 0.472 0.468 0.47
0.582 0.585 0.517 0.479 0.584 0.463 0.464 0.479
0.562 0.565 0.49 0.478 0.551 0.454 0.453 0.482
0.55 0.561 0.476 0.48 0.558 0.462 0.463 0.494
0.597 0.599 0.502 0.492 0.603 0.443 0.451 0.469
0.557 0.554 0.512 0.482 0.564 0.449 0.45 0.482
0.567 0.578 0.508 0.496 0.572 0.445 0.445 0.454
0.581 0.585 0.514 0.5 0.582 0.48 0.472 0.484
0.56 0.557 0.519 0.493 0.565 0.497 0.497 0.525
0.577 0.572 0.502 0.495 0.576 0.512 0.5 0.523
0.576 0.571 0.484 0.482 0.569 0.472 0.472 0.508
0.559 0.558 0.477 0.505 0.559 0.483 0.477 0.478
0.586 0.581 0.486 0.499 0.579 0.48 0.477 0.508
0.574 0.574 0.474 0.463 0.571 0.456 0.445 0.467
0.566 0.571 0.492 0.506 0.573 0.51 0.501 0.523
0.55 0.552 0.48 0.483 0.552 0.502 0.508 0.516
0.566 0.563 0.494 0.502 0.566 0.495 0.49 0.492
0.554 0.562 0.484 0.495 0.553 0.451 0.458 0.495
0.567 0.567 0.479 0.499 0.57 0.464 0.454 0.467
0.568 0.559 0.495 0.463 0.567 0.455 0.443 0.454
0.586 0.594 0.499 0.522 0.585 0.434 0.437 0.493
0.571 0.569 0.514 0.482 0.575 0.518 0.518 0.535
0.58 0.572 0.529 0.505 0.581 0.473 0.472 0.476
0.569 0.569 0.486 0.476 0.57 0.471 0.469 0.511
0.579 0.563 0.49 0.493 0.579 0.473 0.474 0.506
0.6 0.584 0.516 0.492 0.603 0.459 0.462 0.511
0.579 0.574 0.525 0.487 0.579 0.47 0.463 0.517
0.571 0.586 0.521 0.479 0.576 0.493 0.491 0.505
0.576 0.574 0.496 0.514 0.582 0.48 0.48 0.505
0.559 0.556 0.511 0.505 0.55 0.47 0.467 0.504
0.591 0.583 0.493 0.492 0.591 0.469 0.471 0.495
0.575 0.575 0.491 0.488 0.575 0.468 0.471 0.489
0.581 0.578 0.52 0.49 0.578 0.436 0.436 0.503
0.599 0.599 0.499 0.52 0.599 0.508 0.504 0.542
0.558 0.569 0.5 0.493 0.558 0.456 0.455 0.443
0.599 0.598 0.493 0.513 0.599 0.467 0.464 0.476
0.567 0.569 0.523 0.512 0.573 0.479 0.483 0.508
0.567 0.565 0.485 0.49 0.566 0.456 0.449 0.471
0.578 0.583 0.494 0.484 0.576 0.504 0.505 0.558
0.556 0.558 0.498 0.485 0.556 0.471 0.463 0.467
0.578 0.579 0.464 0.476 0.578 0.44 0.439 0.431
0.563 0.571 0.513 0.47 0.563 0.484 0.474 0.492
0.555 0.557 0.508 0.465 0.553 0.468 0.466 0.502
0.606 0.612 0.487 0.49 0.613 0.452 0.452 0.465
0.581 0.578 0.517 0.518 0.57 0.495 0.489 0.531
0.557 0.56 0.493 0.486 0.563 0.471 0.471 0.507
0.568 0.566 0.483 0.509 0.57 0.456 0.465 0.497
0.584 0.576 0.497 0.494 0.576 0.467 0.468 0.476
0.57 0.567 0.513 0.516 0.57 0.473 0.474 0.518
0.567 0.572 0.492 0.511 0.57 0.489 0.489 0.522
0.547 0.544 0.467 0.471 0.547 0.472 0.47 0.463
0.614 0.625 0.528 0.494 0.623 0.446 0.446 0.477
0.575 0.571 0.495 0.486 0.572 0.481 0.473 0.474
0.594 0.594 0.491 0.518 0.594 0.421 0.41 0.487
0.569 0.569 0.471 0.485 0.572 0.467 0.466 0.458
0.593 0.598 0.455 0.474 0.593 0.439 0.44 0.491
0.561 0.561 0.508 0.491 0.565 0.448 0.446 0.467
0.579 0.575 0.505 0.513 0.566 0.476 0.471 0.471
0.569 0.56 0.489 0.49 0.56 0.48 0.484 0.49
0.589 0.584 0.497 0.499 0.589 0.485 0.479 0.529
0.54 0.547 0.494 0.473 0.541 0.459 0.451 0.447
0.598 0.599 0.499 0.514 0.603 0.485 0.49 0.5
0.552 0.552 0.5 0.504 0.552 0.482 0.481 0.518
0.547 0.548 0.491 0.486 0.547 0.448 0.449 0.474
0.562 0.561 0.501 0.512 0.562 0.463 0.46 0.502
0.555 0.559 0.483 0.494 0.562 0.483 0.49 0.513
0.572 0.569 0.508 0.496 0.574 0.487 0.474 0.462
0.576 0.579 0.492 0.474 0.6 0.455 0.451 0.448
0.568 0.559 0.475 0.496 0.569 0.478 0.49 0.486
0.574 0.571 0.491 0.495 0.572 0.444 0.447 0.464
0.591 0.596 0.508 0.511 0.59 0.468 0.482 0.522
0.559 0.57 0.507 0.492 0.562 0.457 0.456 0.467
0.582 0.583 0.475 0.496 0.582 0.501 0.501 0.532
0.569 0.573 0.506 0.505 0.575 0.454 0.458 0.496
0.524 0.526 0.486 0.51 0.524 0.441 0.435 0.412
0.572 0.576 0.471 0.516 0.565 0.482 0.48 0.46
0.574 0.572 0.511 0.484 0.579 0.452 0.45 0.476
0.589 0.595 0.503 0.49 0.589 0.493 0.487 0.508
0.535 0.535 0.497 0.501 0.539 0.494 0.496 0.496
0.603 0.587 0.489 0.479 0.586 0.508 0.508 0.515
0.541 0.541 0.505 0.493 0.541 0.451 0.446 0.442
0.556 0.561 0.501 0.504 0.554 0.481 0.484 0.494
0.557 0.557 0.503 0.494 0.558 0.491 0.491 0.53
0.578 0.573 0.535 0.51 0.572 0.47 0.469 0.495
0.554 0.556 0.503 0.453 0.553 0.457 0.464 0.488
0.556 0.564 0.493 0.472 0.561 0.458 0.462 0.494
0.577 0.58 0.488 0.482 0.585 0.467 0.471 0.5
0.548 0.554 0.481 0.497 0.544 0.464 0.457 0.488
0.578 0.577 0.464 0.492 0.578 0.481 0.488 0.518
0.567 0.571 0.482 0.515 0.572 0.465 0.473 0.467
0.58 0.581 0.508 0.493 0.58 0.514 0.529 0.528
0.569 0.573 0.485 0.49 0.566 0.517 0.505 0.494
0.576 0.573 0.482 0.486 0.576 0.484 0.484 0.516
0.583 0.574 0.496 0.522 0.588 0.472 0.471 0.478
0.575 0.582 0.48 0.474 0.576 0.458 0.458 0.466
0.569 0.561 0.5 0.499 0.572 0.464 0.468 0.488
0.592 0.594 0.52 0.5 0.592 0.484 0.487 0.525
0.605 0.612 0.492 0.52 0.606 0.473 0.473 0.511
0.599 0.588 0.488 0.508 0.602 0.461 0.455 0.465
0.581 0.579 0.518 0.502 0.583 0.472 0.48 0.5
0.583 0.572 0.496 0.521 0.573 0.496 0.496 0.519
0.581 0.586 0.504 0.484 0.584 0.462 0.462 0.485
0.548 0.554 0.527 0.508 0.551 0.459 0.455 0.451
0.588 0.588 0.455 0.481 0.588 0.496 0.494 0.498
0.588 0.584 0.486 0.529 0.584 0.526 0.517 0.53
0.585 0.574 0.474 0.506 0.582 0.472 0.474 0.512
0.58 0.58 0.481 0.484 0.584 0.47 0.476 0.478
0.566 0.565 0.497 0.482 0.566 0.49 0.49 0.551
0.551 0.545 0.515 0.479 0.548 0.464 0.464 0.482
0.585 0.587 0.501 0.483 0.584 0.486 0.491 0.501
0.575 0.578 0.513 0.51 0.581 0.467 0.47 0.509
0.57 0.577 0.514 0.493 0.569 0.47 0.466 0.549
0.567 0.575 0.468 0.487 0.574 0.488 0.489 0.479
0.56 0.563 0.494 0.493 0.559 0.464 0.464 0.472
0.579 0.578 0.504 0.502 0.579 0.488 0.473 0.507
0.549 0.545 0.489 0.482 0.551 0.452 0.456 0.49
0.556 0.559 0.495 0.478 0.557 0.478 0.47 0.471
0.568 0.566 0.491 0.495 0.57 0.477 0.464 0.482
0.582 0.573 0.513 0.502 0.576 0.481 0.478 0.5
0.562 0.559 0.479 0.483 0.554 0.5 0.499 0.517
0.564 0.579 0.504 0.517 0.58 0.483 0.462 0.479
0.56 0.561 0.508 0.516 0.554 0.488 0.486 0.481
0.568 0.573 0.495 0.519 0.566 0.449 0.459 0.48
0.575 0.578 0.483 0.507 0.574 0.453 0.453 0.469
0.582 0.578 0.483 0.476 0.577 0.487 0.488 0.471
0.576 0.577 0.485 0.501 0.576 0.47 0.466 0.495
0.551 0.548 0.536 0.474 0.551 0.473 0.467 0.493
0.557 0.554 0.463 0.493 0.557 0.48 0.479 0.491
0.57 0.569 0.488 0.488 0.57 0.477 0.476 0.47
0.575 0.577 0.504 0.508 0.574 0.457 0.449 0.451
0.557 0.56 0.49 0.499 0.557 0.469 0.469 0.5
0.556 0.555 0.505 0.475 0.556 0.47 0.468 0.494
0.55 0.554 0.518 0.492 0.561 0.46 0.462 0.492
0.582 0.576 0.502 0.501 0.576 0.503 0.503 0.535
0.589 0.587 0.504 0.481 0.59 0.491 0.491 0.497
0.556 0.559 0.491 0.496 0.556 0.494 0.483 0.521
0.582 0.575 0.499 0.478 0.577 0.461 0.465 0.491
0.569 0.566 0.503 0.495 0.565 0.495 0.495 0.54
0.562 0.574 0.506 0.471 0.57 0.482 0.484 0.477
0.567 0.568 0.515 0.505 0.567 0.483 0.483 0.507
0.594 0.593 0.517 0.515 0.584 0.442 0.443 0.461
0.551 0.55 0.481 0.495 0.552 0.478 0.473 0.486
0.572 0.57 0.504 0.483 0.572 0.473 0.473 0.47
0.606 0.61 0.524 0.494 0.606 0.479 0.488 0.52
0.573 0.567 0.482 0.497 0.57 0.467 0.464 0.517
0.562 0.559 0.495 0.484 0.562 0.457 0.45 0.487
0.586 0.585 0.494 0.524 0.584 0.456 0.454 0.468
0.584 0.587 0.511 0.487 0.586 0.474 0.466 0.502
0.563 0.55 0.494 0.5 0.563 0.459 0.461 0.499
0.562 0.567 0.482 0.481 0.563 0.425 0.42 0.44
0.586 0.586 0.486 0.503 0.579 0.514 0.513 0.529
0.587 0.591 0.493 0.482 0.587 0.49 0.492 0.517
0.595 0.594 0.502 0.508 0.602 0.472 0.465 0.495
0.581 0.588 0.494 0.504 0.58 0.499 0.503 0.503
0.565 0.564 0.519 0.532 0.565 0.505 0.506 0.497
0.576 0.577 0.466 0.472 0.578 0.482 0.486 0.478
0.592 0.591 0.486 0.506 0.595 0.469 0.467 0.518
0.588 0.587 0.481 0.483 0.586 0.487 0.488 0.504
0.572 0.574 0.502 0.524 0.575 0.455 0.452 0.485
0.596 0.59 0.495 0.505 0.594 0.463 0.464 0.486
0.553 0.55 0.481 0.478 0.554 0.455 0.448 0.486
0.57 0.574 0.485 0.503 0.568 0.488 0.488 0.538
0.581 0.599 0.473 0.495 0.58 0.452 0.45 0.464
0.562 0.572 0.53 0.518 0.569 0.455 0.45 0.505
0.568 0.573 0.477 0.523 0.567 0.463 0.465 0.457
0.57 0.567 0.482 0.482 0.57 0.49 0.485 0.473
0.577 0.58 0.484 0.509 0.58 0.471 0.471 0.527
0.573 0.57 0.518 0.501 0.572 0.495 0.504 0.543
0.582 0.576 0.511 0.506 0.584 0.461 0.46 0.45
0.553 0.555 0.459 0.48 0.553 0.455 0.449 0.494
0.561 0.558 0.491 0.49 0.561 0.47 0.468 0.488
0.57 0.573 0.487 0.475 0.57 0.452 0.452 0.474
0.567 0.561 0.465 0.472 0.566 0.455 0.46 0.486
0.592 0.589 0.52 0.466 0.591 0.44 0.44 0.474
0.576 0.572 0.513 0.523 0.576 0.472 0.473 0.483
0.55 0.549 0.489 0.475 0.54 0.48 0.481 0.489
0.598 0.612 0.484 0.487 0.603 0.443 0.444 0.48
0.574 0.566 0.511 0.485 0.571 0.463 0.458 0.485
0.589 0.588 0.485 0.483 0.591 0.485 0.492 0.52
0.604 0.602 0.527 0.504 0.604 0.502 0.501 0.507
0.561 0.562 0.484 0.514 0.56 0.476 0.476 0.543
0.56 0.554 0.477 0.477 0.561 0.498 0.499 0.512
0.561 0.561 0.488 0.484 0.563 0.466 0.465 0.493
0.544 0.543 0.486 0.462 0.542 0.469 0.468 0.501
0.593 0.59 0.501 0.505 0.592 0.464 0.454 0.442
0.567 0.567 0.504 0.505 0.576 0.458 0.462 0.465
0.556 0.556 0.49 0.488 0.556 0.483 0.482 0.461
0.544 0.546 0.506 0.51 0.551 0.503 0.51 0.524
0.577 0.572 0.497 0.487 0.572 0.508 0.505 0.518
0.571 0.575 0.527 0.506 0.577 0.461 0.442 0.446
0.586 0.57 0.509 0.504 0.571 0.489 0.482 0.519
0.581 0.583 0.516 0.468 0.576 0.503 0.503 0.518
0.556 0.548 0.49 0.46 0.546 0.481 0.478 0.504
0.582 0.579 0.484 0.507 0.57 0.454 0.457 0.487
0.57 0.573 0.477 0.478 0.568 0.456 0.456 0.462
0.56 0.56 0.482 0.495 0.561 0.463 0.456 0.459
0.598 0.609 0.506 0.49 0.594 0.474 0.474 0.521
0.585 0.579 0.51 0.492 0.585 0.448 0.453 0.467
0.568 0.57 0.486 0.474 0.565 0.443 0.457 0.464
0.563 0.551 0.506 0.488 0.563 0.481 0.481 0.485
0.592 0.588 0.497 0.475 0.594 0.458 0.459 0.444
0.541 0.542 0.519 0.48 0.545 0.478 0.47 0.48
0.563 0.571 0.494 0.496 0.57 0.489 0.487 0.479
0.58 0.568 0.495 0.538 0.574 0.491 0.499 0.534
0.587 0.596 0.486 0.499 0.587 0.492 0.492 0.53
0.585 0.588 0.49 0.467 0.586 0.469 0.473 0.471
0.585 0.587 0.511 0.492 0.585 0.48 0.48 0.547
0.587 0.582 0.482 0.496 0.586 0.473 0.475 0.504
0.567 0.566 0.505 0.525 0.572 0.479 0.481 0.5
0.556 0.56 0.49 0.489 0.556 0.466 0.458 0.498
0.592 0.589 0.528 0.491 0.594 0.469 0.469 0.495
0.573 0.572 0.497 0.494 0.579 0.471 0.473 0.475
0.557 0.556 0.511 0.477 0.557 0.492 0.493 0.503
0.555 0.553 0.504 0.5 0.555 0.467 0.465 0.469
0.596 0.586 0.493 0.489 0.592 0.447 0.45 0.531
0.593 0.599 0.494 0.473 0.592 0.471 0.465 0.504
0.586 0.588 0.497 0.523 0.586 0.472 0.474 0.493
0.58 0.588 0.488 0.501 0.583 0.446 0.441 0.456
0.537 0.537 0.491 0.499 0.537 0.482 0.484 0.486
0.567 0.567 0.481 0.489 0.568 0.486 0.486 0.504
0.616 0.602 0.496 0.488 0.614 0.455 0.449 0.471
0.564 0.568 0.486 0.507 0.56 0.442 0.446 0.459
0.576 0.582 0.528 0.485 0.576 0.451 0.444 0.463
0.596 0.597 0.501 0.489 0.596 0.442 0.442 0.478
0.584 0.588 0.494 0.512 0.584 0.513 0.52 0.572
0.587 0.572 0.513 0.492 0.584 0.466 0.466 0.531
0.613 0.608 0.472 0.504 0.613 0.455 0.452 0.464
0.546 0.55 0.499 0.472 0.548 0.486 0.482 0.496
0.556 0.562 0.501 0.487 0.551 0.462 0.456 0.442
0.577 0.582 0.484 0.512 0.576 0.471 0.471 0.509
0.573 0.563 0.489 0.497 0.573 0.461 0.462 0.498
0.583 0.575 0.524 0.514 0.579 0.477 0.478 0.5
0.594 0.593 0.505 0.531 0.596 0.445 0.434 0.417
0.583 0.582 0.488 0.5 0.585 0.468 0.464 0.527
0.58 0.578 0.494 0.511 0.587 0.451 0.442 0.435
0.573 0.582 0.489 0.485 0.57 0.437 0.431 0.47
0.573 0.578 0.496 0.481 0.575 0.489 0.468 0.48
0.556 0.556 0.492 0.495 0.556 0.461 0.449 0.474
0.584 0.575 0.479 0.484 0.584 0.492 0.486 0.527
0.572 0.572 0.529 0.514 0.572 0.501 0.501 0.493
0.561 0.557 0.47 0.471 0.561 0.451 0.45 0.465
0.563 0.563 0.481 0.49 0.563 0.467 0.456 0.461
0.585 0.578 0.482 0.485 0.585 0.447 0.457 0.468
0.566 0.57 0.442 0.439 0.566 0.512 0.511 0.53
0.577 0.583 0.507 0.483 0.569 0.472 0.472 0.49
0.571 0.573 0.491 0.49 0.573 0.475 0.468 0.484
0.561 0.56 0.502 0.505 0.561 0.471 0.472 0.491
0.593 0.589 0.501 0.476 0.593 0.44 0.438 0.437
0.595 0.583 0.491 0.485 0.586 0.453 0.454 0.511
0.587 0.574 0.498 0.486 0.578 0.455 0.455 0.474
0.587 0.593 0.476 0.494 0.588 0.471 0.466 0.481
0.549 0.549 0.501 0.503 0.549 0.497 0.486 0.46
0.593 0.595 0.5 0.476 0.587 0.457 0.449 0.454
0.594 0.609 0.493 0.514 0.594 0.49 0.496 0.518
0.577 0.568 0.49 0.514 0.567 0.462 0.469 0.481
0.55 0.537 0.499 0.474 0.551 0.484 0.489 0.491
0.583 0.581 0.524 0.511 0.585 0.487 0.484 0.51
0.565 0.565 0.477 0.484 0.565 0.477 0.469 0.475
0.568 0.568 0.475 0.481 0.566 0.486 0.488 0.494
0.585 0.583 0.501 0.497 0.584 0.473 0.473 0.531
0.547 0.542 0.49 0.507 0.542 0.458 0.464 0.475
0.587 0.583 0.495 0.481 0.587 0.48 0.475 0.497
0.565 0.571 0.489 0.51 0.573 0.479 0.479 0.504
0.574 0.579 0.48 0.484 0.574 0.493 0.493 0.474
0.578 0.586 0.513 0.502 0.575 0.465 0.466 0.465
0.585 0.577 0.483 0.489 0.585 0.465 0.456 0.525
0.573 0.569 0.484 0.488 0.572 0.488 0.493 0.539
0.565 0.568 0.482 0.479 0.569 0.531 0.526 0.542
0.607 0.606 0.505 0.475 0.603 0.492 0.487 0.514
0.596 0.592 0.514 0.49 0.596 0.453 0.454 0.464
0.6 0.596 0.505 0.526 0.597 0.497 0.502 0.548
0.591 0.589 0.497 0.497 0.596 0.438 0.428 0.459
0.551 0.556 0.504 0.457 0.552 0.464 0.462 0.469
0.599 0.597 0.509 0.478 0.593 0.478 0.466 0.461
0.574 0.563 0.511 0.523 0.562 0.457 0.451 0.485
0.577 0.573 0.486 0.508 0.572 0.491 0.491 0.542
0.572 0.578 0.495 0.488 0.572 0.482 0.477 0.479
0.565 0.558 0.515 0.493 0.555 0.454 0.456 0.458
0.596 0.597 0.497 0.472 0.594 0.467 0.459 0.461
0.599 0.594 0.537 0.506 0.599 0.473 0.482 0.471
0.578 0.548 0.496 0.481 0.56 0.476 0.464 0.489
0.565 0.569 0.5 0.503 0.569 0.477 0.477 0.483
0.571 0.567 0.508 0.517 0.567 0.461 0.458 0.466
0.579 0.578 0.499 0.497 0.589 0.467 0.474 0.497
0.539 0.551 0.458 0.505 0.553 0.476 0.467 0.488
0.566 0.556 0.486 0.477 0.566 0.463 0.464 0.483
0.578 0.579 0.501 0.507 0.579 0.494 0.495 0.5
0.59 0.587 0.503 0.478 0.59 0.45 0.448 0.471
0.575 0.571 0.487 0.446 0.577 0.476 0.475 0.505
0.55 0.557 0.489 0.484 0.561 0.483 0.483 0.467
0.593 0.582 0.498 0.473 0.595 0.468 0.462 0.511
0.546 0.545 0.489 0.496 0.554 0.504 0.5 0.507
0.583 0.584 0.476 0.507 0.58 0.506 0.516 0.513
0.54 0.53 0.501 0.497 0.533 0.486 0.49 0.487
0.569 0.564 0.469 0.47 0.564 0.481 0.481 0.483
0.555 0.556 0.501 0.523 0.555 0.452 0.452 0.462
0.592 0.606 0.489 0.495 0.598 0.449 0.452 0.45
0.561 0.57 0.476 0.49 0.566 0.457 0.454 0.465
0.582 0.589 0.496 0.488 0.58 0.465 0.467 0.452
0.58 0.583 0.491 0.479 0.584 0.481 0.479 0.478
0.556 0.559 0.495 0.493 0.564 0.502 0.488 0.5
0.56 0.558 0.488 0.513 0.558 0.457 0.459 0.481
0.56 0.564 0.496 0.491 0.561 0.464 0.468 0.469
0.58 0.565 0.48 0.511 0.58 0.455 0.45 0.495
0.596 0.589 0.493 0.515 0.595 0.502 0.492 0.516
0.566 0.563 0.483 0.528 0.564 0.509 0.502 0.507
0.575 0.58 0.494 0.502 0.575 0.474 0.486 0.475
0.585 0.582 0.486 0.467 0.587 0.492 0.499 0.515
0.586 0.583 0.514 0.512 0.588 0.469 0.468 0.506
0.58 0.584 0.479 0.483 0.58 0.446 0.444 0.457
0.6 0.601 0.506 0.499 0.607 0.463 0.46 0.474
0.604 0.602 0.486 0.478 0.604 0.462 0.461 0.472
0.572 0.573 0.478 0.471 0.577 0.471 0.471 0.472
0.587 0.567 0.51 0.491 0.573 0.455 0.458 0.461
0.557 0.569 0.471 0.48 0.566 0.49 0.484 0.489
0.583 0.584 0.5 0.493 0.587 0.444 0.444 0.472
0.537 0.54 0.466 0.49 0.539 0.476 0.472 0.448
0.559 0.578 0.516 0.508 0.574 0.502 0.502 0.547
0.573 0.573 0.497 0.508 0.572 0.495 0.478 0.491
0.562 0.563 0.474 0.487 0.562 0.464 0.464 0.535
0.572 0.569 0.486 0.499 0.572 0.448 0.43 0.476
0.585 0.582 0.468 0.503 0.585 0.466 0.463 0.518
0.578 0.584 0.461 0.507 0.578 0.455 0.455 0.516
0.57 0.572 0.499 0.51 0.568 0.434 0.43 0.497
0.559 0.555 0.489 0.495 0.56 0.499 0.51 0.484
0.56 0.562 0.496 0.511 0.564 0.495 0.492 0.511
0.574 0.572 0.492 0.532 0.574 0.491 0.491 0.562
0.575 0.578 0.504 0.514 0.589 0.463 0.464 0.512
0.568 0.567 0.477 0.482 0.574 0.478 0.478 0.527
0.582 0.583 0.488 0.494 0.578 0.506 0.505 0.541
0.607 0.608 0.484 0.5 0.607 0.437 0.441 0.436
0.57 0.571 0.508 0.526 0.574 0.487 0.478 0.493
0.551 0.55 0.489 0.467 0.55 0.482 0.475 0.505
0.593 0.595 0.518 0.483 0.593 0.497 0.497 0.543
0.582 0.582 0.494 0.49 0.583 0.487 0.486 0.47
0.601 0.598 0.482 0.507 0.598 0.495 0.493 0.519
0.566 0.576 0.496 0.496 0.56 0.461 0.459 0.484
0.582 0.588 0.501 0.496 0.584 0.489 0.489 0.521
0.577 0.584 0.459 0.477 0.579 0.474 0.474 0.54
0.55 0.546 0.472 0.491 0.559 0.524 0.523 0.527
0.568 0.57 0.486 0.471 0.565 0.483 0.484 0.462
0.551 0.549 0.461 0.487 0.551 0.471 0.47 0.473
0.603 0.601 0.51 0.493 0.602 0.503 0.5 0.526
0.587 0.587 0.483 0.47 0.587 0.453 0.452 0.51
0.568 0.564 0.476 0.508 0.564 0.459 0.455 0.476
0.556 0.558 0.487 0.494 0.556 0.451 0.445 0.451
0.586 0.588 0.483 0.487 0.587 0.434 0.433 0.454
0.555 0.552 0.489 0.51 0.552 0.451 0.454 0.495
0.567 0.566 0.474 0.46 0.566 0.485 0.485 0.564
0.578 0.578 0.468 0.471 0.579 0.426 0.429 0.439
0.561 0.56 0.502 0.491 0.568 0.457 0.456 0.49
0.584 0.589 0.49 0.495 0.589 0.488 0.495 0.518
0.597 0.599 0.502 0.505 0.594 0.448 0.443 0.448
0.577 0.572 0.52 0.507 0.577 0.439 0.44 0.483
0.567 0.562 0.497 0.498 0.567 0.469 0.471 0.466
0.566 0.561 0.498 0.473 0.565 0.435 0.435 0.485
0.603 0.611 0.513 0.473 0.591 0.491 0.491 0.552
0.558 0.56 0.466 0.495 0.557 0.456 0.45 0.471
0.562 0.561 0.509 0.504 0.562 0.467 0.468 0.493
0.609 0.61 0.494 0.479 0.609 0.436 0.437 0.459
0.583 0.582 0.48 0.517 0.579 0.46 0.459 0.492
0.583 0.593 0.488 0.51 0.585 0.472 0.473 0.459
0.538 0.538 0.489 0.482 0.538 0.492 0.495 0.517
0.583 0.583 0.497 0.502 0.586 0.492 0.485 0.455
0.584 0.566 0.501 0.496 0.569 0.47 0.463 0.457
0.591 0.582 0.545 0.502 0.588 0.511 0.503 0.539
0.551 0.546 0.485 0.486 0.551 0.476 0.466 0.456
0.568 0.566 0.477 0.482 0.571 0.459 0.455 0.466
0.594 0.595 0.487 0.504 0.594 0.444 0.444 0.482
0.571 0.573 0.489 0.473 0.572 0.453 0.45 0.452
0.562 0.562 0.515 0.516 0.568 0.457 0.456 0.483
0.578 0.565 0.489 0.495 0.578 0.475 0.474 0.523
0.569 0.564 0.522 0.495 0.57 0.473 0.47 0.482
0.557 0.556 0.477 0.482 0.557 0.479 0.473 0.495
0.567 0.573 0.509 0.493 0.567 0.456 0.459 0.455
0.59 0.588 0.494 0.478 0.593 0.501 0.483 0.478
0.573 0.574 0.47 0.487 0.57 0.49 0.49 0.499
0.563 0.562 0.486 0.501 0.562 0.473 0.464 0.441
0.588 0.579 0.465 0.487 0.586 0.471 0.468 0.472
0.564 0.567 0.5 0.491 0.574 0.458 0.441 0.486
0.58 0.579 0.509 0.521 0.584 0.438 0.438 0.457
0.568 0.56 0.516 0.495 0.566 0.478 0.47 0.478
0.543 0.551 0.461 0.477 0.545 0.466 0.464 0.473
0.592 0.59 0.468 0.509 0.586 0.473 0.466 0.444
0.563 0.562 0.484 0.498 0.563 0.481 0.471 0.435
0.612 0.614 0.505 0.501 0.612 0.459 0.461 0.519
0.587 0.576 0.483 0.493 0.577 0.479 0.479 0.496
0.543 0.542 0.492 0.491 0.542 0.481 0.479 0.531
0.578 0.573 0.482 0.458 0.576 0.466 0.463 0.483
0.576 0.564 0.483 0.497 0.567 0.464 0.468 0.479
0.589 0.58 0.48 0.468 0.584 0.462 0.466 0.463
0.564 0.569 0.483 0.473 0.571 0.484 0.484 0.486
0.568 0.566 0.499 0.496 0.569 0.498 0.498 0.54
0.544 0.541 0.497 0.487 0.545 0.483 0.485 0.502
0.568 0.573 0.493 0.484 0.566 0.479 0.473 0.461
0.561 0.558 0.506 0.473 0.555 0.49 0.487 0.522
0.585 0.582 0.517 0.503 0.585 0.487 0.488 0.519
0.578 0.58 0.477 0.484 0.573 0.475 0.482 0.487
0.584 0.583 0.494 0.504 0.585 0.479 0.479 0.524
0.578 0.584 0.467 0.5 0.577 0.443 0.442 0.5
0.585 0.585 0.492 0.515 0.58 0.487 0.488 0.525
0.561 0.561 0.501 0.48 0.559 0.461 0.467 0.488
0.568 0.568 0.495 0.482 0.568 0.451 0.445 0.466
0.544 0.551 0.5 0.499 0.558 0.484 0.49 0.494
0.535 0.539 0.507 0.492 0.537 0.457 0.455 0.458
0.558 0.554 0.484 0.467 0.557 0.488 0.479 0.486
0.568 0.571 0.499 0.455 0.573 0.482 0.479 0.487
0.558 0.56 0.493 0.474 0.567 0.446 0.449 0.448
0.568 0.565 0.494 0.497 0.565 0.452 0.452 0.518
0.591 0.591 0.464 0.473 0.579 0.462 0.466 0.461
0.583 0.586 0.487 0.488 0.586 0.452 0.458 0.476
0.56 0.56 0.505 0.462 0.56 0.441 0.446 0.5
0.555 0.557 0.486 0.512 0.555 0.48 0.482 0.509
0.573 0.568 0.484 0.493 0.568 0.521 0.52 0.525
0.535 0.54 0.493 0.482 0.546 0.481 0.481 0.499
0.57 0.571 0.481 0.483 0.57 0.482 0.471 0.477
0.58 0.557 0.513 0.493 0.563 0.473 0.473 0.509
0.59 0.58 0.498 0.492 0.59 0.488 0.483 0.508
0.566 0.574 0.488 0.482 0.564 0.486 0.486 0.487
0.589 0.583 0.515 0.513 0.588 0.473 0.468 0.475
0.575 0.576 0.516 0.529 0.578 0.461 0.459 0.442
0.548 0.551 0.477 0.465 0.548 0.503 0.503 0.516
0.598 0.593 0.493 0.478 0.603 0.518 0.521 0.518
0.561 0.554 0.506 0.465 0.561 0.498 0.495 0.516
0.605 0.603 0.468 0.48 0.606 0.487 0.487 0.497
0.6 0.593 0.504 0.497 0.6 0.456 0.458 0.477
0.555 0.554 0.509 0.48 0.565 0.453 0.454 0.444
0.574 0.574 0.497 0.505 0.571 0.476 0.476 0.508
0.602 0.603 0.489 0.48 0.606 0.462 0.469 0.507
0.566 0.569 0.476 0.493 0.573 0.468 0.462 0.498
0.577 0.571 0.487 0.511 0.577 0.48 0.48 0.5
0.549 0.55 0.483 0.495 0.547 0.454 0.451 0.502
0.576 0.573 0.459 0.494 0.576 0.487 0.487 0.512
0.545 0.55 0.507 0.486 0.54 0.462 0.46 0.463
0.565 0.566 0.466 0.503 0.568 0.501 0.504 0.514
0.562 0.576 0.477 0.491 0.573 0.465 0.465 0.486
0.586 0.595 0.459 0.502 0.59 0.475 0.476 0.477
0.585 0.602 0.476 0.528 0.592 0.476 0.478 0.477
0.538 0.54 0.475 0.488 0.541 0.493 0.491 0.504
0.566 0.557 0.501 0.499 0.564 0.474 0.474 0.52
0.58 0.588 0.504 0.504 0.579 0.48 0.479 0.498
0.574 0.576 0.509 0.513 0.575 0.52 0.519 0.516
0.546 0.544 0.48 0.486 0.542 0.465 0.467 0.486
0.552 0.572 0.482 0.49 0.561 0.459 0.457 0.479
0.549 0.555 0.485 0.454 0.552 0.497 0.498 0.491
0.579 0.579 0.491 0.489 0.581 0.498 0.496 0.503
0.581 0.57 0.51 0.491 0.576 0.487 0.487 0.509
0.551 0.547 0.484 0.504 0.551 0.448 0.457 0.466
0.599 0.602 0.479 0.499 0.593 0.468 0.458 0.483
0.578 0.59 0.457 0.478 0.575 0.444 0.436 0.457
0.578 0.59 0.484 0.497 0.577 0.464 0.462 0.512
0.551 0.565 0.504 0.467 0.562 0.463 0.456 0.446
0.588 0.587 0.488 0.494 0.592 0.461 0.465 0.479
0.577 0.581 0.493 0.494 0.593 0.461 0.463 0.472
0.568 0.553 0.491 0.474 0.568 0.497 0.496 0.546
0.593 0.589 0.492 0.503 0.586 0.461 0.461 0.517
0.553 0.552 0.48 0.477 0.555 0.459 0.445 0.493
0.555 0.554 0.499 0.481 0.55 0.473 0.475 0.474
0.59 0.585 0.459 0.474 0.594 0.433 0.44 0.428
0.57 0.573 0.484 0.475 0.564 0.481 0.481 0.516
0.595 0.594 0.495 0.507 0.581 0.465 0.471 0.486
0.558 0.563 0.485 0.51 0.558 0.455 0.457 0.448
0.582 0.572 0.478 0.514 0.571 0.465 0.465 0.544
0.543 0.546 0.501 0.494 0.543 0.481 0.479 0.516
0.567 0.578 0.5 0.52 0.581 0.487 0.484 0.473
0.566 0.562 0.507 0.488 0.569 0.478 0.467 0.475
0.569 0.582 0.516 0.487 0.58 0.485 0.488 0.523
0.564 0.57 0.47 0.483 0.564 0.466 0.461 0.464
0.574 0.571 0.475 0.492 0.572 0.477 0.469 0.49
0.581 0.585 0.479 0.465 0.581 0.489 0.49 0.475
0.547 0.548 0.513 0.523 0.55 0.474 0.466 0.473
0.569 0.568 0.511 0.494 0.567 0.46 0.455 0.469
0.596 0.582 0.499 0.479 0.596 0.457 0.456 0.51
0.62 0.603 0.494 0.467 0.619 0.486 0.482 0.511
0.585 0.576 0.488 0.498 0.584 0.459 0.459 0.491
0.568 0.57 0.466 0.481 0.573 0.428 0.428 0.472
0.588 0.59 0.493 0.507 0.588 0.469 0.469 0.495
0.565 0.566 0.464 0.477 0.559 0.497 0.483 0.53
0.542 0.534 0.5 0.496 0.558 0.499 0.499 0.54
0.582 0.58 0.489 0.491 0.581 0.454 0.453 0.459
0.607 0.604 0.487 0.476 0.595 0.443 0.444 0.442
0.554 0.554 0.457 0.483 0.554 0.501 0.497 0.516
0.594 0.591 0.495 0.499 0.596 0.452 0.46 0.477
0.558 0.558 0.468 0.492 0.555 0.47 0.478 0.473
0.578 0.585 0.483 0.473 0.579 0.511 0.517 0.554
0.579 0.581 0.519 0.491 0.579 0.497 0.499 0.526
0.569 0.568 0.503 0.485 0.562 0.465 0.459 0.473
0.557 0.549 0.485 0.506 0.557 0.487 0.493 0.51
0.6 0.612 0.488 0.5 0.6 0.454 0.45 0.47
0.573 0.572 0.485 0.506 0.573 0.453 0.456 0.476
0.552 0.55 0.486 0.488 0.553 0.466 0.466 0.469
0.582 0.589 0.49 0.479 0.586 0.46 0.459 0.487
0.55 0.555 0.493 0.47 0.555 0.45 0.446 0.462
0.577 0.581 0.497 0.496 0.577 0.451 0.448 0.469
0.57 0.576 0.497 0.498 0.568 0.444 0.439 0.419
0.562 0.563 0.47 0.502 0.558 0.493 0.488 0.499
0.556 0.566 0.47 0.491 0.556 0.472 0.472 0.484
0.572 0.572 0.484 0.502 0.572 0.449 0.449 0.476
0.568 0.569 0.477 0.484 0.568 0.466 0.453 0.445
0.598 0.59 0.498 0.51 0.591 0.483 0.482 0.487
0.58 0.576 0.487 0.473 0.58 0.502 0.502 0.508
0.58 0.578 0.507 0.503 0.587 0.465 0.464 0.463
0.557 0.559 0.459 0.487 0.559 0.467 0.46 0.479
0.56 0.557 0.469 0.504 0.566 0.448 0.449 0.479
0.565 0.572 0.495 0.498 0.565 0.478 0.479 0.46
0.558 0.551 0.462 0.47 0.56 0.466 0.471 0.49
0.564 0.565 0.496 0.499 0.568 0.473 0.464 0.513
0.577 0.564 0.498 0.486 0.574 0.419 0.423 0.458
0.59 0.591 0.509 0.492 0.59 0.459 0.459 0.486
0.554 0.553 0.489 0.475 0.554 0.449 0.45 0.499
0.581 0.588 0.49 0.499 0.586 0.468 0.476 0.516
0.574 0.575 0.525 0.489 0.574 0.48 0.481 0.5
0.547 0.559 0.501 0.484 0.561 0.487 0.489 0.533
0.57 0.571 0.481 0.48 0.571 0.505 0.503 0.487
0.577 0.568 0.509 0.519 0.575 0.465 0.474 0.451
0.585 0.587 0.504 0.51 0.584 0.497 0.492 0.525
0.547 0.55 0.5 0.49 0.545 0.445 0.445 0.492
0.586 0.584 0.495 0.473 0.581 0.468 0.464 0.429
0.532 0.539 0.479 0.499 0.532 0.467 0.467 0.485
0.589 0.589 0.503 0.516 0.589 0.469 0.477 0.47
0.564 0.566 0.486 0.496 0.564 0.482 0.464 0.481
0.566 0.566 0.508 0.489 0.566 0.489 0.491 0.509
0.564 0.566 0.478 0.475 0.564 0.457 0.456 0.445
0.579 0.584 0.5 0.513 0.582 0.495 0.495 0.533
0.556 0.554 0.508 0.504 0.56 0.495 0.495 0.522
0.579 0.574 0.463 0.488 0.579 0.481 0.48 0.541
0.601 0.595 0.499 0.515 0.606 0.464 0.453 0.455
0.577 0.58 0.502 0.472 0.576 0.472 0.473 0.506
0.57 0.579 0.462 0.498 0.572 0.464 0.456 0.468
0.575 0.57 0.499 0.499 0.576 0.483 0.485 0.508
0.572 0.569 0.48 0.477 0.571 0.47 0.463 0.494
0.584 0.584 0.511 0.496 0.586 0.443 0.436 0.455
0.597 0.581 0.505 0.516 0.595 0.46 0.469 0.453
0.573 0.575 0.518 0.488 0.577 0.486 0.49 0.526
0.575 0.573 0.492 0.463 0.575 0.506 0.507 0.534
0.587 0.592 0.519 0.509 0.586 0.454 0.454 0.453
0.579 0.57 0.504 0.517 0.586 0.456 0.458 0.487
0.58 0.577 0.491 0.487 0.574 0.465 0.465 0.483
0.568 0.568 0.498 0.507 0.579 0.471 0.471 0.503
0.574 0.581 0.471 0.489 0.572 0.475 0.473 0.499
0.565 0.562 0.492 0.468 0.564 0.489 0.483 0.498
0.554 0.562 0.501 0.482 0.555 0.449 0.441 0.47
0.574 0.568 0.533 0.486 0.576 0.454 0.457 0.476
0.588 0.584 0.484 0.471 0.583 0.492 0.495 0.493
0.571 0.569 0.497 0.49 0.571 0.464 0.465 0.472
0.589 0.588 0.477 0.51 0.589 0.468 0.469 0.499
0.547 0.55 0.491 0.468 0.545 0.468 0.469 0.485
0.558 0.551 0.507 0.494 0.558 0.508 0.508 0.54
0.61 0.614 0.472 0.488 0.607 0.485 0.485 0.485
0.59 0.59 0.488 0.49 0.594 0.49 0.489 0.492
0.558 0.566 0.482 0.48 0.561 0.437 0.435 0.475
0.549 0.548 0.469 0.486 0.544 0.478 0.482 0.457
0.57 0.571 0.509 0.476 0.57 0.484 0.49 0.5
0.558 0.549 0.466 0.461 0.555 0.468 0.466 0.537
0.584 0.588 0.464 0.498 0.587 0.507 0.494 0.533
0.566 0.577 0.496 0.515 0.579 0.467 0.46 0.452
0.603 0.59 0.52 0.506 0.595 0.463 0.468 0.482
0.579 0.579 0.474 0.505 0.575 0.472 0.472 0.526
0.578 0.592 0.481 0.491 0.58 0.472 0.462 0.476
0.588 0.591 0.494 0.499 0.593 0.472 0.473 0.494
0.554 0.558 0.502 0.471 0.555 0.466 0.45 0.468
0.577 0.581 0.496 0.503 0.576 0.484 0.469 0.44
0.559 0.562 0.485 0.45 0.56 0.451 0.449 0.465
0.591 0.585 0.487 0.522 0.59 0.445 0.445 0.477
0.565 0.57 0.489 0.518 0.569 0.474 0.469 0.524
0.542 0.544 0.495 0.494 0.55 0.488 0.488 0.511
0.592 0.596 0.478 0.506 0.594 0.489 0.479 0.499
0.557 0.558 0.502 0.502 0.556 0.481 0.481 0.501
0.569 0.575 0.5 0.513 0.572 0.452 0.452 0.504
0.562 0.566 0.494 0.478 0.562 0.442 0.452 0.444
0.591 0.589 0.513 0.471 0.591 0.478 0.478 0.467
0.594 0.602 0.5 0.497 0.594 0.435 0.439 0.467
0.573 0.557 0.488 0.481 0.573 0.479 0.475 0.472
0.576 0.575 0.493 0.502 0.576 0.504 0.509 0.52
0.568 0.567 0.482 0.491 0.567 0.451 0.45 0.505
0.548 0.559 0.47 0.495 0.558 0.45 0.442 0.457
0.566 0.563 0.497 0.493 0.566 0.478 0.486 0.5
0.555 0.556 0.463 0.479 0.557 0.485 0.485 0.556
0.589 0.594 0.536 0.511 0.588 0.452 0.452 0.492
0.542 0.545 0.464 0.476 0.544 0.464 0.452 0.469
0.568 0.57 0.503 0.476 0.566 0.469 0.463 0.481
0.559 0.56 0.489 0.465 0.559 0.498 0.494 0.506
0.575 0.576 0.466 0.474 0.57 0.483 0.484 0.492
0.566 0.569 0.488 0.512 0.565 0.51 0.514 0.497
0.584 0.583 0.503 0.505 0.581 0.514 0.515 0.526
0.548 0.548 0.5 0.5 0.548 0.477 0.474 0.504
0.557 0.575 0.528 0.501 0.583 0.481 0.478 0.494
0.583 0.578 0.504 0.525 0.586 0.493 0.482 0.498
0.551 0.566 0.485 0.495 0.56 0.46 0.46 0.491
0.548 0.555 0.489 0.48 0.554 0.474 0.476 0.487
0.568 0.561 0.52 0.492 0.568 0.486 0.486 0.543
0.565 0.568 0.488 0.507 0.565 0.453 0.449 0.472
0.6 0.6 0.487 0.511 0.596 0.432 0.432 0.443
0.56 0.556 0.496 0.502 0.56 0.5 0.499 0.511
0.574 0.574 0.492 0.494 0.574 0.486 0.486 0.518
0.564 0.568 0.489 0.508 0.566 0.469 0.463 0.479
0.595 0.594 0.49 0.49 0.598 0.441 0.45 0.467
0.565 0.564 0.479 0.493 0.562 0.447 0.445 0.458
0.575 0.555 0.487 0.516 0.568 0.453 0.471 0.49
0.564 0.568 0.468 0.472 0.56 0.465 0.474 0.508
0.584 0.585 0.472 0.489 0.588 0.44 0.435 0.455
0.572 0.565 0.491 0.463 0.557 0.488 0.484 0.461
0.567 0.566 0.472 0.518 0.567 0.481 0.481 0.527
0.59 0.584 0.501 0.487 0.584 0.474 0.476 0.494
0.592 0.583 0.518 0.505 0.59 0.469 0.467 0.484
0.571 0.572 0.482 0.492 0.574 0.495 0.501 0.515
0.559 0.562 0.5 0.502 0.557 0.461 0.463 0.475
0.573 0.576 0.477 0.48 0.571 0.475 0.475 0.486
0.575 0.572 0.502 0.478 0.573 0.456 0.458 0.468
0.563 0.568 0.466 0.508 0.57 0.474 0.468 0.5
0.601 0.603 0.507 0.48 0.601 0.489 0.492 0.5
0.581 0.583 0.5 0.486 0.581 0.45 0.452 0.444
0.594 0.598 0.486 0.508 0.594 0.466 0.46 0.457
0.527 0.523 0.499 0.475 0.521 0.453 0.451 0.493
0.597 0.605 0.483 0.486 0.598 0.514 0.516 0.557
0.566 0.569 0.482 0.484 0.566 0.483 0.487 0.528
