0.41 0.423 0.382 0.385 0.409 0.371 0.371 0.352
0.393 0.418 0.374 0.374 0.392 0.378 0.378 0.328
0.34 0.394 0.322 0.322 0.336 0.349 0.349 0.318
0.361 0.403 0.349 0.342 0.363 0.364 0.364 0.329
0.322 0.353 0.306 0.314 0.325 0.369 0.366 0.291
0.401 0.435 0.378 0.369 0.399 0.39 0.391 0.38
0.37 0.371 0.35 0.347 0.373 0.393 0.393 0.331
0.382 0.393 0.353 0.352 0.365 0.381 0.381 0.335
0.372 0.413 0.362 0.359 0.372 0.408 0.392 0.354
0.383 0.398 0.366 0.361 0.385 0.398 0.398 0.353
0.372 0.4 0.355 0.358 0.372 0.392 0.391 0.342
0.416 0.444 0.379 0.383 0.402 0.399 0.4 0.361
0.382 0.401 0.354 0.36 0.38 0.403 0.39 0.355
0.385 0.396 0.367 0.363 0.387 0.349 0.348 0.316
0.356 0.391 0.342 0.342 0.355 0.363 0.363 0.328
0.398 0.431 0.37 0.376 0.397 0.42 0.42 0.372
0.395 0.405 0.372 0.371 0.396 0.401 0.403 0.365
0.354 0.391 0.337 0.339 0.355 0.381 0.382 0.324
0.389 0.421 0.384 0.388 0.391 0.416 0.408 0.348
0.369 0.384 0.341 0.346 0.365 0.358 0.358 0.329
0.364 0.377 0.339 0.343 0.362 0.367 0.367 0.341
0.36 0.378 0.341 0.337 0.356 0.384 0.376 0.35
0.383 0.354 0.34 0.347 0.369 0.401 0.401 0.342
0.424 0.428 0.393 0.392 0.417 0.4 0.388 0.336
0.402 0.413 0.377 0.384 0.401 0.39 0.386 0.357
0.359 0.398 0.341 0.342 0.358 0.401 0.401 0.329
0.361 0.403 0.342 0.335 0.36 0.422 0.424 0.377
0.346 0.339 0.31 0.317 0.327 0.374 0.372 0.287
0.333 0.378 0.319 0.315 0.348 0.349 0.344 0.294
0.385 0.412 0.364 0.37 0.385 0.388 0.388 0.366
0.374 0.418 0.355 0.357 0.374 0.433 0.42 0.347
0.349 0.329 0.321 0.322 0.354 0.376 0.372 0.324
0.352 0.376 0.332 0.334 0.357 0.362 0.362 0.297
0.383 0.406 0.359 0.361 0.374 0.386 0.389 0.368
0.404 0.43 0.372 0.38 0.406 0.403 0.403 0.383
0.364 0.403 0.345 0.346 0.365 0.393 0.393 0.364
0.371 0.378 0.345 0.345 0.365 0.382 0.382 0.337
0.396 0.417 0.382 0.377 0.396 0.398 0.398 0.363
0.399 0.443 0.38 0.384 0.402 0.422 0.417 0.364
0.37 0.373 0.364 0.356 0.369 0.4 0.4 0.314
0.386 0.429 0.369 0.366 0.386 0.39 0.387 0.332
0.38 0.413 0.35 0.343 0.38 0.369 0.368 0.333
0.384 0.425 0.363 0.358 0.374 0.417 0.417 0.329
0.345 0.347 0.327 0.326 0.342 0.373 0.372 0.31
0.357 0.383 0.345 0.342 0.356 0.398 0.382 0.326
0.35 0.359 0.328 0.331 0.349 0.396 0.395 0.332
0.352 0.368 0.33 0.335 0.352 0.386 0.386 0.327
0.36 0.39 0.349 0.347 0.358 0.406 0.411 0.35
0.371 0.396 0.34 0.344 0.364 0.384 0.384 0.331
0.335 0.352 0.315 0.309 0.329 0.359 0.353 0.308
0.359 0.391 0.324 0.33 0.351 0.35 0.352 0.303
0.398 0.413 0.375 0.381 0.399 0.354 0.355 0.325
0.36 0.393 0.336 0.329 0.362 0.387 0.38 0.346
0.348 0.357 0.329 0.33 0.349 0.353 0.357 0.308
0.377 0.393 0.352 0.357 0.377 0.389 0.382 0.329
0.389 0.413 0.371 0.366 0.386 0.395 0.385 0.363
0.351 0.377 0.33 0.334 0.35 0.356 0.353 0.326
0.402 0.403 0.385 0.389 0.402 0.432 0.435 0.408
0.369 0.433 0.349 0.35 0.365 0.372 0.37 0.319
0.385 0.43 0.353 0.366 0.381 0.377 0.375 0.342
0.344 0.363 0.311 0.32 0.342 0.345 0.337 0.316
0.36 0.399 0.341 0.348 0.363 0.39 0.387 0.31
0.36 0.366 0.327 0.325 0.348 0.375 0.371 0.301
0.399 0.423 0.366 0.376 0.392 0.395 0.393 0.354
0.385 0.396 0.361 0.353 0.373 0.394 0.394 0.348
0.367 0.388 0.341 0.341 0.364 0.372 0.372 0.332
0.411 0.426 0.385 0.387 0.401 0.409 0.412 0.375
0.379 0.4 0.342 0.341 0.362 0.387 0.389 0.326
0.325 0.334 0.31 0.307 0.325 0.384 0.383 0.326
0.36 0.385 0.345 0.341 0.354 0.408 0.407 0.358
0.421 0.405 0.398 0.392 0.419 0.414 0.411 0.359
0.378 0.439 0.363 0.367 0.38 0.417 0.405 0.371
0.376 0.394 0.36 0.358 0.375 0.398 0.399 0.364
0.355 0.386 0.337 0.343 0.357 0.384 0.382 0.326
0.414 0.443 0.388 0.394 0.413 0.415 0.413 0.376
0.37 0.407 0.35 0.346 0.373 0.396 0.397 0.357
0.346 0.372 0.326 0.331 0.346 0.376 0.374 0.333
0.356 0.369 0.335 0.337 0.349 0.427 0.419 0.33
0.395 0.386 0.38 0.384 0.396 0.382 0.382 0.334
0.392 0.423 0.376 0.374 0.39 0.412 0.408 0.358
0.39 0.414 0.359 0.358 0.384 0.357 0.357 0.356
0.401 0.414 0.365 0.354 0.386 0.387 0.382 0.347
0.37 0.389 0.344 0.349 0.366 0.418 0.418 0.379
0.417 0.44 0.386 0.378 0.404 0.414 0.413 0.396
0.413 0.395 0.384 0.386 0.41 0.422 0.421 0.356
0.387 0.394 0.362 0.355 0.372 0.374 0.373 0.329
0.41 0.431 0.392 0.385 0.409 0.451 0.443 0.382
0.378 0.42 0.35 0.358 0.368 0.383 0.382 0.322
0.368 0.417 0.337 0.34 0.358 0.4 0.401 0.341
0.405 0.405 0.373 0.367 0.391 0.406 0.4 0.374
0.335 0.364 0.319 0.321 0.335 0.358 0.362 0.311
0.372 0.371 0.352 0.352 0.373 0.377 0.377 0.311
0.378 0.415 0.351 0.353 0.38 0.41 0.41 0.327
0.362 0.382 0.341 0.34 0.37 0.358 0.358 0.319
0.353 0.402 0.339 0.338 0.354 0.365 0.364 0.306
0.37 0.389 0.34 0.342 0.365 0.383 0.383 0.351
0.395 0.409 0.383 0.375 0.4 0.385 0.387 0.343
0.394 0.402 0.375 0.377 0.393 0.373 0.372 0.366
0.374 0.38 0.354 0.348 0.373 0.383 0.383 0.333
0.389 0.425 0.362 0.363 0.389 0.422 0.41 0.339
0.375 0.379 0.346 0.346 0.366 0.397 0.397 0.333
0.353 0.385 0.336 0.329 0.354 0.357 0.357 0.349
0.397 0.424 0.374 0.373 0.396 0.399 0.397 0.372
0.395 0.406 0.374 0.371 0.395 0.382 0.381 0.385
0.376 0.37 0.345 0.346 0.366 0.384 0.384 0.327
0.395 0.432 0.377 0.38 0.394 0.4 0.389 0.371
0.355 0.371 0.349 0.343 0.354 0.395 0.395 0.345
0.411 0.416 0.382 0.39 0.412 0.428 0.424 0.396
0.368 0.376 0.347 0.351 0.378 0.35 0.349 0.329
0.379 0.39 0.356 0.348 0.383 0.385 0.385 0.355
0.349 0.338 0.334 0.333 0.353 0.356 0.356 0.315
0.386 0.426 0.368 0.362 0.389 0.399 0.404 0.351
0.362 0.401 0.345 0.348 0.361 0.382 0.373 0.329
0.429 0.449 0.398 0.395 0.424 0.451 0.451 0.405
0.389 0.409 0.359 0.369 0.39 0.382 0.382 0.328
0.336 0.344 0.318 0.321 0.338 0.351 0.351 0.318
0.417 0.452 0.398 0.401 0.416 0.418 0.418 0.396
0.405 0.415 0.382 0.387 0.406 0.401 0.402 0.38
0.435 0.429 0.41 0.405 0.418 0.438 0.438 0.379
0.335 0.393 0.326 0.327 0.342 0.381 0.381 0.301
0.438 0.424 0.405 0.414 0.436 0.445 0.441 0.422
0.366 0.392 0.357 0.352 0.362 0.411 0.398 0.327
0.382 0.388 0.35 0.349 0.37 0.408 0.408 0.341
0.399 0.414 0.343 0.363 0.385 0.407 0.402 0.362
0.402 0.425 0.379 0.381 0.399 0.401 0.402 0.37
0.41 0.404 0.383 0.389 0.402 0.398 0.394 0.376
0.361 0.399 0.34 0.341 0.36 0.378 0.381 0.336
0.331 0.376 0.302 0.308 0.331 0.336 0.336 0.315
0.359 0.371 0.347 0.345 0.359 0.356 0.359 0.336
0.37 0.376 0.344 0.344 0.356 0.381 0.381 0.314
0.373 0.387 0.364 0.368 0.373 0.421 0.404 0.355
0.399 0.412 0.385 0.39 0.409 0.425 0.407 0.36
0.389 0.377 0.357 0.351 0.373 0.381 0.381 0.333
0.342 0.371 0.327 0.329 0.343 0.394 0.392 0.345
0.405 0.423 0.381 0.384 0.403 0.399 0.4 0.364
0.389 0.409 0.377 0.372 0.394 0.398 0.398 0.365
0.388 0.396 0.369 0.366 0.388 0.389 0.389 0.352
0.387 0.43 0.355 0.352 0.372 0.38 0.378 0.362
0.391 0.424 0.375 0.375 0.4 0.402 0.401 0.35
0.382 0.39 0.36 0.362 0.38 0.404 0.404 0.374
0.409 0.415 0.365 0.359 0.393 0.387 0.387 0.331
0.393 0.437 0.372 0.366 0.393 0.412 0.412 0.36
0.39 0.381 0.379 0.378 0.391 0.411 0.411 0.356
0.404 0.409 0.373 0.376 0.392 0.428 0.428 0.398
0.439 0.455 0.417 0.415 0.441 0.438 0.439 0.405
0.316 0.358 0.298 0.297 0.317 0.37 0.368 0.303
0.382 0.397 0.362 0.354 0.381 0.391 0.391 0.309
0.379 0.397 0.363 0.362 0.379 0.403 0.405 0.358
0.427 0.41 0.413 0.411 0.427 0.423 0.413 0.379
0.361 0.385 0.326 0.318 0.345 0.351 0.351 0.307
0.382 0.423 0.363 0.36 0.378 0.418 0.417 0.354
0.391 0.404 0.354 0.368 0.379 0.393 0.39 0.326
0.306 0.322 0.298 0.292 0.305 0.359 0.357 0.276
0.378 0.414 0.365 0.364 0.378 0.405 0.405 0.377
0.394 0.405 0.362 0.359 0.381 0.38 0.38 0.35
0.427 0.45 0.384 0.397 0.413 0.425 0.426 0.4
0.434 0.446 0.405 0.403 0.427 0.416 0.419 0.383
0.407 0.403 0.391 0.388 0.406 0.398 0.402 0.37
0.37 0.418 0.351 0.357 0.373 0.394 0.395 0.343
0.444 0.476 0.42 0.427 0.448 0.432 0.428 0.384
0.37 0.387 0.352 0.356 0.375 0.384 0.384 0.325
0.343 0.381 0.324 0.323 0.344 0.367 0.366 0.302
0.428 0.456 0.395 0.405 0.421 0.389 0.389 0.33
0.353 0.39 0.335 0.329 0.352 0.41 0.41 0.334
0.379 0.417 0.355 0.359 0.378 0.359 0.359 0.327
0.37 0.394 0.352 0.354 0.37 0.421 0.41 0.341
0.379 0.415 0.362 0.355 0.382 0.393 0.397 0.358
0.365 0.414 0.349 0.35 0.369 0.378 0.378 0.354
0.406 0.412 0.381 0.382 0.407 0.396 0.395 0.329
0.371 0.378 0.34 0.35 0.37 0.349 0.349 0.306
0.406 0.434 0.387 0.386 0.401 0.414 0.407 0.386
0.364 0.412 0.337 0.348 0.366 0.398 0.397 0.357
0.392 0.369 0.368 0.362 0.383 0.385 0.385 0.336
0.418 0.451 0.388 0.381 0.406 0.438 0.438 0.378
0.366 0.411 0.35 0.351 0.368 0.38 0.379 0.332
0.417 0.428 0.401 0.398 0.418 0.421 0.421 0.398
0.368 0.385 0.347 0.346 0.368 0.393 0.392 0.344
0.381 0.432 0.357 0.351 0.371 0.377 0.378 0.323
0.372 0.396 0.333 0.338 0.353 0.382 0.381 0.308
0.396 0.383 0.365 0.364 0.385 0.388 0.382 0.369
0.364 0.381 0.332 0.324 0.353 0.376 0.365 0.305
0.383 0.438 0.366 0.36 0.383 0.398 0.386 0.328
0.387 0.398 0.366 0.368 0.387 0.409 0.409 0.383
0.396 0.393 0.38 0.383 0.397 0.394 0.394 0.376
0.374 0.38 0.353 0.351 0.372 0.395 0.39 0.326
0.375 0.385 0.352 0.364 0.376 0.385 0.389 0.337
0.417 0.441 0.388 0.392 0.405 0.437 0.429 0.372
0.339 0.34 0.322 0.327 0.336 0.395 0.395 0.332
0.415 0.434 0.392 0.404 0.424 0.401 0.401 0.353
0.377 0.364 0.344 0.346 0.374 0.413 0.411 0.369
0.397 0.41 0.358 0.359 0.386 0.39 0.39 0.341
0.364 0.36 0.326 0.321 0.345 0.377 0.376 0.326
0.4 0.444 0.38 0.382 0.396 0.408 0.407 0.343
0.337 0.349 0.316 0.316 0.338 0.364 0.364 0.323
0.376 0.383 0.356 0.365 0.376 0.383 0.379 0.346
0.335 0.393 0.32 0.322 0.336 0.39 0.387 0.324
0.353 0.403 0.341 0.34 0.351 0.393 0.398 0.357
0.361 0.366 0.333 0.331 0.347 0.384 0.381 0.344
0.367 0.384 0.349 0.346 0.371 0.398 0.398 0.36
0.395 0.404 0.353 0.355 0.389 0.4 0.399 0.359
0.36 0.378 0.341 0.343 0.36 0.355 0.356 0.319
0.381 0.372 0.349 0.337 0.374 0.386 0.385 0.315
0.359 0.371 0.344 0.342 0.361 0.359 0.359 0.325
0.361 0.372 0.343 0.347 0.362 0.408 0.407 0.366
0.41 0.428 0.388 0.382 0.413 0.426 0.427 0.35
0.419 0.437 0.402 0.403 0.417 0.413 0.412 0.386
0.354 0.363 0.338 0.336 0.354 0.364 0.365 0.319
0.352 0.38 0.341 0.339 0.35 0.396 0.393 0.332
0.392 0.422 0.369 0.365 0.388 0.404 0.396 0.374
0.375 0.372 0.354 0.347 0.366 0.377 0.377 0.332
0.413 0.416 0.396 0.402 0.414 0.429 0.429 0.404
0.404 0.409 0.382 0.394 0.405 0.391 0.389 0.356
0.354 0.339 0.347 0.346 0.362 0.381 0.38 0.329
0.379 0.405 0.353 0.355 0.372 0.373 0.364 0.331
0.386 0.402 0.362 0.36 0.384 0.378 0.377 0.322
0.363 0.369 0.345 0.342 0.363 0.396 0.389 0.34
0.386 0.431 0.361 0.36 0.385 0.371 0.371 0.347
0.34 0.362 0.325 0.319 0.342 0.367 0.365 0.327
0.42 0.433 0.392 0.393 0.413 0.432 0.432 0.362
0.413 0.413 0.382 0.383 0.4 0.398 0.398 0.365
0.395 0.405 0.375 0.371 0.395 0.401 0.402 0.359
0.402 0.39 0.374 0.368 0.391 0.429 0.434 0.388
0.361 0.375 0.338 0.336 0.359 0.374 0.365 0.335
0.394 0.431 0.366 0.365 0.387 0.401 0.401 0.344
0.386 0.426 0.366 0.367 0.385 0.355 0.355 0.32
0.358 0.374 0.344 0.348 0.361 0.365 0.363 0.32
0.435 0.47 0.414 0.412 0.437 0.41 0.411 0.401
0.37 0.39 0.344 0.341 0.362 0.402 0.391 0.334
0.377 0.399 0.36 0.355 0.377 0.398 0.392 0.336
0.371 0.377 0.335 0.335 0.362 0.394 0.394 0.344
0.38 0.387 0.363 0.358 0.379 0.391 0.393 0.371
0.348 0.375 0.337 0.345 0.353 0.406 0.406 0.335
0.426 0.462 0.398 0.398 0.426 0.413 0.415 0.381
0.403 0.433 0.383 0.379 0.403 0.412 0.412 0.373
0.35 0.382 0.337 0.333 0.351 0.411 0.396 0.353
0.351 0.357 0.336 0.333 0.35 0.409 0.409 0.322
0.359 0.413 0.311 0.32 0.341 0.389 0.389 0.311
0.366 0.377 0.344 0.338 0.363 0.383 0.383 0.31
0.45 0.463 0.407 0.404 0.443 0.408 0.398 0.37
0.389 0.429 0.37 0.37 0.39 0.426 0.424 0.369
0.417 0.422 0.382 0.388 0.406 0.439 0.426 0.386
0.411 0.415 0.38 0.383 0.402 0.421 0.415 0.383
0.422 0.431 0.395 0.402 0.409 0.449 0.443 0.394
0.378 0.415 0.359 0.358 0.378 0.406 0.406 0.35
0.326 0.336 0.316 0.321 0.327 0.365 0.355 0.32
0.366 0.388 0.333 0.333 0.366 0.374 0.376 0.322
0.389 0.42 0.368 0.368 0.391 0.402 0.404 0.334
0.4 0.437 0.383 0.38 0.404 0.382 0.367 0.35
0.442 0.412 0.401 0.399 0.428 0.403 0.402 0.413
0.382 0.405 0.368 0.365 0.384 0.389 0.389 0.341
0.374 0.394 0.358 0.361 0.378 0.363 0.365 0.326
0.421 0.417 0.39 0.386 0.416 0.418 0.418 0.353
0.338 0.404 0.319 0.324 0.337 0.397 0.379 0.338
0.348 0.385 0.332 0.338 0.348 0.409 0.397 0.339
0.378 0.391 0.358 0.356 0.377 0.403 0.403 0.358
0.414 0.422 0.396 0.398 0.419 0.4 0.407 0.374
0.357 0.407 0.335 0.329 0.354 0.374 0.373 0.335
0.403 0.435 0.379 0.378 0.399 0.412 0.411 0.367
0.354 0.381 0.332 0.33 0.356 0.359 0.358 0.313
0.4 0.409 0.367 0.364 0.387 0.429 0.429 0.357
0.381 0.359 0.369 0.356 0.39 0.393 0.385 0.326
0.412 0.43 0.379 0.38 0.406 0.391 0.383 0.347
0.379 0.41 0.358 0.362 0.393 0.36 0.359 0.329
0.399 0.413 0.369 0.364 0.395 0.386 0.386 0.365
0.333 0.349 0.323 0.32 0.336 0.369 0.366 0.301
0.371 0.37 0.342 0.348 0.357 0.399 0.391 0.35
0.355 0.372 0.312 0.322 0.335 0.37 0.368 0.31
0.357 0.369 0.352 0.348 0.358 0.383 0.383 0.329
0.392 0.411 0.38 0.373 0.389 0.387 0.387 0.355
0.382 0.408 0.364 0.363 0.382 0.431 0.429 0.378
0.394 0.415 0.373 0.37 0.397 0.401 0.4 0.386
0.349 0.357 0.33 0.339 0.36 0.333 0.333 0.319
0.359 0.399 0.34 0.329 0.352 0.349 0.349 0.32
0.358 0.368 0.348 0.342 0.354 0.377 0.38 0.359
0.368 0.394 0.355 0.349 0.369 0.393 0.397 0.33
0.377 0.382 0.349 0.349 0.376 0.393 0.393 0.363
0.38 0.393 0.357 0.355 0.368 0.386 0.384 0.327
0.395 0.411 0.367 0.369 0.385 0.387 0.378 0.339
0.383 0.374 0.365 0.36 0.383 0.397 0.395 0.329
0.392 0.444 0.374 0.373 0.396 0.418 0.418 0.379
0.313 0.342 0.301 0.297 0.312 0.337 0.337 0.292
0.388 0.389 0.359 0.365 0.381 0.368 0.368 0.339
0.404 0.407 0.386 0.384 0.404 0.411 0.409 0.41
0.338 0.359 0.312 0.319 0.331 0.402 0.402 0.315
0.35 0.399 0.334 0.338 0.349 0.355 0.341 0.314
0.364 0.42 0.341 0.345 0.364 0.418 0.418 0.365
0.424 0.436 0.389 0.396 0.411 0.425 0.422 0.387
0.374 0.376 0.35 0.347 0.366 0.41 0.401 0.332
0.363 0.414 0.343 0.341 0.362 0.372 0.373 0.314
0.384 0.416 0.362 0.366 0.383 0.381 0.381 0.333
0.379 0.399 0.354 0.355 0.379 0.396 0.395 0.347
0.301 0.317 0.283 0.285 0.301 0.355 0.34 0.3
0.412 0.441 0.394 0.393 0.412 0.422 0.423 0.365
0.389 0.422 0.34 0.346 0.376 0.401 0.401 0.357
0.344 0.357 0.329 0.323 0.345 0.377 0.375 0.34
0.361 0.385 0.339 0.343 0.365 0.39 0.39 0.341
0.375 0.387 0.352 0.354 0.369 0.415 0.408 0.374
0.403 0.424 0.378 0.376 0.396 0.415 0.411 0.386
0.404 0.434 0.38 0.382 0.401 0.382 0.374 0.348
0.445 0.466 0.404 0.41 0.439 0.425 0.429 0.4
0.353 0.377 0.32 0.322 0.348 0.391 0.39 0.331
0.395 0.432 0.375 0.37 0.396 0.364 0.364 0.378
0.375 0.42 0.362 0.356 0.375 0.386 0.385 0.334
0.375 0.402 0.362 0.358 0.374 0.385 0.385 0.346
0.35 0.335 0.344 0.337 0.354 0.374 0.371 0.313
0.395 0.412 0.375 0.378 0.396 0.393 0.393 0.339
0.332 0.344 0.32 0.317 0.333 0.376 0.373 0.33
0.406 0.433 0.385 0.386 0.405 0.379 0.38 0.343
0.418 0.438 0.4 0.39 0.418 0.407 0.407 0.363
0.352 0.378 0.341 0.336 0.351 0.407 0.407 0.332
0.358 0.39 0.34 0.328 0.359 0.358 0.356 0.311
0.393 0.392 0.358 0.359 0.379 0.403 0.406 0.374
0.386 0.398 0.353 0.355 0.374 0.394 0.38 0.334
0.36 0.375 0.335 0.336 0.361 0.361 0.361 0.332
0.339 0.374 0.324 0.32 0.339 0.372 0.356 0.299
0.373 0.375 0.358 0.352 0.372 0.39 0.389 0.32
0.375 0.389 0.358 0.363 0.38 0.383 0.383 0.34
0.376 0.406 0.342 0.346 0.372 0.406 0.406 0.35
0.409 0.427 0.382 0.381 0.409 0.399 0.375 0.361
0.388 0.389 0.362 0.367 0.388 0.434 0.414 0.354
0.4 0.402 0.371 0.359 0.393 0.41 0.41 0.35
0.376 0.398 0.356 0.354 0.364 0.403 0.394 0.35
0.38 0.417 0.37 0.362 0.382 0.43 0.432 0.374
0.372 0.372 0.347 0.347 0.374 0.385 0.385 0.362
0.366 0.399 0.351 0.349 0.366 0.377 0.386 0.36
0.379 0.41 0.357 0.349 0.375 0.396 0.396 0.338
0.328 0.34 0.313 0.311 0.328 0.384 0.385 0.335
0.331 0.337 0.314 0.313 0.33 0.378 0.372 0.301
0.379 0.38 0.351 0.353 0.369 0.401 0.403 0.341
0.367 0.363 0.345 0.349 0.369 0.397 0.399 0.353
0.359 0.354 0.342 0.345 0.358 0.369 0.366 0.328
0.378 0.376 0.369 0.36 0.378 0.401 0.401 0.361
0.367 0.391 0.349 0.338 0.367 0.395 0.397 0.348
0.364 0.367 0.334 0.339 0.354 0.364 0.362 0.321
0.413 0.398 0.388 0.39 0.406 0.416 0.415 0.347
0.372 0.382 0.351 0.355 0.372 0.42 0.42 0.353
0.36 0.377 0.333 0.328 0.355 0.398 0.393 0.334
0.375 0.392 0.362 0.367 0.377 0.405 0.405 0.324
0.407 0.464 0.386 0.396 0.407 0.411 0.406 0.363
0.353 0.401 0.332 0.334 0.352 0.345 0.343 0.309
0.396 0.403 0.383 0.387 0.396 0.43 0.43 0.342
0.429 0.441 0.392 0.388 0.423 0.421 0.407 0.34
0.373 0.396 0.352 0.349 0.368 0.391 0.389 0.348
0.379 0.392 0.365 0.357 0.379 0.379 0.379 0.342
0.378 0.397 0.355 0.355 0.373 0.375 0.375 0.33
0.389 0.424 0.363 0.365 0.389 0.403 0.403 0.374
0.358 0.372 0.345 0.34 0.36 0.407 0.4 0.35
0.368 0.4 0.328 0.336 0.353 0.408 0.405 0.321
0.378 0.362 0.357 0.362 0.378 0.393 0.393 0.339
0.361 0.391 0.339 0.34 0.369 0.379 0.369 0.333
0.336 0.379 0.316 0.32 0.334 0.384 0.378 0.323
0.399 0.4 0.382 0.385 0.402 0.379 0.373 0.316
0.401 0.432 0.375 0.374 0.401 0.409 0.401 0.357
0.348 0.367 0.339 0.331 0.353 0.376 0.363 0.317
0.325 0.388 0.305 0.303 0.326 0.373 0.367 0.309
0.415 0.424 0.375 0.377 0.408 0.387 0.387 0.324
0.377 0.393 0.355 0.355 0.376 0.403 0.403 0.338
0.39 0.416 0.368 0.37 0.39 0.38 0.38 0.333
0.353 0.402 0.334 0.33 0.353 0.388 0.39 0.327
0.362 0.375 0.35 0.349 0.363 0.373 0.371 0.343
0.348 0.36 0.334 0.331 0.349 0.375 0.375 0.345
0.422 0.428 0.374 0.375 0.403 0.4 0.401 0.372
0.376 0.399 0.359 0.354 0.367 0.401 0.4 0.344
0.406 0.431 0.368 0.369 0.396 0.395 0.392 0.347
0.431 0.45 0.415 0.413 0.429 0.424 0.424 0.389
0.388 0.397 0.368 0.363 0.388 0.401 0.398 0.356
0.372 0.427 0.346 0.355 0.373 0.406 0.407 0.346
0.449 0.453 0.426 0.423 0.449 0.417 0.419 0.407
0.347 0.351 0.311 0.31 0.344 0.385 0.383 0.331
0.416 0.431 0.387 0.392 0.413 0.402 0.405 0.357
0.366 0.398 0.338 0.348 0.364 0.384 0.383 0.328
0.413 0.439 0.375 0.381 0.404 0.425 0.424 0.384
0.352 0.37 0.331 0.336 0.35 0.392 0.385 0.336
0.418 0.417 0.394 0.399 0.417 0.447 0.449 0.382
0.405 0.423 0.376 0.379 0.403 0.409 0.409 0.341
0.356 0.367 0.332 0.336 0.355 0.384 0.379 0.322
0.384 0.405 0.361 0.362 0.384 0.415 0.415 0.364
0.364 0.399 0.35 0.346 0.364 0.4 0.398 0.356
0.408 0.463 0.381 0.379 0.407 0.43 0.431 0.386
0.329 0.369 0.318 0.315 0.33 0.37 0.363 0.298
0.396 0.437 0.384 0.385 0.396 0.386 0.373 0.35
0.382 0.375 0.354 0.353 0.374 0.369 0.366 0.323
0.391 0.396 0.359 0.352 0.379 0.396 0.389 0.363
0.362 0.397 0.347 0.351 0.363 0.42 0.417 0.372
0.381 0.386 0.342 0.344 0.366 0.375 0.375 0.332
0.375 0.368 0.354 0.357 0.374 0.405 0.4 0.361
0.35 0.377 0.343 0.337 0.359 0.392 0.383 0.338
0.338 0.367 0.314 0.316 0.337 0.348 0.34 0.325
0.402 0.404 0.379 0.372 0.393 0.409 0.41 0.34
0.353 0.376 0.329 0.332 0.35 0.356 0.358 0.329
0.349 0.353 0.333 0.332 0.35 0.415 0.415 0.352
0.414 0.437 0.394 0.396 0.418 0.403 0.403 0.369
0.376 0.4 0.339 0.334 0.365 0.382 0.383 0.334
0.398 0.423 0.387 0.375 0.401 0.385 0.384 0.342
0.379 0.397 0.343 0.343 0.365 0.377 0.379 0.357
0.308 0.318 0.3 0.293 0.307 0.348 0.347 0.271
0.349 0.378 0.32 0.325 0.35 0.361 0.361 0.315
0.332 0.38 0.314 0.311 0.333 0.384 0.382 0.319
0.375 0.405 0.345 0.353 0.367 0.392 0.383 0.362
0.444 0.452 0.414 0.416 0.449 0.431 0.426 0.369
0.402 0.388 0.372 0.368 0.393 0.364 0.364 0.347
0.383 0.408 0.345 0.343 0.361 0.393 0.388 0.333
0.362 0.365 0.339 0.342 0.355 0.377 0.37 0.307
0.386 0.405 0.363 0.36 0.38 0.398 0.395 0.35
0.358 0.356 0.343 0.345 0.357 0.399 0.389 0.329
0.381 0.433 0.364 0.369 0.38 0.408 0.406 0.335
0.395 0.405 0.371 0.36 0.386 0.387 0.379 0.341
0.394 0.419 0.368 0.379 0.401 0.397 0.397 0.359
0.396 0.42 0.357 0.363 0.384 0.4 0.381 0.333
0.392 0.389 0.373 0.366 0.392 0.385 0.384 0.343
0.38 0.4 0.362 0.363 0.381 0.373 0.373 0.368
0.355 0.371 0.338 0.339 0.356 0.385 0.385 0.323
0.356 0.379 0.328 0.328 0.352 0.361 0.357 0.293
0.354 0.388 0.328 0.334 0.354 0.386 0.381 0.329
0.394 0.374 0.355 0.348 0.381 0.36 0.361 0.341
0.352 0.351 0.33 0.331 0.353 0.392 0.392 0.351
0.39 0.424 0.371 0.367 0.389 0.416 0.409 0.35
0.398 0.401 0.37 0.374 0.399 0.432 0.42 0.357
0.344 0.356 0.323 0.324 0.347 0.382 0.38 0.32
0.371 0.39 0.353 0.353 0.374 0.371 0.366 0.361
0.4 0.421 0.384 0.376 0.392 0.389 0.378 0.32
0.39 0.402 0.371 0.367 0.393 0.423 0.417 0.352
0.366 0.414 0.352 0.346 0.373 0.41 0.409 0.362
0.374 0.413 0.347 0.345 0.375 0.41 0.406 0.345
0.344 0.372 0.326 0.327 0.345 0.374 0.37 0.303
0.322 0.332 0.316 0.315 0.333 0.395 0.393 0.336
0.366 0.365 0.344 0.342 0.364 0.367 0.368 0.323
0.365 0.373 0.345 0.342 0.363 0.381 0.378 0.326
0.402 0.412 0.38 0.384 0.402 0.415 0.408 0.377
0.403 0.433 0.369 0.368 0.392 0.413 0.403 0.342
0.351 0.391 0.326 0.329 0.341 0.381 0.372 0.325
0.381 0.41 0.365 0.364 0.384 0.388 0.387 0.365
0.341 0.374 0.319 0.317 0.338 0.383 0.382 0.329
0.334 0.372 0.327 0.323 0.337 0.384 0.383 0.309
0.414 0.425 0.382 0.389 0.408 0.397 0.396 0.365
0.366 0.402 0.351 0.353 0.365 0.414 0.414 0.375
0.382 0.401 0.364 0.363 0.39 0.386 0.386 0.327
0.423 0.446 0.388 0.391 0.417 0.409 0.408 0.386
0.4 0.438 0.369 0.375 0.392 0.428 0.422 0.361
0.352 0.383 0.335 0.338 0.354 0.354 0.354 0.315
0.367 0.38 0.343 0.347 0.369 0.412 0.412 0.357
0.408 0.409 0.382 0.381 0.396 0.41 0.409 0.379
0.374 0.403 0.364 0.359 0.374 0.404 0.397 0.359
0.359 0.368 0.343 0.333 0.361 0.383 0.38 0.322
0.326 0.379 0.302 0.302 0.328 0.373 0.373 0.313
0.358 0.356 0.335 0.335 0.361 0.36 0.343 0.307
0.391 0.435 0.364 0.364 0.39 0.376 0.371 0.346
0.331 0.352 0.319 0.318 0.333 0.37 0.366 0.292
0.399 0.412 0.379 0.376 0.39 0.428 0.406 0.352
0.377 0.406 0.364 0.361 0.38 0.407 0.406 0.364
0.326 0.372 0.308 0.308 0.327 0.392 0.391 0.318
0.373 0.396 0.359 0.363 0.373 0.381 0.378 0.329
0.344 0.37 0.33 0.32 0.352 0.371 0.372 0.325
0.386 0.417 0.358 0.365 0.386 0.38 0.381 0.332
0.364 0.397 0.324 0.337 0.363 0.387 0.383 0.344
0.421 0.431 0.406 0.406 0.422 0.434 0.43 0.431
0.362 0.384 0.332 0.336 0.35 0.402 0.4 0.325
0.338 0.35 0.321 0.318 0.337 0.379 0.38 0.322
0.433 0.428 0.426 0.417 0.432 0.414 0.414 0.405
0.42 0.458 0.389 0.403 0.427 0.404 0.407 0.393
0.406 0.434 0.379 0.376 0.403 0.394 0.394 0.335
0.405 0.399 0.374 0.374 0.396 0.418 0.407 0.382
0.403 0.406 0.396 0.383 0.408 0.375 0.375 0.356
0.415 0.454 0.395 0.396 0.418 0.418 0.418 0.391
0.398 0.395 0.364 0.356 0.384 0.388 0.388 0.353
0.385 0.409 0.367 0.371 0.39 0.43 0.415 0.366
0.356 0.393 0.328 0.326 0.347 0.364 0.352 0.297
0.356 0.41 0.342 0.339 0.356 0.395 0.393 0.332
0.358 0.353 0.339 0.329 0.354 0.398 0.398 0.325
0.378 0.393 0.357 0.356 0.379 0.368 0.363 0.317
0.381 0.402 0.352 0.357 0.374 0.386 0.38 0.341
0.395 0.388 0.387 0.388 0.4 0.407 0.407 0.39
0.37 0.384 0.349 0.346 0.37 0.348 0.348 0.327
0.378 0.368 0.357 0.356 0.378 0.396 0.39 0.342
0.372 0.392 0.35 0.347 0.364 0.393 0.393 0.334
0.393 0.399 0.369 0.365 0.383 0.399 0.398 0.348
0.342 0.371 0.323 0.325 0.343 0.382 0.382 0.347
0.446 0.407 0.409 0.412 0.441 0.429 0.427 0.39
0.369 0.396 0.351 0.346 0.372 0.383 0.385 0.319
0.394 0.418 0.35 0.355 0.371 0.411 0.414 0.368
0.36 0.387 0.342 0.344 0.36 0.435 0.422 0.352
0.363 0.387 0.346 0.348 0.361 0.395 0.394 0.344
0.384 0.385 0.348 0.354 0.381 0.405 0.386 0.322
0.414 0.417 0.395 0.393 0.411 0.381 0.37 0.346
0.376 0.412 0.354 0.348 0.37 0.386 0.385 0.361
0.367 0.396 0.34 0.339 0.36 0.372 0.372 0.324
0.394 0.423 0.361 0.369 0.396 0.38 0.379 0.359
0.393 0.39 0.382 0.38 0.389 0.408 0.408 0.36
0.384 0.396 0.373 0.367 0.392 0.377 0.376 0.35
0.432 0.444 0.42 0.415 0.432 0.422 0.417 0.392
0.362 0.384 0.341 0.34 0.366 0.386 0.387 0.325
0.366 0.378 0.336 0.337 0.36 0.377 0.377 0.335
0.378 0.404 0.361 0.364 0.384 0.377 0.375 0.343
0.428 0.42 0.392 0.399 0.417 0.433 0.435 0.408
0.412 0.437 0.377 0.376 0.406 0.393 0.393 0.35
0.395 0.383 0.373 0.378 0.398 0.373 0.373 0.351
0.388 0.391 0.354 0.364 0.387 0.374 0.369 0.334
0.361 0.39 0.338 0.341 0.36 0.376 0.372 0.34
0.365 0.379 0.342 0.346 0.373 0.417 0.416 0.368
0.336 0.349 0.325 0.33 0.335 0.37 0.37 0.31
0.347 0.356 0.321 0.319 0.347 0.383 0.382 0.317
0.423 0.405 0.403 0.395 0.423 0.391 0.389 0.355
0.359 0.393 0.327 0.34 0.359 0.4 0.389 0.327
0.406 0.4 0.395 0.394 0.411 0.442 0.441 0.405
0.41 0.41 0.399 0.397 0.408 0.403 0.401 0.383
0.37 0.399 0.351 0.346 0.371 0.386 0.387 0.348
0.375 0.384 0.354 0.363 0.389 0.398 0.398 0.348
0.386 0.401 0.368 0.372 0.39 0.388 0.385 0.342
0.359 0.407 0.343 0.335 0.358 0.372 0.373 0.334
0.409 0.429 0.375 0.37 0.391 0.411 0.416 0.355
0.361 0.401 0.344 0.346 0.361 0.384 0.379 0.349
0.373 0.386 0.348 0.349 0.373 0.378 0.379 0.323
0.35 0.375 0.334 0.331 0.353 0.413 0.41 0.345
0.334 0.338 0.306 0.305 0.317 0.347 0.345 0.267
0.387 0.391 0.354 0.349 0.375 0.394 0.394 0.344
0.386 0.4 0.366 0.368 0.387 0.387 0.384 0.357
0.362 0.396 0.347 0.346 0.362 0.35 0.351 0.32
0.431 0.433 0.402 0.393 0.422 0.425 0.427 0.406
0.33 0.352 0.32 0.317 0.33 0.345 0.343 0.299
0.414 0.442 0.373 0.372 0.396 0.417 0.412 0.368
0.365 0.391 0.35 0.346 0.363 0.394 0.392 0.335
0.441 0.452 0.41 0.409 0.432 0.463 0.462 0.41
0.351 0.358 0.333 0.338 0.355 0.377 0.377 0.349
0.364 0.388 0.349 0.349 0.365 0.4 0.401 0.345
0.323 0.348 0.312 0.319 0.323 0.366 0.366 0.329
0.339 0.35 0.331 0.321 0.339 0.391 0.393 0.314
0.369 0.387 0.353 0.35 0.37 0.364 0.365 0.355
0.377 0.398 0.357 0.352 0.375 0.436 0.432 0.362
0.433 0.437 0.41 0.414 0.439 0.471 0.473 0.414
0.374 0.401 0.355 0.346 0.373 0.422 0.424 0.363
0.392 0.411 0.369 0.377 0.392 0.389 0.389 0.333
0.385 0.418 0.347 0.352 0.373 0.392 0.381 0.358
0.379 0.399 0.341 0.344 0.364 0.402 0.4 0.341
0.366 0.374 0.331 0.327 0.347 0.345 0.344 0.301
0.388 0.421 0.367 0.366 0.389 0.382 0.379 0.344
0.383 0.393 0.358 0.366 0.386 0.398 0.398 0.351
0.352 0.362 0.333 0.328 0.354 0.372 0.371 0.295
0.377 0.438 0.373 0.369 0.387 0.412 0.412 0.375
0.383 0.405 0.37 0.369 0.383 0.41 0.403 0.359
0.39 0.395 0.377 0.38 0.39 0.39 0.392 0.344
0.369 0.402 0.358 0.353 0.372 0.382 0.382 0.331
0.363 0.36 0.339 0.341 0.361 0.392 0.392 0.342
0.345 0.35 0.324 0.328 0.345 0.392 0.381 0.343
0.397 0.457 0.374 0.379 0.397 0.4 0.406 0.361
0.395 0.417 0.357 0.365 0.382 0.382 0.378 0.336
0.412 0.408 0.385 0.382 0.412 0.413 0.414 0.375
0.399 0.412 0.38 0.374 0.398 0.388 0.388 0.351
0.38 0.396 0.356 0.361 0.378 0.389 0.39 0.359
0.381 0.382 0.366 0.362 0.377 0.395 0.395 0.332
0.418 0.433 0.395 0.388 0.425 0.402 0.402 0.407
0.399 0.407 0.387 0.382 0.398 0.414 0.414 0.364
0.396 0.438 0.378 0.378 0.398 0.397 0.396 0.352
0.347 0.339 0.316 0.315 0.33 0.385 0.383 0.324
0.356 0.379 0.343 0.34 0.356 0.423 0.422 0.355
0.384 0.4 0.358 0.367 0.386 0.409 0.403 0.366
0.433 0.419 0.415 0.417 0.432 0.445 0.445 0.392
0.379 0.383 0.361 0.358 0.381 0.396 0.396 0.354
0.408 0.42 0.381 0.389 0.401 0.371 0.371 0.339
0.367 0.368 0.327 0.343 0.358 0.349 0.347 0.316
0.375 0.413 0.342 0.349 0.37 0.411 0.395 0.364
0.387 0.412 0.357 0.36 0.387 0.406 0.4 0.339
0.369 0.404 0.362 0.36 0.37 0.38 0.38 0.354
0.399 0.387 0.364 0.355 0.385 0.388 0.388 0.339
0.384 0.403 0.372 0.381 0.385 0.411 0.411 0.374
0.385 0.439 0.367 0.37 0.386 0.407 0.407 0.348
0.401 0.439 0.385 0.383 0.402 0.42 0.42 0.366
0.412 0.436 0.385 0.391 0.414 0.434 0.437 0.371
0.397 0.409 0.379 0.373 0.395 0.376 0.376 0.355
0.393 0.392 0.368 0.357 0.377 0.364 0.364 0.302
0.344 0.362 0.331 0.327 0.341 0.364 0.357 0.302
0.34 0.356 0.332 0.329 0.339 0.395 0.391 0.326
0.394 0.417 0.382 0.379 0.394 0.413 0.414 0.366
0.331 0.368 0.32 0.315 0.332 0.392 0.391 0.313
0.366 0.391 0.346 0.345 0.367 0.386 0.386 0.351
0.416 0.434 0.405 0.407 0.413 0.407 0.408 0.386
0.403 0.429 0.377 0.378 0.393 0.401 0.402 0.371
0.395 0.401 0.375 0.374 0.395 0.425 0.422 0.358
0.365 0.393 0.344 0.343 0.376 0.408 0.398 0.349
0.384 0.363 0.36 0.349 0.371 0.38 0.38 0.303
0.372 0.412 0.348 0.354 0.374 0.381 0.382 0.345
0.358 0.393 0.338 0.334 0.346 0.386 0.387 0.337
0.365 0.358 0.354 0.351 0.362 0.395 0.391 0.349
0.363 0.372 0.342 0.344 0.363 0.367 0.368 0.311
0.373 0.382 0.351 0.356 0.374 0.381 0.381 0.31
0.368 0.411 0.341 0.343 0.367 0.392 0.392 0.343
0.407 0.437 0.391 0.381 0.408 0.434 0.427 0.383
0.329 0.374 0.316 0.312 0.33 0.378 0.378 0.328
0.388 0.386 0.366 0.367 0.392 0.363 0.363 0.326
0.393 0.402 0.352 0.357 0.381 0.388 0.381 0.325
0.352 0.384 0.334 0.335 0.35 0.394 0.39 0.327
0.385 0.437 0.356 0.365 0.386 0.377 0.37 0.336
0.425 0.43 0.403 0.401 0.414 0.429 0.425 0.383
0.374 0.389 0.35 0.353 0.374 0.369 0.36 0.31
0.359 0.377 0.34 0.336 0.357 0.367 0.367 0.335
0.367 0.355 0.344 0.346 0.36 0.382 0.382 0.342
0.36 0.374 0.341 0.344 0.36 0.364 0.364 0.309
0.391 0.4 0.355 0.351 0.376 0.379 0.379 0.344
0.346 0.352 0.328 0.333 0.345 0.351 0.351 0.31
0.4 0.437 0.387 0.378 0.401 0.382 0.382 0.36
0.347 0.382 0.33 0.329 0.35 0.359 0.361 0.322
0.371 0.373 0.354 0.352 0.372 0.392 0.389 0.328
0.396 0.412 0.361 0.369 0.384 0.386 0.377 0.355
0.329 0.369 0.316 0.314 0.331 0.392 0.391 0.328
0.371 0.375 0.359 0.353 0.373 0.403 0.404 0.358
0.38 0.433 0.364 0.37 0.383 0.397 0.402 0.366
0.374 0.362 0.35 0.34 0.359 0.377 0.377 0.335
0.348 0.377 0.336 0.324 0.348 0.352 0.346 0.299
0.371 0.403 0.356 0.351 0.371 0.378 0.376 0.333
0.387 0.386 0.35 0.352 0.371 0.381 0.371 0.334
0.387 0.393 0.356 0.359 0.386 0.375 0.375 0.334
0.4 0.419 0.367 0.372 0.399 0.391 0.381 0.352
0.383 0.41 0.366 0.367 0.389 0.364 0.365 0.35
0.337 0.362 0.325 0.322 0.338 0.353 0.353 0.314
0.354 0.388 0.337 0.327 0.356 0.388 0.39 0.346
0.38 0.384 0.359 0.371 0.384 0.39 0.39 0.367
0.365 0.393 0.347 0.346 0.376 0.361 0.362 0.338
0.394 0.429 0.362 0.365 0.383 0.418 0.4 0.325
0.352 0.374 0.325 0.323 0.341 0.36 0.352 0.298
0.37 0.383 0.34 0.341 0.356 0.402 0.402 0.366
0.363 0.37 0.344 0.352 0.363 0.388 0.388 0.318
0.371 0.397 0.351 0.349 0.368 0.422 0.411 0.382
0.392 0.424 0.374 0.373 0.393 0.407 0.413 0.378
0.37 0.401 0.348 0.347 0.371 0.375 0.371 0.335
0.379 0.375 0.346 0.346 0.37 0.383 0.383 0.342
0.411 0.426 0.378 0.386 0.397 0.418 0.415 0.37
0.41 0.439 0.393 0.396 0.41 0.405 0.405 0.336
0.39 0.451 0.377 0.37 0.388 0.393 0.393 0.336
0.371 0.391 0.34 0.341 0.369 0.39 0.391 0.352
0.359 0.382 0.337 0.346 0.361 0.39 0.39 0.316
0.333 0.364 0.31 0.314 0.333 0.366 0.362 0.289
0.384 0.386 0.367 0.366 0.385 0.406 0.403 0.377
0.345 0.371 0.324 0.318 0.349 0.386 0.378 0.301
0.389 0.438 0.348 0.352 0.367 0.392 0.391 0.345
0.349 0.37 0.332 0.32 0.348 0.378 0.378 0.325
0.43 0.449 0.411 0.401 0.428 0.428 0.413 0.373
0.354 0.4 0.34 0.344 0.348 0.392 0.392 0.338
0.383 0.403 0.345 0.358 0.37 0.375 0.375 0.343
0.351 0.378 0.328 0.328 0.353 0.379 0.379 0.302
0.375 0.393 0.359 0.364 0.375 0.385 0.379 0.324
0.397 0.446 0.368 0.374 0.388 0.397 0.396 0.376
0.388 0.393 0.356 0.363 0.388 0.389 0.379 0.332
0.384 0.393 0.371 0.368 0.384 0.403 0.403 0.343
0.374 0.41 0.342 0.346 0.363 0.394 0.385 0.318
0.402 0.418 0.389 0.392 0.403 0.396 0.385 0.381
0.408 0.425 0.391 0.392 0.412 0.389 0.389 0.349
0.405 0.403 0.375 0.377 0.396 0.384 0.383 0.347
0.375 0.388 0.358 0.364 0.374 0.385 0.385 0.363
0.363 0.369 0.357 0.35 0.365 0.381 0.377 0.331
0.346 0.381 0.331 0.327 0.346 0.387 0.363 0.324
0.378 0.368 0.355 0.346 0.369 0.387 0.386 0.353
0.327 0.355 0.306 0.302 0.327 0.373 0.373 0.326
0.367 0.387 0.349 0.343 0.356 0.427 0.424 0.356
0.383 0.41 0.36 0.359 0.372 0.383 0.382 0.325
0.4 0.405 0.375 0.384 0.401 0.414 0.412 0.347
0.373 0.408 0.357 0.355 0.372 0.385 0.381 0.339
0.367 0.378 0.36 0.351 0.372 0.385 0.384 0.351
0.412 0.434 0.379 0.377 0.394 0.421 0.423 0.374
0.351 0.343 0.332 0.33 0.351 0.4 0.399 0.333
0.378 0.429 0.35 0.361 0.377 0.409 0.407 0.371
0.404 0.415 0.371 0.38 0.401 0.394 0.395 0.364
0.361 0.395 0.345 0.346 0.367 0.367 0.36 0.331
0.384 0.403 0.374 0.366 0.384 0.418 0.412 0.356
0.392 0.421 0.367 0.367 0.387 0.363 0.361 0.336
0.35 0.36 0.338 0.339 0.351 0.354 0.352 0.305
0.374 0.361 0.338 0.329 0.354 0.389 0.375 0.315
0.367 0.398 0.352 0.354 0.359 0.365 0.356 0.321
0.386 0.393 0.365 0.365 0.387 0.4 0.399 0.342
0.371 0.399 0.352 0.351 0.371 0.417 0.407 0.336
0.386 0.427 0.362 0.362 0.388 0.399 0.391 0.334
0.381 0.395 0.348 0.36 0.38 0.401 0.402 0.353
0.351 0.395 0.338 0.336 0.353 0.364 0.363 0.34
0.39 0.408 0.362 0.355 0.383 0.37 0.37 0.341
0.384 0.382 0.37 0.37 0.384 0.412 0.409 0.339
0.404 0.442 0.378 0.371 0.406 0.407 0.405 0.363
0.451 0.461 0.436 0.428 0.454 0.423 0.422 0.441
0.393 0.413 0.381 0.384 0.394 0.416 0.417 0.353
0.399 0.426 0.389 0.385 0.398 0.42 0.423 0.389
0.416 0.443 0.385 0.376 0.396 0.399 0.405 0.366
0.436 0.438 0.411 0.411 0.438 0.409 0.408 0.354
0.386 0.397 0.357 0.359 0.373 0.384 0.384 0.325
0.38 0.426 0.355 0.356 0.381 0.424 0.418 0.354
0.366 0.379 0.348 0.348 0.367 0.393 0.394 0.342
0.378 0.399 0.355 0.362 0.38 0.394 0.379 0.356
0.363 0.374 0.341 0.342 0.363 0.377 0.377 0.325
0.374 0.413 0.355 0.35 0.373 0.403 0.403 0.361
0.407 0.416 0.39 0.381 0.409 0.407 0.407 0.34
0.366 0.389 0.346 0.353 0.363 0.374 0.37 0.337
0.329 0.349 0.316 0.313 0.328 0.367 0.354 0.3
0.371 0.411 0.352 0.349 0.369 0.402 0.398 0.359
0.343 0.386 0.323 0.329 0.345 0.386 0.385 0.334
0.368 0.416 0.352 0.351 0.369 0.362 0.363 0.343
0.388 0.41 0.356 0.362 0.388 0.382 0.382 0.323
0.376 0.384 0.357 0.356 0.373 0.388 0.385 0.352
0.384 0.403 0.368 0.365 0.384 0.402 0.401 0.336
0.358 0.386 0.339 0.33 0.36 0.379 0.381 0.311
0.377 0.375 0.336 0.336 0.366 0.382 0.38 0.333
0.385 0.378 0.359 0.364 0.39 0.427 0.422 0.379
0.348 0.399 0.336 0.336 0.347 0.421 0.402 0.356
0.374 0.396 0.361 0.354 0.377 0.384 0.383 0.335
0.366 0.386 0.341 0.343 0.369 0.378 0.381 0.321
0.404 0.409 0.38 0.389 0.404 0.405 0.403 0.344
0.392 0.415 0.372 0.369 0.389 0.368 0.368 0.349
0.358 0.375 0.329 0.329 0.359 0.398 0.377 0.322
0.359 0.356 0.343 0.342 0.359 0.392 0.392 0.319
0.402 0.407 0.384 0.384 0.406 0.405 0.405 0.365
0.381 0.396 0.362 0.359 0.376 0.4 0.398 0.328
0.373 0.414 0.351 0.354 0.385 0.395 0.378 0.314
0.395 0.425 0.371 0.367 0.396 0.407 0.407 0.354
0.41 0.416 0.4 0.396 0.411 0.391 0.392 0.363
0.434 0.47 0.417 0.41 0.435 0.4 0.4 0.395
0.397 0.424 0.378 0.382 0.396 0.41 0.406 0.404
0.359 0.367 0.325 0.327 0.349 0.385 0.385 0.318
0.336 0.373 0.315 0.312 0.326 0.371 0.371 0.33
0.396 0.432 0.372 0.37 0.388 0.407 0.407 0.375
0.345 0.401 0.326 0.327 0.345 0.386 0.379 0.333
0.409 0.425 0.385 0.393 0.407 0.363 0.363 0.348
0.346 0.389 0.32 0.328 0.347 0.388 0.379 0.328
0.382 0.403 0.365 0.363 0.382 0.41 0.41 0.36
0.443 0.436 0.422 0.423 0.449 0.416 0.416 0.383
0.41 0.407 0.39 0.379 0.41 0.425 0.427 0.411
0.354 0.359 0.339 0.338 0.359 0.39 0.382 0.346
0.397 0.415 0.376 0.379 0.418 0.418 0.417 0.394
0.347 0.357 0.33 0.323 0.347 0.351 0.353 0.33
0.381 0.389 0.366 0.365 0.38 0.422 0.422 0.357
0.345 0.359 0.323 0.325 0.346 0.383 0.386 0.315
0.383 0.403 0.369 0.368 0.382 0.435 0.437 0.376
0.341 0.349 0.321 0.325 0.338 0.353 0.353 0.319
0.363 0.402 0.345 0.344 0.364 0.374 0.374 0.332
0.358 0.363 0.334 0.332 0.356 0.416 0.414 0.334
0.417 0.421 0.388 0.382 0.406 0.425 0.421 0.367
0.363 0.373 0.334 0.34 0.353 0.374 0.373 0.318
0.352 0.375 0.332 0.335 0.352 0.368 0.36 0.33
0.396 0.425 0.374 0.367 0.398 0.439 0.436 0.382
0.351 0.353 0.337 0.339 0.351 0.402 0.401 0.368
0.387 0.418 0.358 0.358 0.392 0.356 0.357 0.355
0.352 0.389 0.341 0.332 0.351 0.397 0.396 0.336
0.401 0.408 0.377 0.375 0.401 0.413 0.412 0.361
0.412 0.424 0.391 0.399 0.411 0.402 0.402 0.346
0.375 0.414 0.362 0.353 0.378 0.436 0.434 0.361
0.38 0.396 0.356 0.359 0.366 0.376 0.373 0.366
0.371 0.377 0.348 0.346 0.372 0.378 0.379 0.336
0.365 0.406 0.338 0.342 0.362 0.397 0.396 0.336
0.372 0.377 0.353 0.358 0.377 0.383 0.38 0.346
0.406 0.409 0.377 0.379 0.407 0.401 0.392 0.373
0.354 0.369 0.338 0.339 0.354 0.367 0.366 0.323
0.383 0.418 0.37 0.362 0.383 0.395 0.381 0.332
0.393 0.394 0.375 0.374 0.394 0.389 0.389 0.349
0.449 0.46 0.43 0.433 0.449 0.419 0.429 0.402
0.378 0.411 0.348 0.348 0.369 0.396 0.396 0.36
0.351 0.377 0.335 0.336 0.35 0.352 0.349 0.33
0.416 0.438 0.403 0.402 0.412 0.413 0.408 0.372
0.397 0.405 0.36 0.369 0.38 0.434 0.426 0.393
0.361 0.394 0.341 0.335 0.363 0.393 0.383 0.352
0.38 0.396 0.366 0.353 0.368 0.386 0.386 0.36
0.356 0.385 0.342 0.348 0.359 0.394 0.394 0.341
0.33 0.354 0.317 0.319 0.33 0.373 0.37 0.319
0.417 0.464 0.386 0.39 0.423 0.437 0.436 0.397
0.403 0.415 0.385 0.38 0.403 0.394 0.399 0.338
0.417 0.43 0.405 0.4 0.418 0.43 0.43 0.391
0.341 0.34 0.324 0.323 0.343 0.402 0.395 0.33
0.36 0.369 0.338 0.343 0.367 0.371 0.373 0.313
0.369 0.413 0.358 0.354 0.369 0.415 0.402 0.35
0.356 0.382 0.342 0.345 0.356 0.402 0.401 0.34
0.376 0.357 0.34 0.34 0.364 0.371 0.36 0.333
0.426 0.448 0.391 0.385 0.413 0.427 0.429 0.384
0.413 0.433 0.383 0.387 0.405 0.396 0.395 0.358
0.378 0.424 0.348 0.342 0.363 0.403 0.399 0.368
0.402 0.392 0.378 0.385 0.4 0.389 0.38 0.367
0.384 0.403 0.355 0.357 0.372 0.392 0.391 0.328
0.428 0.432 0.411 0.408 0.429 0.437 0.429 0.386
0.357 0.399 0.353 0.353 0.358 0.397 0.389 0.312
0.368 0.342 0.351 0.347 0.367 0.401 0.402 0.368
0.359 0.416 0.348 0.342 0.354 0.398 0.398 0.33
0.343 0.352 0.328 0.331 0.343 0.357 0.357 0.319
0.375 0.396 0.363 0.36 0.379 0.38 0.378 0.346
0.386 0.416 0.36 0.37 0.385 0.391 0.391 0.346
0.383 0.393 0.367 0.363 0.383 0.394 0.383 0.362
0.322 0.355 0.308 0.309 0.33 0.356 0.355 0.317
0.363 0.425 0.351 0.354 0.375 0.367 0.365 0.339
0.326 0.358 0.309 0.311 0.327 0.346 0.347 0.338
0.369 0.387 0.367 0.359 0.369 0.407 0.404 0.358
0.364 0.394 0.351 0.348 0.365 0.379 0.378 0.33
0.356 0.354 0.335 0.332 0.361 0.357 0.357 0.315
0.347 0.372 0.315 0.324 0.348 0.351 0.35 0.307
0.375 0.432 0.349 0.352 0.375 0.399 0.398 0.316
0.316 0.36 0.31 0.306 0.32 0.365 0.365 0.312
0.402 0.402 0.379 0.37 0.399 0.391 0.392 0.372
0.354 0.379 0.342 0.343 0.355 0.409 0.409 0.345
0.368 0.394 0.361 0.354 0.369 0.412 0.412 0.351
0.39 0.411 0.378 0.368 0.396 0.371 0.368 0.335
0.326 0.327 0.314 0.315 0.33 0.36 0.365 0.331
0.373 0.384 0.336 0.334 0.366 0.38 0.386 0.337
0.376 0.402 0.337 0.333 0.371 0.374 0.367 0.309
0.357 0.371 0.342 0.342 0.36 0.372 0.366 0.326
0.384 0.408 0.362 0.364 0.384 0.369 0.369 0.332
0.343 0.36 0.329 0.327 0.348 0.323 0.322 0.28
0.379 0.388 0.359 0.362 0.375 0.386 0.386 0.326
0.353 0.372 0.33 0.328 0.353 0.366 0.366 0.331
0.381 0.393 0.359 0.362 0.381 0.372 0.372 0.356
0.358 0.382 0.338 0.347 0.359 0.357 0.346 0.317
0.357 0.334 0.351 0.346 0.359 0.39 0.377 0.333
0.385 0.404 0.37 0.367 0.398 0.374 0.37 0.351
0.371 0.408 0.354 0.363 0.371 0.379 0.379 0.339
0.346 0.344 0.326 0.325 0.346 0.347 0.358 0.312
0.388 0.417 0.355 0.354 0.375 0.391 0.391 0.346
0.394 0.405 0.378 0.375 0.388 0.428 0.423 0.372
0.363 0.402 0.34 0.346 0.368 0.378 0.377 0.342
0.332 0.339 0.318 0.321 0.335 0.381 0.374 0.336
0.377 0.415 0.366 0.369 0.377 0.401 0.396 0.368
0.402 0.421 0.382 0.377 0.401 0.426 0.426 0.375
0.384 0.382 0.354 0.354 0.374 0.367 0.367 0.321
0.351 0.389 0.331 0.336 0.351 0.388 0.39 0.335
0.388 0.387 0.357 0.36 0.384 0.383 0.378 0.345
0.374 0.4 0.347 0.339 0.372 0.385 0.385 0.331
0.367 0.394 0.331 0.336 0.352 0.389 0.388 0.333
0.374 0.403 0.341 0.339 0.366 0.37 0.369 0.327
0.377 0.408 0.352 0.35 0.376 0.382 0.382 0.325
0.436 0.44 0.412 0.411 0.437 0.418 0.418 0.397
0.336 0.37 0.319 0.317 0.337 0.352 0.344 0.302
0.32 0.336 0.303 0.298 0.32 0.38 0.366 0.317
0.441 0.456 0.416 0.417 0.442 0.413 0.408 0.373
0.342 0.364 0.319 0.322 0.342 0.361 0.361 0.33
0.369 0.402 0.348 0.354 0.369 0.362 0.362 0.325
0.378 0.377 0.375 0.369 0.389 0.388 0.389 0.354
0.395 0.401 0.368 0.363 0.381 0.38 0.379 0.329
0.375 0.383 0.36 0.357 0.375 0.382 0.381 0.325
0.403 0.415 0.374 0.37 0.398 0.384 0.383 0.363
0.391 0.399 0.373 0.371 0.381 0.382 0.381 0.332
0.375 0.412 0.347 0.35 0.37 0.376 0.379 0.337
0.354 0.369 0.326 0.32 0.343 0.371 0.362 0.304
0.403 0.408 0.381 0.375 0.401 0.419 0.409 0.35
0.345 0.375 0.332 0.329 0.345 0.378 0.378 0.327
0.347 0.358 0.329 0.33 0.351 0.379 0.381 0.362
0.353 0.363 0.338 0.339 0.365 0.387 0.386 0.347
0.372 0.389 0.344 0.344 0.368 0.416 0.418 0.363
0.395 0.409 0.353 0.356 0.376 0.394 0.397 0.343
0.371 0.376 0.349 0.349 0.36 0.359 0.363 0.32
0.319 0.355 0.298 0.3 0.317 0.349 0.348 0.302
0.375 0.398 0.343 0.347 0.373 0.389 0.386 0.359
0.373 0.384 0.345 0.344 0.369 0.356 0.355 0.314
0.362 0.388 0.337 0.333 0.363 0.375 0.375 0.355
0.322 0.317 0.306 0.306 0.323 0.346 0.346 0.306
0.345 0.379 0.336 0.334 0.35 0.381 0.365 0.317
0.386 0.363 0.37 0.36 0.386 0.402 0.402 0.355
0.428 0.448 0.4 0.403 0.415 0.376 0.375 0.364
0.401 0.412 0.38 0.384 0.4 0.378 0.382 0.341
0.355 0.379 0.332 0.335 0.356 0.376 0.378 0.354
0.398 0.413 0.385 0.386 0.399 0.431 0.422 0.38
0.394 0.409 0.375 0.371 0.395 0.417 0.417 0.382
0.361 0.39 0.343 0.349 0.366 0.396 0.394 0.329
0.329 0.365 0.317 0.312 0.33 0.385 0.385 0.304
0.42 0.436 0.39 0.39 0.408 0.417 0.418 0.378
0.355 0.38 0.345 0.336 0.358 0.397 0.391 0.329
0.399 0.412 0.384 0.379 0.4 0.39 0.39 0.357
0.412 0.441 0.403 0.394 0.411 0.39 0.383 0.334
0.403 0.452 0.379 0.374 0.4 0.413 0.417 0.375
0.357 0.378 0.338 0.339 0.356 0.381 0.377 0.302
0.366 0.372 0.336 0.337 0.358 0.378 0.378 0.335
0.376 0.396 0.353 0.356 0.373 0.396 0.396 0.351
0.388 0.424 0.372 0.373 0.393 0.408 0.408 0.358
0.399 0.408 0.38 0.383 0.4 0.417 0.417 0.359
0.356 0.359 0.339 0.335 0.356 0.376 0.374 0.343
0.397 0.42 0.377 0.38 0.403 0.421 0.42 0.369
0.383 0.393 0.351 0.352 0.375 0.384 0.384 0.335
0.363 0.377 0.354 0.345 0.363 0.354 0.355 0.317
0.346 0.365 0.332 0.326 0.347 0.407 0.407 0.373
0.365 0.405 0.343 0.345 0.365 0.401 0.402 0.355
0.349 0.362 0.326 0.335 0.349 0.358 0.358 0.31
0.344 0.375 0.32 0.321 0.345 0.394 0.394 0.319
0.369 0.378 0.324 0.336 0.363 0.382 0.383 0.327
0.354 0.398 0.325 0.32 0.344 0.355 0.353 0.316
0.358 0.389 0.342 0.347 0.358 0.352 0.352 0.304
0.354 0.374 0.347 0.34 0.357 0.361 0.361 0.321
0.325 0.34 0.304 0.306 0.328 0.367 0.365 0.329
0.364 0.383 0.34 0.343 0.362 0.368 0.355 0.312
0.358 0.367 0.339 0.34 0.361 0.38 0.381 0.318
0.36 0.386 0.335 0.348 0.368 0.39 0.39 0.315
0.385 0.442 0.372 0.369 0.388 0.389 0.385 0.337
0.382 0.41 0.345 0.355 0.365 0.361 0.361 0.314
0.43 0.427 0.411 0.401 0.429 0.436 0.433 0.386
0.344 0.352 0.33 0.334 0.343 0.377 0.377 0.341
0.383 0.425 0.357 0.351 0.374 0.388 0.388 0.333
0.375 0.381 0.36 0.36 0.375 0.391 0.384 0.338
0.399 0.403 0.383 0.382 0.399 0.407 0.408 0.346
0.362 0.374 0.344 0.352 0.358 0.373 0.353 0.312
0.397 0.416 0.374 0.379 0.399 0.379 0.382 0.336
0.337 0.354 0.317 0.315 0.335 0.388 0.387 0.312
0.357 0.399 0.337 0.334 0.356 0.393 0.389 0.361
0.403 0.415 0.375 0.376 0.388 0.42 0.42 0.382
0.382 0.389 0.364 0.361 0.383 0.372 0.371 0.308
0.368 0.397 0.342 0.344 0.359 0.375 0.375 0.324
0.387 0.413 0.362 0.362 0.384 0.381 0.379 0.342
0.357 0.372 0.345 0.341 0.363 0.388 0.382 0.299
0.364 0.371 0.346 0.339 0.364 0.388 0.385 0.317
0.342 0.374 0.317 0.315 0.34 0.36 0.359 0.305
0.378 0.394 0.347 0.346 0.379 0.405 0.405 0.352
0.384 0.419 0.362 0.357 0.386 0.396 0.393 0.368
0.409 0.446 0.39 0.386 0.415 0.372 0.354 0.334
0.425 0.469 0.416 0.418 0.427 0.419 0.419 0.382
0.374 0.394 0.353 0.349 0.376 0.394 0.394 0.353
0.404 0.399 0.373 0.378 0.392 0.417 0.418 0.383
0.379 0.401 0.371 0.365 0.379 0.401 0.4 0.342
0.399 0.427 0.382 0.382 0.399 0.431 0.431 0.392
0.342 0.374 0.324 0.324 0.342 0.366 0.366 0.298
0.351 0.362 0.341 0.339 0.35 0.431 0.428 0.359
0.397 0.396 0.366 0.362 0.388 0.402 0.402 0.369
0.375 0.38 0.361 0.355 0.376 0.38 0.377 0.328
0.362 0.379 0.338 0.345 0.363 0.377 0.376 0.332
0.391 0.416 0.35 0.355 0.379 0.392 0.39 0.345
0.403 0.398 0.382 0.386 0.409 0.414 0.415 0.357
0.374 0.414 0.346 0.358 0.376 0.404 0.404 0.329
0.355 0.365 0.328 0.325 0.349 0.357 0.358 0.331
0.37 0.404 0.364 0.359 0.37 0.415 0.415 0.361
0.372 0.374 0.354 0.353 0.372 0.373 0.375 0.349
0.358 0.387 0.347 0.354 0.365 0.391 0.391 0.346
0.348 0.375 0.331 0.336 0.349 0.386 0.386 0.333
0.376 0.408 0.357 0.356 0.369 0.407 0.403 0.364
0.388 0.391 0.368 0.365 0.386 0.393 0.382 0.335
0.401 0.366 0.382 0.383 0.404 0.413 0.405 0.35
0.402 0.373 0.391 0.383 0.401 0.378 0.383 0.338
0.429 0.483 0.389 0.382 0.421 0.392 0.383 0.345
0.395 0.427 0.381 0.377 0.394 0.405 0.406 0.386
0.371 0.379 0.342 0.348 0.369 0.425 0.413 0.328
0.381 0.398 0.364 0.358 0.38 0.381 0.372 0.333
0.4 0.416 0.378 0.387 0.401 0.399 0.399 0.372
0.369 0.376 0.352 0.353 0.371 0.405 0.406 0.332
0.375 0.419 0.363 0.363 0.377 0.375 0.374 0.372
0.33 0.338 0.324 0.321 0.33 0.374 0.366 0.305
0.352 0.38 0.337 0.33 0.345 0.388 0.388 0.313
0.344 0.344 0.33 0.329 0.344 0.372 0.38 0.318
0.375 0.398 0.358 0.352 0.376 0.341 0.342 0.32
0.41 0.409 0.379 0.375 0.405 0.44 0.436 0.367
0.336 0.334 0.314 0.314 0.327 0.377 0.377 0.309
0.329 0.342 0.319 0.323 0.329 0.382 0.381 0.312
0.39 0.399 0.363 0.372 0.39 0.375 0.372 0.327
0.364 0.386 0.342 0.343 0.367 0.398 0.398 0.347
0.37 0.407 0.344 0.343 0.371 0.415 0.393 0.329
0.411 0.416 0.392 0.397 0.412 0.41 0.41 0.385
0.36 0.393 0.327 0.331 0.357 0.401 0.383 0.341
0.4 0.419 0.374 0.383 0.4 0.371 0.371 0.348
0.364 0.371 0.336 0.338 0.354 0.391 0.391 0.338
0.417 0.44 0.393 0.384 0.416 0.391 0.39 0.351
0.369 0.365 0.351 0.356 0.376 0.384 0.383 0.348
0.386 0.424 0.373 0.366 0.389 0.386 0.386 0.362
0.351 0.362 0.319 0.324 0.34 0.362 0.352 0.321
0.386 0.376 0.364 0.365 0.385 0.41 0.411 0.37
0.371 0.381 0.346 0.35 0.372 0.389 0.379 0.322
0.398 0.421 0.371 0.379 0.398 0.386 0.375 0.325
0.375 0.393 0.344 0.344 0.365 0.407 0.408 0.339
0.384 0.412 0.364 0.359 0.384 0.401 0.4 0.354
0.334 0.35 0.315 0.311 0.334 0.352 0.351 0.305
0.363 0.385 0.333 0.338 0.36 0.359 0.362 0.338
0.378 0.417 0.341 0.336 0.365 0.362 0.358 0.329
0.368 0.358 0.339 0.338 0.361 0.409 0.41 0.344
0.396 0.417 0.38 0.38 0.395 0.393 0.398 0.342
0.367 0.389 0.335 0.342 0.358 0.373 0.373 0.343
0.35 0.388 0.333 0.334 0.35 0.377 0.377 0.33
0.343 0.389 0.321 0.319 0.346 0.363 0.359 0.304
0.383 0.433 0.378 0.377 0.399 0.365 0.365 0.312
0.383 0.394 0.349 0.34 0.37 0.383 0.38 0.317
0.361 0.379 0.338 0.339 0.36 0.389 0.386 0.329
0.36 0.396 0.338 0.339 0.365 0.417 0.412 0.323
0.396 0.419 0.362 0.362 0.381 0.391 0.386 0.337
0.402 0.45 0.373 0.373 0.403 0.4 0.403 0.359
0.351 0.364 0.338 0.339 0.36 0.392 0.39 0.337
0.358 0.409 0.342 0.347 0.359 0.37 0.371 0.328
0.354 0.354 0.324 0.337 0.351 0.373 0.357 0.347
0.402 0.423 0.387 0.38 0.402 0.405 0.397 0.359
0.331 0.375 0.313 0.313 0.331 0.38 0.38 0.323
0.365 0.374 0.334 0.337 0.366 0.37 0.371 0.344
0.354 0.349 0.333 0.326 0.349 0.391 0.379 0.328
0.331 0.382 0.303 0.31 0.331 0.369 0.358 0.322
0.338 0.376 0.319 0.317 0.337 0.344 0.342 0.303
0.364 0.406 0.356 0.348 0.364 0.377 0.374 0.314
0.355 0.383 0.338 0.341 0.355 0.393 0.393 0.348
0.405 0.416 0.382 0.383 0.405 0.383 0.402 0.364
0.376 0.378 0.344 0.338 0.361 0.375 0.368 0.314
0.386 0.397 0.373 0.376 0.389 0.395 0.392 0.359
0.383 0.393 0.365 0.362 0.39 0.386 0.387 0.341
0.356 0.403 0.344 0.348 0.357 0.377 0.377 0.324
0.421 0.415 0.41 0.4 0.429 0.405 0.398 0.395
0.389 0.42 0.356 0.364 0.384 0.396 0.379 0.358
0.38 0.392 0.355 0.354 0.374 0.406 0.407 0.322
0.377 0.372 0.348 0.352 0.376 0.423 0.423 0.35
0.348 0.35 0.333 0.338 0.349 0.377 0.369 0.308
0.356 0.359 0.325 0.33 0.349 0.373 0.373 0.305
0.371 0.382 0.352 0.351 0.371 0.399 0.398 0.358
0.44 0.441 0.403 0.385 0.438 0.395 0.393 0.394
0.423 0.437 0.391 0.384 0.414 0.405 0.405 0.376
0.419 0.469 0.391 0.395 0.424 0.409 0.411 0.375
0.366 0.397 0.352 0.355 0.365 0.406 0.392 0.351
0.369 0.378 0.343 0.341 0.353 0.358 0.356 0.326
0.418 0.446 0.4 0.395 0.419 0.425 0.421 0.407
0.374 0.39 0.35 0.35 0.375 0.372 0.369 0.326
0.386 0.407 0.368 0.373 0.388 0.397 0.383 0.351
0.355 0.378 0.33 0.338 0.358 0.373 0.365 0.31
0.385 0.395 0.367 0.367 0.392 0.389 0.39 0.358
0.375 0.394 0.353 0.356 0.378 0.38 0.381 0.367
0.354 0.385 0.336 0.344 0.372 0.38 0.377 0.35
0.372 0.388 0.345 0.345 0.365 0.363 0.363 0.336
