0.336 0.351 0.331 0.331 0.335 0.343 0.343 0.3
0.356 0.368 0.352 0.351 0.355 0.349 0.349 0.311
0.337 0.358 0.329 0.332 0.341 0.346 0.346 0.298
0.324 0.336 0.324 0.325 0.325 0.356 0.356 0.299
0.326 0.325 0.323 0.322 0.325 0.339 0.339 0.314
0.348 0.334 0.336 0.335 0.338 0.335 0.335 0.288
0.328 0.337 0.327 0.326 0.331 0.32 0.32 0.276
0.322 0.352 0.321 0.322 0.324 0.314 0.314 0.286
0.342 0.361 0.339 0.336 0.344 0.347 0.347 0.294
0.349 0.371 0.35 0.346 0.352 0.347 0.347 0.322
0.331 0.331 0.322 0.324 0.329 0.338 0.338 0.288
0.347 0.344 0.343 0.34 0.345 0.335 0.335 0.298
0.359 0.366 0.347 0.338 0.352 0.315 0.315 0.308
0.314 0.335 0.313 0.309 0.315 0.345 0.344 0.289
0.326 0.328 0.317 0.319 0.324 0.329 0.329 0.271
0.307 0.316 0.3 0.305 0.307 0.349 0.349 0.29
0.32 0.339 0.315 0.317 0.324 0.335 0.335 0.305
0.306 0.314 0.301 0.3 0.304 0.306 0.306 0.291
0.321 0.319 0.316 0.314 0.316 0.339 0.339 0.311
0.345 0.34 0.338 0.337 0.347 0.322 0.322 0.277
0.306 0.335 0.295 0.294 0.296 0.329 0.33 0.292
0.308 0.32 0.297 0.295 0.307 0.336 0.336 0.296
0.335 0.37 0.332 0.326 0.336 0.311 0.311 0.288
0.318 0.324 0.309 0.309 0.31 0.305 0.305 0.283
0.372 0.397 0.37 0.369 0.371 0.388 0.388 0.353
0.314 0.316 0.308 0.311 0.313 0.346 0.342 0.292
0.328 0.33 0.327 0.328 0.332 0.322 0.322 0.288
0.351 0.35 0.345 0.347 0.351 0.327 0.327 0.297
0.306 0.325 0.295 0.292 0.297 0.291 0.291 0.258
0.343 0.362 0.336 0.337 0.344 0.32 0.32 0.299
0.336 0.354 0.332 0.332 0.335 0.347 0.347 0.294
0.286 0.299 0.282 0.28 0.285 0.293 0.293 0.259
0.323 0.322 0.316 0.318 0.32 0.34 0.34 0.293
0.327 0.33 0.319 0.32 0.323 0.342 0.342 0.29
0.325 0.346 0.317 0.323 0.323 0.331 0.331 0.278
0.324 0.335 0.311 0.311 0.322 0.329 0.329 0.283
0.325 0.344 0.317 0.317 0.323 0.337 0.335 0.277
0.36 0.359 0.35 0.354 0.349 0.356 0.356 0.299
0.348 0.344 0.343 0.342 0.346 0.336 0.335 0.287
0.34 0.354 0.331 0.329 0.338 0.367 0.367 0.317
0.366 0.381 0.36 0.363 0.366 0.366 0.366 0.328
0.338 0.321 0.33 0.331 0.336 0.334 0.334 0.29
0.336 0.348 0.334 0.333 0.336 0.349 0.349 0.317
0.32 0.338 0.31 0.31 0.318 0.329 0.329 0.298
0.354 0.353 0.357 0.354 0.36 0.34 0.339 0.291
0.344 0.354 0.339 0.342 0.346 0.327 0.327 0.281
0.36 0.358 0.355 0.356 0.359 0.374 0.356 0.34
0.33 0.33 0.332 0.33 0.333 0.339 0.339 0.31
0.338 0.355 0.331 0.334 0.337 0.356 0.356 0.314
0.332 0.355 0.323 0.322 0.326 0.322 0.322 0.289
0.331 0.347 0.324 0.323 0.326 0.352 0.352 0.311
0.344 0.342 0.336 0.334 0.34 0.321 0.322 0.307
0.367 0.356 0.358 0.363 0.367 0.355 0.355 0.304
0.31 0.319 0.303 0.302 0.312 0.316 0.316 0.283
0.346 0.358 0.336 0.334 0.342 0.353 0.353 0.323
0.35 0.357 0.343 0.344 0.349 0.35 0.35 0.308
0.325 0.334 0.318 0.317 0.325 0.314 0.314 0.273
0.334 0.352 0.33 0.331 0.334 0.376 0.376 0.316
0.278 0.31 0.275 0.268 0.276 0.316 0.315 0.25
0.325 0.342 0.321 0.321 0.325 0.351 0.351 0.296
0.326 0.325 0.316 0.315 0.317 0.331 0.331 0.288
0.35 0.363 0.346 0.343 0.344 0.363 0.363 0.305
0.325 0.344 0.319 0.319 0.324 0.337 0.337 0.295
0.326 0.33 0.318 0.318 0.325 0.319 0.319 0.27
0.336 0.336 0.332 0.331 0.335 0.356 0.356 0.287
0.322 0.338 0.314 0.313 0.321 0.318 0.318 0.266
0.336 0.352 0.331 0.333 0.337 0.346 0.346 0.29
0.323 0.343 0.319 0.323 0.322 0.318 0.318 0.284
0.308 0.316 0.304 0.306 0.307 0.337 0.337 0.284
0.336 0.346 0.331 0.334 0.335 0.369 0.369 0.297
0.323 0.344 0.315 0.313 0.323 0.332 0.333 0.298
0.33 0.339 0.327 0.328 0.332 0.339 0.339 0.292
0.353 0.359 0.346 0.347 0.354 0.345 0.344 0.316
0.305 0.324 0.301 0.301 0.308 0.348 0.345 0.32
0.347 0.38 0.334 0.337 0.345 0.379 0.379 0.316
0.323 0.344 0.322 0.322 0.324 0.333 0.333 0.28
0.33 0.364 0.323 0.321 0.328 0.325 0.325 0.275
0.326 0.328 0.311 0.311 0.317 0.319 0.319 0.291
0.329 0.347 0.321 0.322 0.331 0.319 0.319 0.293
0.314 0.333 0.309 0.308 0.311 0.35 0.35 0.28
0.319 0.335 0.314 0.316 0.312 0.332 0.332 0.279
0.307 0.309 0.299 0.302 0.306 0.319 0.319 0.277
0.338 0.351 0.329 0.331 0.335 0.319 0.319 0.276
0.343 0.355 0.338 0.341 0.347 0.36 0.36 0.3
0.309 0.332 0.306 0.306 0.312 0.341 0.341 0.306
0.327 0.348 0.328 0.329 0.333 0.35 0.35 0.287
0.32 0.324 0.316 0.318 0.316 0.319 0.319 0.284
0.328 0.326 0.321 0.32 0.32 0.33 0.33 0.275
0.333 0.332 0.321 0.319 0.322 0.321 0.322 0.287
0.357 0.352 0.343 0.348 0.35 0.343 0.343 0.305
0.289 0.292 0.288 0.288 0.29 0.302 0.302 0.278
0.334 0.322 0.324 0.324 0.328 0.333 0.333 0.291
0.362 0.373 0.36 0.359 0.361 0.325 0.325 0.29
0.333 0.359 0.33 0.321 0.33 0.369 0.358 0.319
0.321 0.308 0.319 0.316 0.32 0.345 0.345 0.301
0.324 0.326 0.32 0.324 0.323 0.328 0.328 0.268
0.342 0.364 0.339 0.337 0.343 0.321 0.321 0.296
0.321 0.334 0.316 0.314 0.318 0.353 0.352 0.289
0.299 0.29 0.295 0.297 0.298 0.338 0.338 0.282
0.328 0.338 0.325 0.323 0.327 0.356 0.35 0.302
0.317 0.345 0.31 0.311 0.314 0.365 0.365 0.307
0.325 0.338 0.32 0.321 0.324 0.319 0.319 0.296
0.368 0.373 0.359 0.363 0.37 0.334 0.334 0.293
0.339 0.361 0.332 0.329 0.332 0.342 0.342 0.286
0.336 0.375 0.33 0.334 0.343 0.334 0.334 0.289
0.343 0.347 0.341 0.337 0.341 0.336 0.335 0.288
0.307 0.308 0.301 0.299 0.306 0.32 0.32 0.274
0.297 0.307 0.293 0.291 0.298 0.328 0.328 0.266
0.333 0.339 0.328 0.326 0.327 0.343 0.343 0.303
0.346 0.337 0.339 0.338 0.343 0.348 0.345 0.332
0.358 0.359 0.351 0.351 0.358 0.335 0.335 0.323
0.342 0.352 0.336 0.338 0.342 0.342 0.342 0.306
0.351 0.372 0.342 0.344 0.349 0.344 0.344 0.313
0.338 0.333 0.335 0.335 0.335 0.357 0.357 0.324
0.324 0.326 0.311 0.31 0.322 0.319 0.318 0.286
0.335 0.343 0.326 0.33 0.336 0.347 0.347 0.301
0.343 0.352 0.34 0.341 0.342 0.352 0.352 0.299
0.313 0.309 0.306 0.306 0.313 0.311 0.311 0.269
0.329 0.335 0.321 0.32 0.323 0.319 0.319 0.293
0.302 0.317 0.3 0.301 0.303 0.335 0.335 0.278
0.351 0.365 0.338 0.342 0.351 0.36 0.36 0.298
0.346 0.338 0.338 0.336 0.342 0.341 0.341 0.322
0.309 0.315 0.302 0.306 0.306 0.348 0.348 0.286
0.326 0.331 0.32 0.32 0.326 0.336 0.336 0.296
0.321 0.334 0.318 0.316 0.325 0.371 0.351 0.319
0.344 0.367 0.339 0.338 0.344 0.362 0.365 0.334
0.329 0.343 0.328 0.325 0.33 0.321 0.321 0.285
0.345 0.336 0.334 0.331 0.341 0.33 0.33 0.28
0.357 0.352 0.351 0.35 0.354 0.363 0.357 0.327
0.301 0.334 0.298 0.299 0.302 0.326 0.326 0.27
0.323 0.339 0.319 0.315 0.321 0.328 0.328 0.293
0.322 0.331 0.316 0.318 0.326 0.335 0.335 0.284
0.341 0.353 0.337 0.338 0.341 0.32 0.32 0.286
0.316 0.325 0.314 0.315 0.316 0.345 0.345 0.286
0.352 0.364 0.349 0.346 0.355 0.347 0.347 0.302
0.401 0.409 0.397 0.395 0.402 0.403 0.374 0.341
0.33 0.333 0.32 0.326 0.326 0.336 0.336 0.284
0.377 0.358 0.36 0.364 0.364 0.347 0.346 0.293
0.321 0.353 0.318 0.319 0.323 0.349 0.349 0.296
0.33 0.317 0.319 0.321 0.33 0.322 0.323 0.294
0.346 0.358 0.344 0.344 0.348 0.358 0.358 0.299
0.309 0.312 0.311 0.311 0.314 0.343 0.343 0.291
0.324 0.322 0.318 0.318 0.321 0.339 0.339 0.288
0.311 0.306 0.304 0.304 0.313 0.335 0.335 0.286
0.35 0.352 0.343 0.342 0.348 0.348 0.348 0.297
0.327 0.328 0.324 0.323 0.327 0.322 0.322 0.285
0.314 0.335 0.306 0.301 0.313 0.328 0.328 0.274
0.335 0.334 0.325 0.328 0.328 0.334 0.334 0.288
0.343 0.365 0.341 0.342 0.343 0.376 0.373 0.327
0.317 0.329 0.315 0.311 0.317 0.352 0.352 0.289
0.313 0.315 0.304 0.302 0.312 0.359 0.359 0.289
0.333 0.331 0.329 0.328 0.333 0.333 0.332 0.276
0.306 0.326 0.301 0.301 0.307 0.311 0.311 0.268
0.328 0.323 0.329 0.326 0.33 0.36 0.36 0.298
0.314 0.34 0.309 0.311 0.32 0.336 0.336 0.294
0.317 0.317 0.316 0.312 0.317 0.335 0.335 0.278
0.323 0.327 0.319 0.318 0.323 0.337 0.337 0.296
0.325 0.333 0.318 0.319 0.316 0.314 0.312 0.26
0.339 0.354 0.328 0.33 0.332 0.365 0.365 0.299
0.346 0.352 0.34 0.34 0.346 0.329 0.329 0.282
0.374 0.371 0.365 0.365 0.372 0.365 0.365 0.316
0.321 0.336 0.315 0.316 0.321 0.312 0.312 0.283
0.313 0.346 0.312 0.308 0.313 0.336 0.336 0.287
0.309 0.336 0.304 0.305 0.309 0.318 0.318 0.274
0.334 0.344 0.326 0.322 0.332 0.329 0.329 0.285
0.358 0.376 0.354 0.356 0.359 0.319 0.319 0.305
0.363 0.385 0.358 0.352 0.354 0.373 0.373 0.321
0.334 0.336 0.332 0.333 0.338 0.332 0.332 0.296
0.341 0.346 0.335 0.335 0.341 0.324 0.324 0.291
0.33 0.343 0.323 0.324 0.33 0.317 0.317 0.28
0.362 0.376 0.355 0.353 0.365 0.351 0.351 0.304
0.311 0.321 0.307 0.304 0.308 0.341 0.341 0.284
0.324 0.324 0.319 0.316 0.323 0.344 0.344 0.277
0.288 0.314 0.281 0.279 0.287 0.29 0.29 0.247
0.322 0.328 0.316 0.318 0.318 0.336 0.336 0.298
0.317 0.326 0.31 0.307 0.31 0.331 0.331 0.29
0.329 0.338 0.313 0.314 0.324 0.364 0.364 0.307
0.314 0.336 0.311 0.31 0.313 0.324 0.324 0.267
0.338 0.368 0.335 0.331 0.337 0.356 0.356 0.288
0.338 0.357 0.331 0.33 0.337 0.35 0.35 0.329
0.318 0.347 0.317 0.316 0.321 0.348 0.347 0.29
0.33 0.352 0.325 0.321 0.33 0.312 0.312 0.275
0.349 0.365 0.349 0.344 0.351 0.348 0.348 0.336
0.331 0.33 0.324 0.325 0.33 0.344 0.342 0.299
0.344 0.325 0.341 0.339 0.339 0.349 0.349 0.277
0.305 0.315 0.303 0.305 0.311 0.323 0.323 0.269
0.336 0.373 0.322 0.323 0.331 0.344 0.344 0.302
0.319 0.333 0.318 0.318 0.323 0.317 0.317 0.297
0.321 0.335 0.328 0.331 0.332 0.314 0.313 0.253
0.348 0.346 0.343 0.344 0.345 0.347 0.345 0.314
0.323 0.339 0.313 0.318 0.323 0.335 0.335 0.294
0.319 0.325 0.312 0.31 0.31 0.343 0.343 0.291
0.345 0.35 0.343 0.34 0.347 0.339 0.339 0.29
0.297 0.296 0.286 0.286 0.289 0.324 0.324 0.274
0.312 0.341 0.312 0.308 0.313 0.328 0.328 0.306
0.315 0.328 0.314 0.315 0.316 0.328 0.328 0.296
0.325 0.334 0.319 0.322 0.322 0.333 0.332 0.298
0.334 0.351 0.333 0.333 0.332 0.324 0.324 0.293
0.343 0.353 0.344 0.342 0.345 0.321 0.321 0.267
0.315 0.328 0.303 0.301 0.308 0.307 0.307 0.261
0.317 0.334 0.311 0.311 0.314 0.353 0.355 0.291
0.356 0.387 0.346 0.35 0.355 0.384 0.349 0.316
0.343 0.347 0.335 0.331 0.338 0.337 0.337 0.302
0.347 0.359 0.339 0.335 0.346 0.347 0.345 0.32
0.357 0.354 0.353 0.352 0.356 0.364 0.363 0.326
0.346 0.378 0.335 0.334 0.34 0.366 0.371 0.333
0.342 0.334 0.333 0.331 0.338 0.303 0.303 0.267
0.355 0.373 0.349 0.345 0.351 0.346 0.346 0.308
0.324 0.337 0.323 0.32 0.326 0.349 0.349 0.3
0.338 0.346 0.334 0.335 0.34 0.352 0.352 0.285
0.334 0.372 0.328 0.331 0.334 0.334 0.334 0.286
0.331 0.307 0.326 0.328 0.33 0.306 0.306 0.277
0.326 0.342 0.315 0.313 0.316 0.317 0.317 0.282
0.347 0.347 0.342 0.34 0.347 0.341 0.34 0.316
0.324 0.303 0.319 0.316 0.324 0.339 0.339 0.283
0.337 0.354 0.334 0.334 0.335 0.374 0.374 0.317
0.328 0.341 0.324 0.324 0.327 0.331 0.331 0.291
0.31 0.32 0.304 0.305 0.313 0.327 0.327 0.282
0.357 0.383 0.347 0.351 0.356 0.365 0.366 0.317
0.332 0.349 0.321 0.319 0.324 0.319 0.319 0.26
0.337 0.352 0.327 0.332 0.336 0.338 0.338 0.294
0.325 0.341 0.315 0.314 0.316 0.327 0.327 0.273
0.366 0.378 0.356 0.36 0.368 0.34 0.34 0.289
0.351 0.357 0.345 0.342 0.349 0.327 0.327 0.291
0.364 0.379 0.353 0.355 0.359 0.379 0.379 0.325
0.361 0.379 0.355 0.357 0.356 0.352 0.352 0.312
0.328 0.338 0.324 0.322 0.326 0.353 0.353 0.305
0.331 0.359 0.33 0.326 0.335 0.358 0.356 0.313
0.318 0.327 0.315 0.318 0.32 0.318 0.318 0.28
0.329 0.337 0.323 0.322 0.331 0.325 0.325 0.276
0.321 0.34 0.315 0.317 0.322 0.346 0.346 0.309
0.353 0.363 0.344 0.346 0.357 0.363 0.363 0.316
0.315 0.322 0.3 0.307 0.314 0.305 0.305 0.253
0.322 0.348 0.309 0.308 0.317 0.361 0.361 0.289
0.36 0.364 0.35 0.351 0.352 0.336 0.336 0.304
0.355 0.349 0.351 0.35 0.351 0.354 0.353 0.311
0.307 0.334 0.301 0.306 0.306 0.333 0.333 0.256
0.314 0.331 0.313 0.309 0.31 0.343 0.343 0.282
0.333 0.343 0.323 0.322 0.331 0.332 0.332 0.29
0.336 0.335 0.332 0.329 0.337 0.356 0.356 0.298
0.341 0.362 0.332 0.337 0.341 0.325 0.325 0.289
0.339 0.356 0.335 0.332 0.335 0.329 0.329 0.291
0.324 0.336 0.319 0.321 0.33 0.349 0.349 0.291
0.32 0.337 0.319 0.315 0.321 0.339 0.339 0.3
0.302 0.299 0.296 0.295 0.299 0.314 0.314 0.257
0.32 0.34 0.31 0.308 0.315 0.321 0.321 0.294
0.344 0.348 0.342 0.339 0.344 0.358 0.358 0.318
0.363 0.367 0.358 0.356 0.362 0.349 0.349 0.31
0.316 0.329 0.312 0.308 0.314 0.328 0.328 0.293
0.314 0.31 0.312 0.31 0.316 0.302 0.302 0.283
0.33 0.335 0.325 0.323 0.331 0.317 0.317 0.279
0.327 0.324 0.32 0.325 0.325 0.332 0.33 0.282
0.308 0.335 0.306 0.305 0.307 0.344 0.344 0.291
0.313 0.343 0.305 0.308 0.311 0.328 0.326 0.29
0.341 0.355 0.335 0.336 0.341 0.372 0.372 0.314
0.352 0.339 0.344 0.341 0.348 0.361 0.361 0.295
0.333 0.333 0.332 0.33 0.333 0.319 0.319 0.269
0.324 0.339 0.324 0.321 0.326 0.361 0.36 0.311
0.309 0.311 0.3 0.302 0.304 0.316 0.316 0.268
0.336 0.327 0.323 0.326 0.332 0.339 0.339 0.275
0.334 0.359 0.33 0.331 0.336 0.346 0.346 0.285
0.347 0.359 0.342 0.34 0.351 0.348 0.348 0.312
0.348 0.382 0.343 0.346 0.349 0.358 0.358 0.326
0.294 0.295 0.283 0.286 0.292 0.344 0.344 0.259
0.356 0.343 0.346 0.347 0.357 0.334 0.334 0.299
0.31 0.327 0.303 0.305 0.31 0.329 0.329 0.291
0.319 0.34 0.308 0.308 0.318 0.319 0.319 0.273
0.329 0.343 0.322 0.323 0.331 0.337 0.337 0.299
0.343 0.345 0.34 0.34 0.342 0.355 0.355 0.31
0.361 0.373 0.348 0.351 0.352 0.32 0.32 0.29
0.317 0.315 0.31 0.311 0.313 0.342 0.338 0.288
0.31 0.337 0.302 0.302 0.313 0.299 0.299 0.252
0.341 0.363 0.337 0.332 0.342 0.341 0.34 0.286
0.323 0.327 0.322 0.32 0.324 0.362 0.361 0.31
0.33 0.343 0.326 0.325 0.33 0.313 0.313 0.281
0.345 0.361 0.346 0.346 0.352 0.372 0.372 0.309
0.317 0.328 0.305 0.311 0.315 0.323 0.323 0.293
0.311 0.326 0.303 0.299 0.31 0.311 0.311 0.276
0.342 0.35 0.331 0.333 0.334 0.334 0.334 0.286
0.316 0.305 0.317 0.317 0.317 0.328 0.328 0.292
0.343 0.356 0.336 0.343 0.347 0.315 0.315 0.294
0.314 0.328 0.317 0.317 0.32 0.343 0.343 0.302
0.312 0.326 0.306 0.306 0.311 0.318 0.318 0.286
0.291 0.299 0.288 0.284 0.291 0.295 0.295 0.265
0.296 0.323 0.289 0.287 0.296 0.307 0.307 0.28
0.316 0.318 0.316 0.315 0.317 0.325 0.325 0.283
0.335 0.349 0.328 0.331 0.333 0.352 0.352 0.325
0.334 0.33 0.328 0.331 0.334 0.32 0.321 0.299
0.344 0.348 0.339 0.338 0.345 0.335 0.335 0.293
0.322 0.335 0.319 0.315 0.323 0.343 0.343 0.296
0.331 0.334 0.322 0.324 0.33 0.351 0.351 0.297
0.333 0.331 0.328 0.327 0.334 0.356 0.357 0.295
0.315 0.334 0.315 0.314 0.316 0.338 0.338 0.285
0.313 0.336 0.306 0.307 0.316 0.334 0.334 0.293
0.313 0.325 0.306 0.306 0.313 0.352 0.352 0.295
0.322 0.342 0.311 0.314 0.315 0.333 0.333 0.294
0.319 0.319 0.316 0.315 0.318 0.342 0.342 0.285
0.321 0.34 0.316 0.316 0.321 0.334 0.334 0.271
0.33 0.349 0.331 0.329 0.34 0.323 0.323 0.291
0.371 0.355 0.367 0.362 0.371 0.378 0.384 0.32
0.341 0.361 0.334 0.336 0.347 0.326 0.326 0.306
0.327 0.34 0.32 0.326 0.326 0.345 0.345 0.304
0.344 0.359 0.331 0.331 0.333 0.349 0.349 0.313
0.294 0.295 0.292 0.292 0.294 0.298 0.298 0.268
0.326 0.335 0.321 0.322 0.323 0.342 0.342 0.307
0.315 0.337 0.319 0.316 0.323 0.319 0.319 0.276
0.343 0.362 0.341 0.34 0.345 0.345 0.345 0.29
0.323 0.333 0.312 0.311 0.326 0.344 0.344 0.275
0.33 0.332 0.329 0.328 0.331 0.322 0.322 0.279
0.328 0.346 0.325 0.325 0.328 0.329 0.329 0.3
0.356 0.353 0.345 0.345 0.351 0.355 0.355 0.324
0.324 0.319 0.317 0.315 0.32 0.334 0.335 0.303
0.317 0.347 0.305 0.305 0.314 0.355 0.355 0.289
0.294 0.322 0.29 0.293 0.292 0.338 0.338 0.28
0.29 0.327 0.284 0.284 0.294 0.3 0.3 0.283
0.338 0.356 0.334 0.334 0.338 0.313 0.313 0.286
0.318 0.331 0.312 0.314 0.315 0.345 0.345 0.27
0.332 0.346 0.33 0.323 0.33 0.357 0.356 0.306
0.332 0.334 0.327 0.329 0.333 0.339 0.338 0.306
0.326 0.318 0.327 0.323 0.328 0.344 0.344 0.276
0.314 0.319 0.311 0.309 0.315 0.333 0.333 0.284
0.335 0.357 0.332 0.335 0.333 0.364 0.358 0.309
0.334 0.339 0.326 0.327 0.332 0.331 0.331 0.293
0.347 0.341 0.341 0.345 0.348 0.334 0.334 0.293
0.344 0.333 0.333 0.335 0.344 0.34 0.34 0.293
0.326 0.319 0.327 0.326 0.329 0.388 0.388 0.308
0.341 0.345 0.332 0.334 0.34 0.355 0.356 0.277
0.328 0.344 0.317 0.317 0.324 0.335 0.335 0.285
0.341 0.352 0.336 0.333 0.338 0.327 0.328 0.307
0.344 0.339 0.33 0.334 0.339 0.335 0.335 0.311
0.347 0.352 0.337 0.337 0.345 0.326 0.326 0.295
0.311 0.322 0.309 0.311 0.313 0.31 0.31 0.263
0.323 0.341 0.323 0.326 0.326 0.358 0.358 0.309
0.34 0.362 0.33 0.332 0.339 0.333 0.333 0.31
0.346 0.359 0.342 0.338 0.345 0.346 0.346 0.311
0.333 0.339 0.33 0.332 0.336 0.322 0.322 0.294
0.336 0.34 0.33 0.332 0.334 0.322 0.322 0.291
0.338 0.329 0.331 0.33 0.336 0.332 0.332 0.297
0.312 0.311 0.307 0.308 0.312 0.313 0.313 0.282
0.329 0.341 0.32 0.321 0.328 0.31 0.31 0.272
0.344 0.337 0.337 0.333 0.34 0.349 0.349 0.286
0.314 0.329 0.311 0.309 0.316 0.297 0.297 0.274
0.318 0.35 0.311 0.312 0.316 0.333 0.333 0.298
0.341 0.368 0.339 0.34 0.348 0.307 0.307 0.284
0.34 0.344 0.336 0.335 0.337 0.35 0.35 0.289
0.334 0.35 0.331 0.33 0.334 0.346 0.346 0.315
0.332 0.352 0.329 0.326 0.333 0.337 0.337 0.3
0.341 0.341 0.334 0.335 0.336 0.346 0.345 0.319
0.342 0.322 0.336 0.338 0.337 0.326 0.326 0.307
0.332 0.331 0.324 0.327 0.328 0.354 0.354 0.312
0.361 0.356 0.351 0.352 0.358 0.322 0.322 0.283
0.317 0.341 0.312 0.312 0.316 0.321 0.318 0.275
0.336 0.337 0.332 0.33 0.334 0.33 0.33 0.287
0.352 0.36 0.346 0.344 0.349 0.35 0.35 0.31
0.304 0.322 0.3 0.296 0.304 0.31 0.31 0.284
0.333 0.344 0.324 0.325 0.333 0.326 0.326 0.283
0.307 0.326 0.305 0.303 0.309 0.335 0.335 0.281
0.342 0.356 0.339 0.336 0.342 0.327 0.327 0.291
0.322 0.335 0.316 0.315 0.319 0.354 0.354 0.286
0.325 0.343 0.326 0.326 0.332 0.353 0.352 0.319
0.31 0.334 0.304 0.304 0.306 0.327 0.327 0.29
0.375 0.396 0.364 0.369 0.366 0.371 0.371 0.319
0.319 0.348 0.313 0.315 0.318 0.308 0.308 0.263
0.32 0.346 0.312 0.313 0.319 0.315 0.315 0.286
0.317 0.315 0.309 0.312 0.316 0.323 0.323 0.29
0.319 0.33 0.308 0.313 0.318 0.336 0.336 0.28
0.305 0.298 0.299 0.3 0.304 0.322 0.322 0.282
0.342 0.331 0.335 0.327 0.336 0.326 0.326 0.274
0.312 0.31 0.303 0.304 0.307 0.297 0.297 0.253
0.334 0.314 0.327 0.328 0.336 0.36 0.354 0.305
0.332 0.336 0.33 0.325 0.33 0.325 0.325 0.284
0.341 0.355 0.334 0.33 0.335 0.321 0.32 0.302
0.303 0.302 0.3 0.301 0.303 0.336 0.336 0.294
0.329 0.343 0.32 0.319 0.325 0.344 0.344 0.32
0.338 0.35 0.332 0.336 0.337 0.324 0.324 0.285
0.35 0.361 0.338 0.34 0.344 0.344 0.344 0.306
0.344 0.339 0.335 0.335 0.342 0.368 0.368 0.335
0.321 0.359 0.304 0.303 0.309 0.322 0.322 0.293
0.336 0.364 0.326 0.329 0.332 0.329 0.329 0.286
0.326 0.336 0.323 0.324 0.326 0.298 0.297 0.269
0.314 0.34 0.301 0.303 0.31 0.335 0.335 0.293
0.334 0.356 0.324 0.327 0.332 0.354 0.354 0.309
0.34 0.345 0.332 0.33 0.338 0.31 0.31 0.289
0.294 0.312 0.286 0.288 0.29 0.329 0.329 0.271
0.354 0.358 0.34 0.339 0.345 0.352 0.352 0.316
0.313 0.328 0.302 0.305 0.305 0.326 0.322 0.296
0.338 0.347 0.328 0.333 0.338 0.377 0.357 0.313
0.296 0.301 0.292 0.29 0.297 0.319 0.319 0.277
0.309 0.313 0.304 0.306 0.309 0.33 0.33 0.281
0.318 0.335 0.309 0.312 0.314 0.318 0.318 0.279
0.326 0.325 0.313 0.312 0.322 0.334 0.334 0.277
0.356 0.372 0.342 0.346 0.35 0.366 0.366 0.317
0.348 0.352 0.34 0.333 0.342 0.333 0.333 0.289
0.341 0.348 0.334 0.334 0.339 0.358 0.358 0.289
0.352 0.343 0.345 0.343 0.349 0.373 0.363 0.325
0.296 0.34 0.292 0.291 0.294 0.327 0.327 0.286
0.328 0.349 0.323 0.323 0.328 0.336 0.336 0.296
0.356 0.362 0.353 0.352 0.354 0.35 0.35 0.301
0.352 0.384 0.346 0.343 0.348 0.346 0.346 0.296
0.357 0.365 0.353 0.351 0.357 0.347 0.347 0.292
0.341 0.344 0.327 0.33 0.333 0.341 0.341 0.294
0.32 0.341 0.322 0.327 0.33 0.336 0.336 0.297
0.305 0.33 0.298 0.296 0.304 0.319 0.32 0.275
0.342 0.345 0.339 0.341 0.345 0.312 0.312 0.272
0.351 0.346 0.346 0.346 0.35 0.344 0.344 0.288
0.354 0.367 0.344 0.343 0.356 0.345 0.326 0.287
0.343 0.361 0.344 0.344 0.346 0.344 0.344 0.309
0.341 0.346 0.334 0.335 0.336 0.32 0.32 0.285
0.34 0.37 0.337 0.337 0.344 0.325 0.325 0.285
0.306 0.329 0.301 0.3 0.306 0.332 0.332 0.267
0.333 0.35 0.332 0.329 0.334 0.343 0.343 0.294
0.309 0.33 0.31 0.311 0.311 0.295 0.295 0.276
0.323 0.341 0.32 0.318 0.325 0.325 0.325 0.292
0.328 0.329 0.323 0.323 0.326 0.34 0.34 0.29
0.349 0.358 0.345 0.344 0.352 0.363 0.363 0.308
0.333 0.331 0.333 0.332 0.333 0.349 0.349 0.274
0.326 0.337 0.322 0.326 0.327 0.338 0.336 0.306
0.345 0.379 0.334 0.34 0.346 0.332 0.332 0.294
0.329 0.341 0.328 0.326 0.33 0.342 0.341 0.324
0.345 0.364 0.341 0.34 0.343 0.348 0.348 0.303
0.349 0.346 0.346 0.346 0.348 0.337 0.337 0.285
0.296 0.306 0.294 0.293 0.298 0.327 0.327 0.276
0.335 0.355 0.328 0.329 0.329 0.347 0.347 0.288
0.318 0.341 0.31 0.313 0.312 0.341 0.341 0.301
0.316 0.319 0.314 0.312 0.319 0.342 0.342 0.276
0.347 0.376 0.345 0.347 0.353 0.366 0.365 0.338
0.375 0.387 0.372 0.366 0.373 0.315 0.315 0.311
0.321 0.328 0.32 0.314 0.322 0.298 0.298 0.29
0.332 0.317 0.33 0.329 0.333 0.337 0.337 0.311
0.329 0.327 0.322 0.326 0.329 0.325 0.325 0.295
0.314 0.324 0.309 0.307 0.309 0.32 0.32 0.272
0.358 0.359 0.353 0.354 0.354 0.35 0.35 0.326
0.349 0.353 0.344 0.343 0.35 0.317 0.317 0.282
0.333 0.344 0.329 0.334 0.337 0.35 0.35 0.277
0.36 0.363 0.353 0.355 0.361 0.336 0.335 0.303
0.333 0.327 0.331 0.327 0.333 0.35 0.35 0.293
0.362 0.373 0.355 0.357 0.361 0.361 0.361 0.327
0.36 0.366 0.356 0.353 0.357 0.346 0.346 0.313
0.337 0.338 0.33 0.333 0.337 0.353 0.353 0.3
0.348 0.367 0.344 0.347 0.348 0.333 0.333 0.305
0.311 0.304 0.306 0.306 0.307 0.317 0.316 0.272
0.328 0.339 0.321 0.32 0.324 0.326 0.326 0.275
0.318 0.324 0.318 0.313 0.318 0.301 0.301 0.265
0.34 0.339 0.335 0.336 0.344 0.335 0.335 0.304
0.3 0.308 0.294 0.295 0.299 0.343 0.344 0.29
0.319 0.314 0.316 0.314 0.318 0.337 0.332 0.32
0.33 0.345 0.325 0.323 0.331 0.361 0.361 0.282
0.323 0.332 0.316 0.315 0.323 0.325 0.325 0.293
0.356 0.378 0.35 0.351 0.354 0.34 0.34 0.3
0.332 0.35 0.328 0.325 0.329 0.321 0.321 0.293
0.321 0.313 0.314 0.316 0.32 0.308 0.308 0.275
0.333 0.33 0.325 0.325 0.33 0.326 0.326 0.301
0.319 0.316 0.316 0.314 0.315 0.335 0.335 0.286
0.354 0.363 0.347 0.348 0.355 0.329 0.329 0.301
0.389 0.413 0.378 0.377 0.388 0.361 0.361 0.317
0.334 0.348 0.327 0.331 0.331 0.337 0.338 0.302
0.319 0.341 0.313 0.314 0.318 0.363 0.363 0.312
0.327 0.35 0.317 0.315 0.324 0.334 0.334 0.281
0.317 0.34 0.311 0.309 0.313 0.298 0.298 0.262
0.351 0.341 0.345 0.345 0.348 0.324 0.323 0.301
0.32 0.337 0.318 0.312 0.318 0.301 0.302 0.271
0.34 0.361 0.339 0.339 0.34 0.342 0.342 0.306
0.337 0.345 0.323 0.325 0.332 0.316 0.316 0.284
0.319 0.334 0.31 0.311 0.318 0.344 0.344 0.304
0.339 0.36 0.341 0.341 0.345 0.337 0.337 0.283
0.314 0.328 0.309 0.31 0.312 0.338 0.339 0.289
0.363 0.369 0.352 0.355 0.364 0.327 0.327 0.279
0.345 0.356 0.341 0.341 0.348 0.339 0.339 0.283
0.329 0.344 0.326 0.326 0.328 0.32 0.318 0.296
0.324 0.36 0.318 0.32 0.322 0.299 0.299 0.262
0.311 0.298 0.309 0.306 0.314 0.343 0.342 0.289
0.338 0.349 0.329 0.332 0.333 0.334 0.334 0.306
0.345 0.327 0.335 0.335 0.343 0.352 0.352 0.298
0.315 0.321 0.31 0.311 0.316 0.343 0.343 0.282
0.344 0.349 0.336 0.34 0.342 0.351 0.351 0.3
0.365 0.364 0.351 0.35 0.354 0.343 0.343 0.322
0.286 0.321 0.283 0.286 0.287 0.294 0.294 0.264
0.335 0.35 0.324 0.323 0.332 0.327 0.327 0.274
0.361 0.356 0.352 0.348 0.36 0.354 0.354 0.298
0.359 0.354 0.351 0.35 0.358 0.365 0.365 0.325
0.33 0.345 0.328 0.326 0.326 0.341 0.341 0.288
0.347 0.349 0.338 0.34 0.349 0.326 0.326 0.292
0.33 0.348 0.319 0.324 0.319 0.326 0.326 0.283
0.356 0.372 0.349 0.352 0.361 0.364 0.364 0.311
0.314 0.341 0.309 0.31 0.311 0.342 0.342 0.284
0.305 0.335 0.308 0.307 0.308 0.333 0.334 0.285
0.348 0.368 0.345 0.343 0.351 0.353 0.353 0.306
0.365 0.383 0.361 0.365 0.361 0.342 0.341 0.31
0.38 0.376 0.372 0.376 0.381 0.353 0.354 0.325
0.309 0.336 0.306 0.308 0.31 0.323 0.323 0.274
0.356 0.358 0.351 0.352 0.355 0.34 0.34 0.307
0.332 0.345 0.322 0.323 0.329 0.348 0.348 0.303
0.331 0.361 0.321 0.323 0.33 0.341 0.341 0.309
0.327 0.343 0.32 0.318 0.327 0.337 0.335 0.303
0.352 0.355 0.34 0.345 0.349 0.371 0.362 0.315
0.343 0.352 0.337 0.337 0.342 0.351 0.351 0.298
0.32 0.353 0.312 0.311 0.317 0.339 0.339 0.283
0.361 0.365 0.354 0.354 0.359 0.31 0.31 0.288
0.321 0.332 0.316 0.312 0.322 0.345 0.346 0.289
0.305 0.321 0.301 0.3 0.307 0.311 0.311 0.275
0.286 0.298 0.275 0.278 0.286 0.328 0.328 0.262
0.331 0.34 0.323 0.323 0.331 0.322 0.322 0.278
0.349 0.353 0.349 0.344 0.351 0.334 0.334 0.296
0.309 0.324 0.306 0.306 0.308 0.351 0.351 0.282
0.345 0.362 0.342 0.345 0.351 0.349 0.349 0.308
0.349 0.35 0.347 0.345 0.349 0.347 0.347 0.31
0.336 0.357 0.323 0.326 0.337 0.347 0.347 0.31
0.368 0.367 0.361 0.36 0.368 0.331 0.331 0.312
0.36 0.385 0.352 0.354 0.36 0.369 0.369 0.311
0.33 0.356 0.322 0.321 0.324 0.333 0.333 0.3
0.341 0.356 0.335 0.334 0.336 0.327 0.327 0.282
0.358 0.364 0.356 0.354 0.357 0.384 0.384 0.324
0.316 0.323 0.313 0.316 0.318 0.342 0.342 0.289
0.318 0.323 0.31 0.314 0.314 0.319 0.319 0.266
0.344 0.342 0.336 0.338 0.344 0.354 0.354 0.303
0.335 0.331 0.33 0.332 0.337 0.349 0.348 0.302
0.318 0.302 0.314 0.316 0.316 0.324 0.324 0.283
0.344 0.348 0.341 0.336 0.343 0.379 0.379 0.324
0.337 0.349 0.329 0.329 0.334 0.372 0.372 0.315
0.351 0.347 0.352 0.352 0.352 0.352 0.352 0.299
0.332 0.345 0.322 0.318 0.327 0.334 0.334 0.293
0.343 0.368 0.342 0.339 0.345 0.372 0.372 0.297
0.342 0.339 0.337 0.341 0.347 0.345 0.345 0.302
0.302 0.321 0.304 0.306 0.308 0.276 0.276 0.265
0.326 0.344 0.321 0.318 0.327 0.328 0.328 0.289
0.352 0.347 0.346 0.344 0.346 0.34 0.34 0.296
0.352 0.354 0.344 0.348 0.346 0.328 0.328 0.292
0.32 0.331 0.313 0.314 0.32 0.334 0.334 0.289
0.334 0.337 0.323 0.324 0.331 0.341 0.341 0.287
0.31 0.315 0.305 0.307 0.309 0.321 0.321 0.265
0.366 0.391 0.362 0.359 0.37 0.374 0.374 0.336
0.311 0.311 0.299 0.3 0.305 0.311 0.311 0.261
0.31 0.3 0.303 0.306 0.31 0.317 0.317 0.259
0.294 0.32 0.29 0.29 0.295 0.285 0.285 0.251
0.314 0.337 0.307 0.306 0.313 0.333 0.333 0.278
0.358 0.369 0.353 0.35 0.355 0.37 0.37 0.317
0.347 0.356 0.337 0.337 0.346 0.322 0.322 0.267
0.312 0.321 0.302 0.306 0.311 0.322 0.325 0.284
0.334 0.335 0.328 0.33 0.333 0.316 0.316 0.279
0.323 0.334 0.316 0.317 0.32 0.325 0.325 0.266
0.334 0.336 0.331 0.324 0.333 0.347 0.338 0.294
0.347 0.368 0.341 0.335 0.344 0.336 0.336 0.281
0.304 0.334 0.304 0.305 0.307 0.319 0.319 0.273
0.341 0.343 0.335 0.338 0.343 0.314 0.314 0.267
0.344 0.366 0.343 0.339 0.347 0.333 0.331 0.291
0.356 0.358 0.356 0.357 0.353 0.398 0.397 0.315
0.334 0.354 0.333 0.329 0.337 0.349 0.349 0.299
0.324 0.35 0.317 0.317 0.321 0.348 0.348 0.271
0.317 0.32 0.31 0.313 0.314 0.332 0.332 0.292
0.319 0.326 0.311 0.306 0.315 0.324 0.324 0.312
0.32 0.326 0.308 0.31 0.322 0.328 0.328 0.301
0.354 0.382 0.343 0.343 0.345 0.356 0.356 0.312
0.323 0.329 0.318 0.318 0.321 0.341 0.341 0.278
0.349 0.363 0.342 0.34 0.342 0.341 0.341 0.291
0.312 0.313 0.305 0.305 0.309 0.32 0.32 0.304
0.354 0.365 0.349 0.355 0.355 0.358 0.358 0.317
0.352 0.361 0.342 0.342 0.348 0.32 0.32 0.313
0.318 0.323 0.309 0.31 0.317 0.307 0.307 0.277
0.297 0.291 0.292 0.295 0.298 0.319 0.319 0.256
0.345 0.336 0.337 0.337 0.339 0.341 0.341 0.295
0.308 0.339 0.303 0.304 0.307 0.354 0.354 0.295
0.327 0.344 0.321 0.321 0.329 0.33 0.33 0.288
0.32 0.332 0.314 0.314 0.321 0.326 0.326 0.283
0.34 0.348 0.335 0.334 0.337 0.354 0.354 0.29
0.33 0.343 0.324 0.322 0.333 0.346 0.346 0.3
0.325 0.333 0.324 0.325 0.327 0.362 0.36 0.314
0.328 0.343 0.32 0.322 0.324 0.313 0.312 0.266
0.331 0.339 0.323 0.321 0.325 0.326 0.326 0.292
0.311 0.328 0.302 0.3 0.31 0.32 0.319 0.285
0.322 0.316 0.305 0.311 0.313 0.324 0.323 0.283
0.334 0.332 0.326 0.321 0.329 0.323 0.323 0.292
0.323 0.337 0.32 0.32 0.323 0.321 0.321 0.289
0.31 0.326 0.305 0.303 0.311 0.343 0.328 0.294
0.324 0.326 0.314 0.315 0.323 0.317 0.317 0.28
0.366 0.353 0.351 0.352 0.356 0.352 0.352 0.319
0.33 0.351 0.327 0.326 0.334 0.342 0.342 0.3
0.343 0.354 0.34 0.337 0.343 0.345 0.345 0.298
0.319 0.352 0.32 0.317 0.326 0.305 0.305 0.265
0.34 0.353 0.342 0.34 0.344 0.307 0.307 0.258
0.312 0.32 0.307 0.307 0.316 0.333 0.333 0.281
0.3 0.32 0.295 0.294 0.296 0.317 0.317 0.288
0.354 0.356 0.354 0.354 0.354 0.33 0.33 0.285
0.328 0.346 0.332 0.331 0.339 0.325 0.325 0.29
0.298 0.328 0.29 0.288 0.296 0.297 0.297 0.257
0.346 0.366 0.341 0.335 0.347 0.355 0.353 0.334
0.348 0.353 0.336 0.339 0.344 0.343 0.343 0.316
0.327 0.351 0.323 0.327 0.329 0.306 0.306 0.276
0.286 0.316 0.285 0.285 0.288 0.335 0.335 0.278
0.336 0.342 0.336 0.333 0.339 0.377 0.377 0.304
0.309 0.334 0.302 0.302 0.307 0.368 0.368 0.309
0.346 0.359 0.341 0.343 0.345 0.369 0.369 0.325
0.34 0.355 0.332 0.335 0.338 0.355 0.355 0.304
0.336 0.342 0.335 0.335 0.336 0.352 0.352 0.306
0.342 0.347 0.335 0.334 0.339 0.338 0.337 0.278
0.331 0.336 0.326 0.323 0.327 0.349 0.349 0.29
0.322 0.316 0.313 0.312 0.32 0.354 0.354 0.293
0.332 0.342 0.328 0.325 0.33 0.361 0.361 0.311
0.328 0.322 0.318 0.314 0.325 0.31 0.31 0.277
0.322 0.337 0.318 0.318 0.323 0.306 0.306 0.269
0.332 0.343 0.326 0.327 0.332 0.323 0.323 0.274
0.3 0.31 0.298 0.298 0.298 0.323 0.322 0.264
0.344 0.357 0.338 0.337 0.341 0.375 0.375 0.311
0.347 0.351 0.343 0.341 0.349 0.319 0.319 0.275
0.335 0.356 0.331 0.329 0.334 0.341 0.341 0.294
0.348 0.341 0.347 0.348 0.349 0.364 0.364 0.302
0.306 0.318 0.3 0.301 0.308 0.325 0.325 0.288
0.344 0.351 0.341 0.343 0.344 0.352 0.351 0.286
0.304 0.316 0.296 0.294 0.305 0.315 0.315 0.288
0.333 0.336 0.328 0.329 0.334 0.351 0.351 0.291
0.339 0.35 0.334 0.33 0.335 0.329 0.329 0.29
0.313 0.333 0.302 0.305 0.31 0.304 0.304 0.264
0.33 0.346 0.325 0.324 0.33 0.333 0.333 0.281
0.341 0.354 0.337 0.333 0.343 0.367 0.367 0.317
0.347 0.363 0.337 0.337 0.346 0.315 0.313 0.291
0.321 0.337 0.315 0.315 0.321 0.352 0.352 0.282
0.329 0.355 0.332 0.329 0.338 0.33 0.33 0.286
0.355 0.368 0.346 0.344 0.352 0.332 0.332 0.282
0.323 0.352 0.321 0.32 0.326 0.335 0.335 0.279
0.32 0.334 0.317 0.317 0.318 0.341 0.341 0.302
0.349 0.367 0.346 0.348 0.35 0.352 0.352 0.296
0.363 0.353 0.358 0.354 0.361 0.344 0.344 0.301
0.354 0.353 0.35 0.348 0.352 0.322 0.322 0.3
0.342 0.346 0.329 0.326 0.342 0.348 0.348 0.316
0.322 0.325 0.319 0.315 0.32 0.348 0.349 0.302
0.371 0.362 0.366 0.366 0.362 0.362 0.362 0.318
0.331 0.354 0.321 0.32 0.33 0.349 0.349 0.288
0.341 0.357 0.338 0.335 0.337 0.363 0.363 0.313
0.339 0.369 0.331 0.333 0.338 0.341 0.341 0.31
0.348 0.348 0.344 0.341 0.342 0.334 0.334 0.3
0.334 0.332 0.322 0.323 0.331 0.333 0.333 0.293
0.326 0.321 0.318 0.318 0.325 0.319 0.319 0.286
0.295 0.321 0.286 0.284 0.294 0.343 0.343 0.291
0.318 0.333 0.314 0.315 0.318 0.341 0.331 0.309
0.306 0.311 0.303 0.299 0.309 0.335 0.334 0.295
0.356 0.369 0.353 0.35 0.359 0.375 0.375 0.334
0.366 0.362 0.361 0.362 0.367 0.373 0.375 0.344
0.329 0.359 0.319 0.322 0.33 0.34 0.339 0.292
0.296 0.308 0.292 0.291 0.296 0.318 0.317 0.302
0.331 0.36 0.325 0.326 0.332 0.356 0.359 0.312
0.337 0.369 0.33 0.328 0.333 0.34 0.337 0.309
0.317 0.335 0.305 0.303 0.312 0.337 0.337 0.272
0.362 0.383 0.356 0.356 0.36 0.368 0.368 0.307
0.325 0.327 0.318 0.318 0.326 0.328 0.328 0.283
0.327 0.325 0.32 0.321 0.326 0.344 0.344 0.292
0.339 0.365 0.329 0.327 0.336 0.356 0.357 0.316
0.341 0.347 0.336 0.336 0.34 0.335 0.334 0.316
0.313 0.325 0.313 0.308 0.311 0.32 0.32 0.272
0.309 0.325 0.305 0.305 0.309 0.32 0.32 0.26
0.328 0.362 0.324 0.326 0.326 0.336 0.335 0.289
0.308 0.313 0.302 0.3 0.306 0.347 0.342 0.296
0.338 0.325 0.325 0.323 0.326 0.311 0.311 0.263
0.327 0.333 0.327 0.328 0.328 0.363 0.364 0.317
0.35 0.346 0.343 0.339 0.349 0.343 0.343 0.295
0.364 0.354 0.355 0.354 0.365 0.325 0.325 0.301
0.359 0.355 0.346 0.351 0.353 0.334 0.334 0.314
0.33 0.345 0.321 0.318 0.326 0.332 0.332 0.285
0.35 0.37 0.343 0.344 0.348 0.339 0.339 0.298
0.315 0.336 0.318 0.318 0.322 0.319 0.319 0.278
0.361 0.369 0.356 0.352 0.362 0.351 0.351 0.308
0.324 0.353 0.324 0.321 0.331 0.352 0.342 0.3
0.315 0.318 0.308 0.309 0.313 0.323 0.323 0.277
0.332 0.344 0.333 0.332 0.332 0.34 0.34 0.29
0.326 0.328 0.318 0.314 0.323 0.338 0.338 0.307
0.309 0.314 0.302 0.305 0.309 0.322 0.322 0.269
0.309 0.335 0.296 0.295 0.303 0.301 0.301 0.287
0.335 0.36 0.328 0.33 0.34 0.357 0.357 0.317
0.327 0.347 0.329 0.329 0.328 0.317 0.317 0.282
0.327 0.33 0.323 0.325 0.325 0.296 0.297 0.289
0.335 0.369 0.328 0.33 0.335 0.327 0.327 0.251
0.324 0.361 0.319 0.319 0.326 0.342 0.342 0.315
0.329 0.354 0.328 0.327 0.332 0.326 0.326 0.311
0.317 0.344 0.31 0.312 0.319 0.335 0.335 0.295
0.313 0.342 0.308 0.309 0.31 0.363 0.358 0.306
0.328 0.348 0.324 0.323 0.33 0.375 0.364 0.341
0.333 0.356 0.33 0.325 0.33 0.332 0.333 0.3
0.37 0.419 0.361 0.363 0.365 0.344 0.344 0.329
0.34 0.355 0.347 0.346 0.348 0.346 0.346 0.317
0.316 0.337 0.314 0.316 0.324 0.337 0.337 0.28
0.314 0.316 0.31 0.307 0.313 0.351 0.351 0.29
0.337 0.342 0.332 0.334 0.335 0.345 0.345 0.287
0.36 0.377 0.351 0.35 0.358 0.366 0.366 0.299
0.339 0.362 0.323 0.327 0.332 0.296 0.296 0.278
0.335 0.348 0.327 0.327 0.328 0.365 0.365 0.299
0.342 0.347 0.338 0.335 0.341 0.337 0.336 0.296
0.344 0.355 0.338 0.338 0.343 0.351 0.351 0.296
0.336 0.334 0.326 0.325 0.333 0.347 0.332 0.305
0.35 0.365 0.343 0.344 0.35 0.343 0.343 0.298
0.35 0.355 0.348 0.344 0.351 0.313 0.313 0.289
0.318 0.329 0.311 0.308 0.313 0.339 0.339 0.272
0.361 0.361 0.353 0.357 0.357 0.36 0.36 0.315
0.342 0.36 0.339 0.337 0.342 0.344 0.344 0.301
0.327 0.342 0.321 0.323 0.324 0.308 0.308 0.258
0.294 0.323 0.289 0.291 0.294 0.323 0.323 0.263
0.322 0.332 0.322 0.322 0.322 0.372 0.359 0.329
0.303 0.328 0.3 0.298 0.305 0.315 0.315 0.279
0.313 0.33 0.308 0.309 0.315 0.336 0.336 0.288
0.311 0.332 0.302 0.306 0.31 0.351 0.351 0.307
0.341 0.351 0.338 0.334 0.34 0.342 0.342 0.284
0.343 0.351 0.335 0.338 0.342 0.332 0.332 0.288
0.336 0.333 0.322 0.323 0.33 0.351 0.349 0.316
0.332 0.339 0.324 0.323 0.327 0.356 0.357 0.305
0.32 0.349 0.313 0.312 0.315 0.338 0.338 0.284
0.324 0.341 0.325 0.325 0.329 0.344 0.344 0.314
0.326 0.342 0.321 0.32 0.328 0.332 0.332 0.289
0.327 0.331 0.315 0.313 0.326 0.337 0.337 0.3
0.337 0.34 0.338 0.336 0.335 0.341 0.341 0.297
0.305 0.327 0.301 0.301 0.303 0.353 0.353 0.277
0.333 0.366 0.331 0.332 0.332 0.34 0.34 0.281
0.325 0.327 0.32 0.316 0.323 0.333 0.333 0.29
0.337 0.341 0.333 0.332 0.336 0.338 0.338 0.295
0.344 0.334 0.336 0.341 0.348 0.317 0.317 0.284
0.325 0.323 0.317 0.318 0.317 0.302 0.302 0.277
0.306 0.317 0.301 0.3 0.307 0.297 0.297 0.275
0.336 0.345 0.335 0.336 0.335 0.336 0.336 0.281
0.315 0.325 0.313 0.314 0.321 0.317 0.317 0.269
0.32 0.34 0.311 0.316 0.316 0.323 0.323 0.268
0.345 0.337 0.341 0.34 0.344 0.334 0.334 0.294
0.327 0.329 0.321 0.323 0.328 0.325 0.325 0.279
0.35 0.363 0.344 0.344 0.348 0.355 0.355 0.291
0.338 0.336 0.332 0.328 0.337 0.337 0.337 0.289
0.335 0.349 0.33 0.328 0.336 0.332 0.332 0.298
0.318 0.305 0.318 0.316 0.319 0.34 0.336 0.293
0.342 0.352 0.341 0.341 0.342 0.349 0.349 0.317
0.346 0.349 0.339 0.34 0.344 0.35 0.35 0.316
0.319 0.335 0.317 0.314 0.324 0.326 0.326 0.276
0.31 0.322 0.31 0.311 0.312 0.354 0.348 0.296
0.342 0.335 0.336 0.34 0.342 0.365 0.365 0.298
0.331 0.312 0.328 0.326 0.33 0.346 0.344 0.298
0.332 0.362 0.327 0.319 0.333 0.351 0.351 0.307
0.323 0.338 0.314 0.315 0.324 0.309 0.309 0.281
0.321 0.332 0.325 0.327 0.326 0.321 0.321 0.279
0.313 0.319 0.304 0.305 0.309 0.319 0.318 0.291
0.325 0.349 0.314 0.318 0.321 0.317 0.317 0.296
0.327 0.334 0.32 0.323 0.323 0.348 0.348 0.301
0.354 0.35 0.347 0.346 0.35 0.342 0.342 0.277
0.318 0.321 0.308 0.311 0.315 0.344 0.344 0.29
0.319 0.339 0.311 0.31 0.316 0.336 0.336 0.296
0.35 0.358 0.343 0.345 0.348 0.352 0.352 0.288
0.321 0.333 0.322 0.318 0.323 0.319 0.319 0.284
0.346 0.348 0.34 0.336 0.343 0.344 0.344 0.3
0.323 0.369 0.313 0.31 0.32 0.341 0.341 0.286
0.325 0.325 0.317 0.317 0.325 0.331 0.331 0.278
0.329 0.33 0.328 0.327 0.332 0.336 0.336 0.288
0.313 0.313 0.312 0.309 0.313 0.34 0.34 0.286
0.322 0.329 0.31 0.312 0.316 0.323 0.323 0.281
0.303 0.324 0.296 0.296 0.298 0.318 0.318 0.279
0.351 0.361 0.339 0.338 0.348 0.351 0.351 0.293
0.313 0.315 0.305 0.304 0.313 0.316 0.316 0.264
0.325 0.348 0.316 0.319 0.326 0.312 0.311 0.291
0.33 0.331 0.318 0.318 0.327 0.297 0.297 0.258
0.319 0.294 0.324 0.322 0.323 0.325 0.325 0.27
0.323 0.342 0.308 0.31 0.319 0.348 0.348 0.289
0.336 0.348 0.333 0.331 0.334 0.316 0.316 0.258
0.329 0.353 0.321 0.323 0.328 0.309 0.309 0.266
0.322 0.332 0.318 0.317 0.322 0.345 0.345 0.282
0.339 0.347 0.338 0.339 0.341 0.352 0.352 0.288
0.312 0.312 0.304 0.303 0.304 0.327 0.327 0.277
0.337 0.355 0.331 0.33 0.34 0.333 0.333 0.294
0.333 0.341 0.326 0.324 0.326 0.34 0.34 0.286
0.336 0.368 0.328 0.326 0.335 0.351 0.351 0.295
0.296 0.306 0.291 0.29 0.296 0.343 0.343 0.276
0.338 0.345 0.333 0.334 0.338 0.316 0.316 0.303
0.334 0.353 0.328 0.327 0.332 0.377 0.377 0.316
0.333 0.327 0.333 0.333 0.335 0.35 0.35 0.284
0.353 0.35 0.342 0.343 0.352 0.345 0.345 0.304
0.368 0.351 0.356 0.357 0.366 0.343 0.343 0.299
0.339 0.353 0.333 0.335 0.338 0.356 0.356 0.304
0.344 0.349 0.338 0.34 0.346 0.337 0.337 0.297
0.338 0.353 0.326 0.329 0.33 0.36 0.361 0.326
0.302 0.315 0.298 0.296 0.304 0.325 0.325 0.278
0.306 0.309 0.301 0.301 0.305 0.332 0.332 0.291
0.35 0.358 0.338 0.346 0.351 0.356 0.356 0.32
0.313 0.33 0.303 0.302 0.311 0.321 0.32 0.263
0.286 0.315 0.283 0.283 0.287 0.282 0.282 0.246
0.317 0.335 0.308 0.307 0.311 0.327 0.327 0.27
0.367 0.36 0.357 0.356 0.357 0.367 0.367 0.322
0.321 0.314 0.319 0.319 0.325 0.33 0.33 0.296
0.319 0.34 0.315 0.312 0.322 0.353 0.351 0.295
0.34 0.341 0.337 0.338 0.339 0.352 0.347 0.286
0.318 0.333 0.312 0.313 0.313 0.325 0.325 0.282
0.316 0.326 0.312 0.313 0.318 0.318 0.318 0.276
0.334 0.333 0.329 0.332 0.332 0.329 0.329 0.285
0.363 0.368 0.356 0.356 0.36 0.34 0.34 0.305
0.32 0.34 0.309 0.31 0.321 0.328 0.328 0.288
0.367 0.379 0.356 0.354 0.361 0.352 0.352 0.293
0.342 0.361 0.338 0.334 0.344 0.342 0.342 0.289
0.316 0.326 0.305 0.302 0.314 0.303 0.303 0.266
0.322 0.345 0.314 0.315 0.318 0.326 0.326 0.287
0.348 0.359 0.348 0.347 0.347 0.349 0.347 0.309
0.322 0.324 0.31 0.314 0.326 0.345 0.348 0.313
0.326 0.331 0.321 0.32 0.325 0.353 0.354 0.299
0.344 0.347 0.337 0.335 0.346 0.334 0.334 0.294
0.332 0.341 0.324 0.327 0.328 0.306 0.306 0.283
0.36 0.345 0.356 0.357 0.359 0.329 0.329 0.263
0.33 0.322 0.321 0.324 0.331 0.324 0.324 0.28
0.318 0.314 0.32 0.32 0.322 0.325 0.325 0.276
0.311 0.323 0.31 0.307 0.312 0.327 0.327 0.269
0.342 0.347 0.334 0.335 0.342 0.326 0.325 0.289
0.365 0.354 0.358 0.361 0.37 0.37 0.37 0.329
0.347 0.34 0.339 0.335 0.343 0.337 0.337 0.288
0.299 0.315 0.294 0.293 0.298 0.332 0.332 0.274
0.33 0.331 0.321 0.318 0.329 0.346 0.346 0.305
0.312 0.31 0.306 0.307 0.31 0.306 0.306 0.284
0.321 0.342 0.312 0.312 0.318 0.316 0.315 0.271
0.331 0.319 0.327 0.329 0.33 0.325 0.325 0.293
0.362 0.365 0.356 0.356 0.36 0.376 0.376 0.324
0.376 0.38 0.367 0.367 0.369 0.341 0.341 0.311
0.331 0.343 0.328 0.33 0.332 0.331 0.33 0.297
0.308 0.325 0.303 0.3 0.306 0.328 0.328 0.276
0.319 0.318 0.307 0.311 0.314 0.33 0.33 0.305
0.319 0.316 0.316 0.321 0.322 0.317 0.311 0.281
0.338 0.343 0.335 0.336 0.34 0.325 0.32 0.299
0.342 0.349 0.337 0.34 0.344 0.361 0.361 0.303
0.308 0.339 0.307 0.308 0.31 0.333 0.333 0.295
0.333 0.347 0.326 0.321 0.332 0.321 0.321 0.282
0.328 0.33 0.327 0.327 0.328 0.331 0.331 0.279
0.364 0.383 0.367 0.363 0.369 0.347 0.347 0.317
0.373 0.385 0.367 0.364 0.373 0.364 0.364 0.329
0.325 0.309 0.317 0.314 0.32 0.312 0.312 0.284
0.31 0.317 0.306 0.305 0.311 0.338 0.338 0.271
0.35 0.362 0.339 0.344 0.346 0.348 0.348 0.296
0.319 0.321 0.311 0.309 0.319 0.32 0.32 0.286
0.367 0.369 0.357 0.36 0.37 0.367 0.366 0.322
0.315 0.326 0.307 0.308 0.317 0.329 0.329 0.283
0.345 0.346 0.339 0.339 0.343 0.35 0.35 0.31
0.331 0.354 0.325 0.329 0.335 0.325 0.325 0.286
0.329 0.363 0.326 0.324 0.322 0.339 0.34 0.29
0.343 0.36 0.337 0.341 0.345 0.338 0.338 0.294
0.322 0.349 0.324 0.324 0.325 0.355 0.355 0.296
0.318 0.316 0.314 0.313 0.319 0.326 0.326 0.296
0.376 0.4 0.367 0.372 0.379 0.365 0.366 0.335
0.338 0.372 0.332 0.334 0.334 0.327 0.327 0.282
0.328 0.328 0.323 0.322 0.326 0.354 0.354 0.292
0.327 0.326 0.316 0.316 0.326 0.323 0.323 0.291
0.31 0.315 0.306 0.307 0.31 0.33 0.33 0.274
0.318 0.322 0.316 0.314 0.318 0.368 0.368 0.291
0.328 0.338 0.322 0.326 0.327 0.321 0.321 0.285
0.313 0.313 0.302 0.302 0.302 0.325 0.325 0.282
0.305 0.315 0.303 0.304 0.305 0.308 0.306 0.248
0.307 0.321 0.303 0.303 0.307 0.329 0.329 0.275
0.321 0.346 0.313 0.314 0.318 0.353 0.353 0.302
0.331 0.329 0.319 0.316 0.327 0.327 0.327 0.283
0.318 0.33 0.314 0.316 0.319 0.323 0.323 0.301
0.355 0.377 0.35 0.348 0.358 0.376 0.373 0.339
0.365 0.368 0.358 0.358 0.363 0.335 0.335 0.304
0.296 0.313 0.291 0.289 0.295 0.307 0.307 0.272
0.338 0.338 0.324 0.329 0.341 0.328 0.328 0.294
0.315 0.345 0.308 0.309 0.316 0.337 0.337 0.285
0.345 0.348 0.329 0.328 0.338 0.346 0.346 0.3
0.383 0.386 0.372 0.375 0.381 0.343 0.343 0.319
0.33 0.324 0.324 0.323 0.326 0.319 0.318 0.28
0.368 0.385 0.362 0.357 0.366 0.361 0.361 0.306
0.305 0.336 0.298 0.3 0.306 0.329 0.314 0.284
0.333 0.342 0.327 0.327 0.335 0.344 0.344 0.302
0.339 0.349 0.333 0.332 0.337 0.331 0.331 0.276
0.351 0.357 0.343 0.345 0.352 0.35 0.35 0.307
0.316 0.34 0.313 0.315 0.319 0.34 0.335 0.291
0.335 0.335 0.332 0.334 0.338 0.328 0.329 0.293
0.358 0.355 0.349 0.345 0.353 0.328 0.328 0.301
0.291 0.29 0.288 0.287 0.292 0.306 0.306 0.271
0.329 0.342 0.323 0.323 0.326 0.331 0.331 0.272
0.313 0.336 0.312 0.307 0.315 0.353 0.353 0.312
0.336 0.374 0.336 0.338 0.336 0.361 0.36 0.294
0.32 0.32 0.311 0.31 0.317 0.309 0.309 0.28
0.308 0.329 0.301 0.3 0.307 0.338 0.338 0.278
0.335 0.351 0.331 0.33 0.337 0.341 0.338 0.292
0.353 0.363 0.354 0.352 0.356 0.348 0.348 0.288
0.324 0.319 0.316 0.315 0.325 0.308 0.308 0.273
0.299 0.325 0.29 0.289 0.299 0.363 0.363 0.284
0.379 0.384 0.379 0.379 0.381 0.322 0.322 0.296
0.329 0.34 0.314 0.312 0.321 0.298 0.298 0.283
0.345 0.337 0.343 0.345 0.349 0.319 0.32 0.307
0.321 0.346 0.32 0.318 0.321 0.336 0.336 0.289
0.307 0.327 0.304 0.3 0.307 0.355 0.335 0.307
0.305 0.313 0.296 0.298 0.305 0.325 0.325 0.291
0.348 0.374 0.341 0.339 0.346 0.34 0.34 0.308
0.348 0.336 0.333 0.331 0.341 0.323 0.323 0.282
0.348 0.353 0.342 0.341 0.346 0.342 0.339 0.308
0.341 0.331 0.343 0.342 0.342 0.335 0.335 0.306
0.331 0.331 0.327 0.329 0.329 0.341 0.341 0.289
0.324 0.348 0.32 0.324 0.323 0.355 0.354 0.287
0.324 0.343 0.314 0.316 0.323 0.369 0.369 0.304
0.34 0.337 0.321 0.326 0.329 0.358 0.358 0.299
0.35 0.364 0.349 0.349 0.353 0.373 0.373 0.313
0.34 0.341 0.333 0.334 0.337 0.357 0.358 0.318
0.335 0.347 0.334 0.329 0.335 0.302 0.302 0.266
0.287 0.301 0.281 0.281 0.287 0.324 0.324 0.266
0.339 0.346 0.334 0.331 0.334 0.345 0.345 0.296
0.35 0.358 0.346 0.344 0.349 0.362 0.362 0.288
0.322 0.355 0.315 0.316 0.318 0.337 0.337 0.296
0.32 0.313 0.316 0.313 0.319 0.338 0.338 0.309
0.308 0.332 0.308 0.307 0.311 0.329 0.329 0.279
0.301 0.336 0.3 0.299 0.301 0.35 0.35 0.277
0.323 0.341 0.314 0.314 0.318 0.34 0.34 0.295
0.329 0.338 0.321 0.317 0.324 0.345 0.345 0.294
0.326 0.334 0.309 0.311 0.318 0.336 0.336 0.288
0.336 0.351 0.335 0.335 0.339 0.34 0.34 0.311
0.327 0.353 0.325 0.323 0.329 0.31 0.311 0.282
0.335 0.328 0.331 0.33 0.333 0.334 0.333 0.297
0.312 0.312 0.311 0.313 0.317 0.323 0.323 0.282
0.346 0.376 0.334 0.34 0.344 0.346 0.346 0.315
0.359 0.365 0.356 0.358 0.365 0.315 0.315 0.295
0.308 0.303 0.302 0.302 0.301 0.329 0.329 0.262
0.31 0.33 0.316 0.315 0.322 0.341 0.341 0.295
0.324 0.334 0.32 0.32 0.322 0.327 0.325 0.285
0.322 0.325 0.319 0.319 0.322 0.33 0.33 0.279
0.331 0.322 0.332 0.33 0.33 0.307 0.307 0.263
0.348 0.377 0.336 0.337 0.348 0.336 0.336 0.287
0.346 0.366 0.342 0.341 0.347 0.343 0.342 0.302
0.313 0.307 0.302 0.301 0.309 0.312 0.311 0.269
0.303 0.327 0.3 0.3 0.303 0.315 0.314 0.285
0.316 0.354 0.312 0.311 0.316 0.319 0.32 0.288
0.345 0.369 0.336 0.339 0.347 0.37 0.37 0.311
0.325 0.348 0.319 0.321 0.323 0.307 0.307 0.295
0.299 0.321 0.293 0.292 0.297 0.338 0.338 0.289
0.314 0.324 0.307 0.305 0.311 0.315 0.315 0.274
0.314 0.333 0.307 0.308 0.312 0.336 0.336 0.304
0.327 0.339 0.319 0.321 0.324 0.341 0.341 0.278
0.313 0.328 0.31 0.308 0.311 0.363 0.363 0.297
0.326 0.331 0.324 0.324 0.322 0.325 0.325 0.286
0.346 0.357 0.339 0.339 0.341 0.378 0.378 0.312
0.313 0.345 0.311 0.305 0.317 0.34 0.34 0.286
0.339 0.351 0.331 0.334 0.339 0.336 0.335 0.283
0.317 0.315 0.318 0.318 0.316 0.341 0.34 0.291
0.318 0.334 0.313 0.312 0.32 0.352 0.352 0.295
0.343 0.332 0.337 0.335 0.343 0.372 0.372 0.309
0.335 0.361 0.322 0.325 0.333 0.343 0.343 0.287
0.322 0.331 0.321 0.322 0.322 0.325 0.325 0.272
0.321 0.347 0.309 0.313 0.312 0.323 0.323 0.293
0.307 0.317 0.3 0.297 0.301 0.329 0.329 0.279
0.318 0.329 0.313 0.312 0.32 0.331 0.332 0.289
0.353 0.365 0.338 0.336 0.345 0.356 0.357 0.31
0.336 0.341 0.33 0.33 0.337 0.334 0.334 0.283
0.323 0.334 0.317 0.316 0.318 0.304 0.304 0.262
0.338 0.363 0.333 0.331 0.336 0.362 0.362 0.311
0.33 0.327 0.325 0.324 0.33 0.354 0.354 0.285
0.316 0.325 0.31 0.312 0.316 0.315 0.315 0.275
0.347 0.347 0.339 0.341 0.346 0.36 0.36 0.326
0.345 0.364 0.326 0.331 0.341 0.323 0.323 0.294
0.328 0.348 0.318 0.32 0.325 0.33 0.33 0.284
0.345 0.338 0.34 0.342 0.346 0.361 0.352 0.322
0.329 0.326 0.324 0.322 0.327 0.341 0.338 0.299
0.333 0.354 0.32 0.325 0.327 0.343 0.343 0.301
0.349 0.356 0.348 0.342 0.349 0.341 0.342 0.303
0.361 0.366 0.36 0.358 0.363 0.376 0.376 0.32
0.337 0.365 0.33 0.331 0.337 0.333 0.333 0.295
0.363 0.385 0.355 0.355 0.359 0.348 0.348 0.297
0.325 0.334 0.318 0.316 0.326 0.341 0.341 0.293
0.314 0.343 0.313 0.311 0.314 0.354 0.354 0.288
0.327 0.354 0.318 0.311 0.321 0.319 0.319 0.297
0.35 0.367 0.346 0.347 0.353 0.357 0.357 0.302
0.329 0.344 0.324 0.324 0.327 0.321 0.318 0.276
0.338 0.339 0.326 0.326 0.332 0.329 0.329 0.285
0.323 0.331 0.319 0.318 0.322 0.338 0.339 0.293
0.322 0.326 0.316 0.318 0.321 0.341 0.341 0.298
0.32 0.336 0.316 0.314 0.318 0.319 0.317 0.264
0.333 0.336 0.332 0.333 0.338 0.322 0.322 0.284
0.335 0.347 0.333 0.332 0.333 0.359 0.359 0.296
0.352 0.354 0.343 0.341 0.343 0.318 0.317 0.297
0.3 0.318 0.293 0.293 0.296 0.302 0.302 0.249
0.335 0.36 0.333 0.335 0.338 0.332 0.332 0.288
0.346 0.362 0.342 0.337 0.343 0.351 0.351 0.308
0.319 0.334 0.308 0.304 0.314 0.312 0.312 0.274
0.31 0.33 0.307 0.305 0.31 0.351 0.347 0.306
0.341 0.338 0.337 0.335 0.341 0.326 0.326 0.29
0.331 0.345 0.32 0.319 0.324 0.346 0.346 0.285
0.316 0.337 0.31 0.309 0.315 0.342 0.342 0.295
0.349 0.354 0.345 0.346 0.352 0.327 0.327 0.298
0.296 0.334 0.296 0.289 0.296 0.303 0.303 0.248
0.296 0.306 0.287 0.286 0.297 0.308 0.308 0.265
0.331 0.329 0.324 0.323 0.33 0.354 0.354 0.308
0.348 0.362 0.345 0.345 0.346 0.336 0.336 0.3
0.306 0.315 0.298 0.296 0.303 0.318 0.318 0.276
0.31 0.333 0.308 0.308 0.31 0.317 0.317 0.266
0.318 0.328 0.312 0.311 0.315 0.344 0.344 0.27
0.326 0.33 0.324 0.329 0.326 0.326 0.326 0.281
0.315 0.312 0.307 0.308 0.31 0.36 0.33 0.297
0.353 0.36 0.34 0.341 0.344 0.32 0.32 0.28
0.341 0.324 0.34 0.34 0.341 0.353 0.352 0.287
0.315 0.333 0.313 0.313 0.315 0.333 0.333 0.287
0.35 0.358 0.343 0.344 0.35 0.343 0.343 0.295
0.332 0.336 0.328 0.33 0.335 0.371 0.347 0.324
0.303 0.303 0.3 0.296 0.301 0.331 0.331 0.287
0.342 0.35 0.339 0.339 0.34 0.348 0.348 0.308
0.322 0.313 0.322 0.319 0.322 0.329 0.33 0.293
0.34 0.341 0.332 0.331 0.341 0.364 0.363 0.313
0.321 0.355 0.318 0.317 0.319 0.343 0.34 0.299
0.313 0.327 0.312 0.309 0.311 0.352 0.352 0.299
0.32 0.336 0.315 0.315 0.32 0.327 0.327 0.278
0.277 0.292 0.278 0.277 0.28 0.302 0.302 0.252
0.304 0.312 0.304 0.308 0.312 0.351 0.351 0.283
0.377 0.392 0.372 0.374 0.376 0.359 0.36 0.32
0.343 0.334 0.339 0.338 0.344 0.332 0.332 0.311
0.326 0.332 0.331 0.331 0.334 0.339 0.339 0.277
0.365 0.373 0.362 0.362 0.367 0.366 0.366 0.325
0.324 0.365 0.315 0.319 0.323 0.333 0.333 0.28
0.318 0.349 0.316 0.319 0.316 0.337 0.337 0.311
0.311 0.325 0.307 0.308 0.311 0.308 0.308 0.265
0.308 0.326 0.305 0.301 0.302 0.328 0.328 0.281
0.304 0.314 0.294 0.296 0.305 0.353 0.353 0.289
