0.614 0.614 0.46 0.527 0.614 0.479 0.479 0.614
0.61 0.61 0.506 0.509 0.61 0.518 0.518 0.61
0.611 0.611 0.507 0.489 0.611 0.438 0.438 0.615
0.602 0.602 0.473 0.496 0.602 0.504 0.504 0.602
0.632 0.632 0.5 0.514 0.632 0.504 0.504 0.632
0.651 0.651 0.495 0.461 0.651 0.488 0.488 0.654
0.6 0.6 0.489 0.51 0.6 0.461 0.46 0.603
0.62 0.62 0.507 0.518 0.62 0.446 0.446 0.621
0.643 0.643 0.475 0.502 0.643 0.489 0.489 0.643
0.618 0.618 0.495 0.49 0.618 0.502 0.502 0.618
0.613 0.613 0.525 0.478 0.613 0.484 0.484 0.613
0.603 0.603 0.5 0.484 0.603 0.498 0.498 0.603
0.635 0.635 0.505 0.489 0.635 0.482 0.482 0.635
0.629 0.629 0.499 0.475 0.629 0.505 0.505 0.629
0.629 0.629 0.506 0.521 0.629 0.44 0.44 0.628
0.613 0.613 0.514 0.469 0.613 0.488 0.488 0.612
0.639 0.639 0.491 0.516 0.639 0.476 0.476 0.639
0.607 0.607 0.512 0.525 0.607 0.441 0.442 0.606
0.587 0.587 0.501 0.497 0.587 0.484 0.484 0.587
0.627 0.627 0.497 0.505 0.627 0.469 0.469 0.626
0.608 0.608 0.472 0.485 0.608 0.443 0.443 0.61
0.64 0.64 0.471 0.517 0.64 0.485 0.485 0.64
0.593 0.593 0.508 0.478 0.593 0.466 0.466 0.59
0.636 0.636 0.492 0.476 0.636 0.492 0.492 0.637
0.611 0.611 0.472 0.491 0.611 0.42 0.42 0.613
0.609 0.609 0.489 0.508 0.609 0.468 0.468 0.607
0.611 0.611 0.488 0.525 0.611 0.459 0.459 0.611
0.612 0.612 0.506 0.513 0.612 0.468 0.468 0.609
0.61 0.61 0.506 0.501 0.61 0.45 0.45 0.613
0.609 0.609 0.509 0.515 0.609 0.478 0.478 0.609
0.62 0.62 0.512 0.475 0.62 0.483 0.483 0.62
0.619 0.619 0.501 0.491 0.619 0.459 0.459 0.62
0.605 0.605 0.52 0.49 0.605 0.498 0.498 0.607
0.597 0.597 0.48 0.512 0.597 0.448 0.448 0.599
0.628 0.628 0.507 0.456 0.628 0.49 0.491 0.628
0.621 0.621 0.521 0.484 0.621 0.478 0.478 0.621
0.605 0.605 0.506 0.521 0.605 0.519 0.519 0.605
0.601 0.601 0.525 0.499 0.601 0.49 0.49 0.599
0.625 0.625 0.499 0.51 0.625 0.517 0.516 0.625
0.62 0.62 0.486 0.485 0.62 0.458 0.458 0.62
0.616 0.616 0.521 0.474 0.616 0.474 0.474 0.616
0.656 0.656 0.524 0.522 0.656 0.505 0.505 0.656
0.594 0.594 0.483 0.522 0.594 0.501 0.501 0.594
0.606 0.606 0.484 0.521 0.606 0.454 0.454 0.605
0.62 0.62 0.514 0.524 0.62 0.437 0.437 0.621
0.606 0.606 0.48 0.503 0.606 0.469 0.469 0.604
0.604 0.604 0.505 0.521 0.604 0.454 0.454 0.604
0.605 0.605 0.514 0.507 0.605 0.515 0.515 0.605
0.639 0.639 0.515 0.475 0.639 0.49 0.49 0.639
0.61 0.61 0.487 0.511 0.61 0.48 0.48 0.61
0.612 0.612 0.511 0.535 0.612 0.494 0.494 0.612
0.616 0.616 0.505 0.503 0.616 0.437 0.438 0.619
0.611 0.611 0.484 0.517 0.611 0.47 0.47 0.613
0.605 0.605 0.484 0.523 0.605 0.473 0.473 0.605
0.592 0.592 0.492 0.498 0.592 0.474 0.474 0.592
0.588 0.588 0.519 0.49 0.588 0.506 0.506 0.588
0.609 0.609 0.53 0.519 0.609 0.445 0.445 0.609
0.604 0.604 0.513 0.499 0.604 0.422 0.422 0.602
0.622 0.622 0.486 0.476 0.622 0.491 0.491 0.622
0.595 0.595 0.501 0.506 0.595 0.461 0.461 0.595
0.611 0.611 0.523 0.496 0.611 0.485 0.485 0.611
0.647 0.647 0.494 0.522 0.647 0.516 0.516 0.647
0.622 0.622 0.508 0.487 0.622 0.453 0.453 0.622
0.627 0.627 0.504 0.486 0.627 0.452 0.452 0.628
0.62 0.62 0.502 0.477 0.62 0.48 0.48 0.619
0.616 0.616 0.502 0.499 0.616 0.474 0.474 0.614
0.601 0.601 0.502 0.509 0.601 0.474 0.475 0.599
0.578 0.578 0.495 0.48 0.578 0.467 0.467 0.578
0.598 0.598 0.52 0.507 0.598 0.492 0.492 0.6
0.612 0.612 0.522 0.496 0.612 0.473 0.473 0.613
0.611 0.611 0.491 0.52 0.611 0.44 0.44 0.614
0.594 0.594 0.495 0.497 0.594 0.49 0.489 0.594
0.632 0.632 0.517 0.505 0.632 0.472 0.472 0.632
0.599 0.599 0.484 0.53 0.599 0.489 0.487 0.599
0.595 0.595 0.498 0.499 0.595 0.474 0.475 0.597
0.581 0.581 0.477 0.496 0.581 0.483 0.483 0.581
0.606 0.606 0.493 0.484 0.606 0.457 0.457 0.609
0.612 0.612 0.495 0.467 0.612 0.485 0.485 0.615
0.617 0.617 0.5 0.523 0.617 0.494 0.494 0.617
0.629 0.629 0.512 0.502 0.629 0.47 0.47 0.629
0.629 0.629 0.502 0.525 0.629 0.481 0.481 0.629
0.617 0.617 0.499 0.517 0.617 0.478 0.478 0.617
0.617 0.617 0.521 0.523 0.617 0.436 0.436 0.623
0.598 0.598 0.494 0.479 0.598 0.522 0.522 0.598
0.604 0.604 0.483 0.494 0.604 0.483 0.483 0.604
0.606 0.606 0.513 0.492 0.606 0.48 0.48 0.606
0.597 0.597 0.483 0.526 0.597 0.47 0.47 0.597
0.63 0.63 0.493 0.51 0.63 0.457 0.457 0.631
0.589 0.589 0.5 0.526 0.589 0.507 0.508 0.589
0.609 0.609 0.463 0.517 0.609 0.517 0.517 0.609
0.564 0.564 0.493 0.485 0.564 0.495 0.495 0.562
0.627 0.627 0.503 0.511 0.627 0.497 0.497 0.627
0.607 0.607 0.5 0.498 0.607 0.511 0.511 0.607
0.624 0.624 0.507 0.482 0.624 0.481 0.481 0.624
0.624 0.624 0.514 0.488 0.624 0.444 0.444 0.624
0.611 0.611 0.511 0.501 0.611 0.465 0.464 0.611
0.61 0.61 0.495 0.493 0.61 0.495 0.495 0.611
0.612 0.612 0.492 0.516 0.612 0.527 0.527 0.612
0.625 0.625 0.508 0.493 0.625 0.464 0.464 0.624
0.619 0.619 0.505 0.465 0.619 0.459 0.459 0.619
0.63 0.63 0.499 0.479 0.63 0.53 0.53 0.63
0.614 0.614 0.501 0.5 0.614 0.46 0.46 0.612
0.641 0.641 0.5 0.483 0.641 0.492 0.492 0.642
0.628 0.628 0.499 0.524 0.628 0.456 0.456 0.631
0.615 0.615 0.477 0.493 0.615 0.498 0.498 0.615
0.616 0.616 0.517 0.508 0.616 0.456 0.456 0.611
0.625 0.625 0.475 0.512 0.625 0.455 0.455 0.625
0.604 0.604 0.471 0.478 0.604 0.46 0.462 0.603
0.587 0.587 0.508 0.514 0.587 0.486 0.486 0.587
0.577 0.577 0.493 0.514 0.577 0.49 0.49 0.577
0.588 0.588 0.539 0.464 0.588 0.471 0.471 0.588
0.591 0.591 0.512 0.491 0.591 0.474 0.474 0.591
0.625 0.625 0.507 0.498 0.625 0.475 0.475 0.625
0.609 0.609 0.501 0.51 0.609 0.506 0.506 0.609
0.62 0.62 0.507 0.525 0.62 0.46 0.459 0.624
0.604 0.604 0.504 0.516 0.604 0.489 0.489 0.606
0.636 0.636 0.505 0.498 0.636 0.469 0.469 0.636
0.598 0.598 0.506 0.5 0.598 0.5 0.5 0.598
0.618 0.618 0.492 0.514 0.618 0.488 0.488 0.618
0.594 0.594 0.495 0.492 0.594 0.495 0.495 0.594
0.606 0.606 0.489 0.488 0.606 0.428 0.428 0.601
0.604 0.604 0.525 0.501 0.604 0.458 0.458 0.603
0.612 0.612 0.503 0.491 0.612 0.476 0.476 0.612
0.614 0.614 0.483 0.491 0.614 0.523 0.523 0.614
0.612 0.612 0.501 0.523 0.612 0.489 0.489 0.612
0.63 0.63 0.496 0.525 0.63 0.46 0.461 0.63
0.62 0.62 0.509 0.519 0.62 0.468 0.468 0.62
0.606 0.606 0.513 0.511 0.606 0.497 0.497 0.606
0.616 0.616 0.512 0.487 0.616 0.472 0.472 0.616
0.619 0.619 0.499 0.511 0.619 0.485 0.485 0.62
0.596 0.596 0.493 0.523 0.596 0.481 0.481 0.597
0.641 0.641 0.481 0.491 0.641 0.485 0.485 0.643
0.641 0.641 0.517 0.505 0.641 0.436 0.436 0.639
0.62 0.62 0.507 0.5 0.62 0.493 0.493 0.62
0.589 0.589 0.514 0.492 0.589 0.469 0.469 0.589
0.597 0.597 0.477 0.498 0.597 0.457 0.457 0.597
0.601 0.601 0.514 0.502 0.601 0.459 0.459 0.601
0.587 0.587 0.493 0.504 0.587 0.49 0.49 0.592
0.617 0.617 0.51 0.499 0.617 0.466 0.466 0.617
0.614 0.614 0.496 0.522 0.614 0.456 0.456 0.61
0.609 0.609 0.475 0.508 0.609 0.486 0.486 0.609
0.613 0.613 0.5 0.518 0.613 0.475 0.475 0.614
0.614 0.614 0.499 0.491 0.614 0.495 0.495 0.615
0.629 0.629 0.506 0.509 0.629 0.495 0.495 0.629
0.615 0.615 0.507 0.495 0.615 0.52 0.52 0.615
0.619 0.619 0.491 0.531 0.619 0.477 0.477 0.618
0.627 0.627 0.497 0.51 0.627 0.485 0.485 0.627
0.612 0.612 0.518 0.489 0.612 0.494 0.494 0.612
0.615 0.615 0.508 0.516 0.615 0.441 0.441 0.616
0.594 0.594 0.515 0.489 0.594 0.49 0.49 0.594
0.609 0.609 0.491 0.497 0.609 0.476 0.476 0.608
0.592 0.592 0.506 0.517 0.592 0.503 0.503 0.592
0.625 0.625 0.509 0.502 0.625 0.48 0.48 0.626
0.615 0.615 0.494 0.529 0.615 0.45 0.45 0.615
0.578 0.578 0.486 0.507 0.578 0.512 0.512 0.578
0.613 0.613 0.498 0.509 0.613 0.504 0.504 0.613
0.607 0.607 0.483 0.497 0.607 0.431 0.431 0.612
0.612 0.612 0.508 0.509 0.612 0.461 0.461 0.611
0.613 0.613 0.511 0.503 0.613 0.477 0.477 0.613
0.649 0.649 0.5 0.512 0.649 0.445 0.445 0.649
0.634 0.634 0.496 0.519 0.634 0.523 0.523 0.634
0.643 0.643 0.477 0.475 0.643 0.474 0.474 0.643
0.618 0.618 0.478 0.521 0.618 0.501 0.501 0.618
0.64 0.64 0.524 0.507 0.64 0.481 0.481 0.64
0.605 0.605 0.495 0.488 0.605 0.466 0.466 0.605
0.626 0.626 0.489 0.488 0.626 0.475 0.475 0.626
0.617 0.617 0.505 0.502 0.617 0.496 0.496 0.617
0.629 0.629 0.508 0.534 0.629 0.473 0.473 0.629
0.623 0.623 0.52 0.53 0.623 0.474 0.475 0.624
0.6 0.6 0.503 0.521 0.6 0.452 0.452 0.604
0.64 0.64 0.525 0.51 0.64 0.467 0.467 0.64
0.598 0.598 0.514 0.503 0.598 0.486 0.486 0.598
0.62 0.62 0.526 0.488 0.62 0.514 0.514 0.62
0.616 0.616 0.51 0.503 0.616 0.464 0.464 0.616
0.597 0.597 0.495 0.516 0.597 0.486 0.486 0.599
0.629 0.629 0.468 0.505 0.629 0.495 0.495 0.629
0.632 0.632 0.493 0.516 0.632 0.483 0.483 0.632
0.617 0.617 0.478 0.509 0.617 0.44 0.44 0.617
0.621 0.621 0.487 0.526 0.621 0.479 0.479 0.62
0.627 0.627 0.498 0.492 0.627 0.504 0.504 0.627
0.618 0.618 0.488 0.505 0.618 0.492 0.492 0.618
0.637 0.637 0.505 0.507 0.637 0.466 0.466 0.638
0.615 0.615 0.503 0.495 0.615 0.522 0.522 0.615
0.617 0.617 0.475 0.484 0.617 0.451 0.451 0.616
0.619 0.619 0.506 0.508 0.619 0.505 0.505 0.619
0.582 0.582 0.523 0.464 0.582 0.513 0.513 0.582
0.61 0.61 0.508 0.52 0.61 0.514 0.514 0.61
0.587 0.587 0.491 0.518 0.587 0.484 0.483 0.588
0.625 0.625 0.508 0.504 0.625 0.474 0.474 0.624
0.587 0.587 0.501 0.496 0.587 0.47 0.47 0.587
0.636 0.636 0.493 0.504 0.636 0.467 0.467 0.637
0.618 0.618 0.493 0.463 0.618 0.481 0.481 0.618
0.618 0.618 0.508 0.504 0.618 0.454 0.454 0.615
0.585 0.585 0.523 0.505 0.585 0.461 0.461 0.585
0.626 0.626 0.487 0.542 0.626 0.449 0.449 0.626
0.603 0.603 0.496 0.518 0.603 0.481 0.481 0.604
0.616 0.616 0.513 0.503 0.616 0.475 0.475 0.616
0.595 0.595 0.473 0.472 0.595 0.464 0.464 0.595
0.612 0.612 0.523 0.508 0.612 0.453 0.453 0.609
0.609 0.609 0.513 0.532 0.609 0.477 0.477 0.607
0.6 0.6 0.523 0.483 0.6 0.478 0.478 0.6
0.621 0.621 0.49 0.489 0.621 0.475 0.475 0.623
0.598 0.598 0.508 0.518 0.598 0.468 0.468 0.598
0.603 0.603 0.504 0.48 0.603 0.447 0.447 0.603
0.617 0.617 0.498 0.512 0.617 0.48 0.48 0.617
0.604 0.604 0.497 0.511 0.604 0.522 0.522 0.604
0.611 0.611 0.489 0.492 0.611 0.488 0.488 0.611
0.612 0.612 0.49 0.491 0.612 0.451 0.451 0.614
0.583 0.583 0.476 0.504 0.583 0.502 0.502 0.582
0.6 0.6 0.525 0.51 0.6 0.458 0.458 0.6
0.606 0.606 0.511 0.499 0.606 0.51 0.51 0.606
0.594 0.594 0.485 0.516 0.594 0.489 0.489 0.594
0.607 0.607 0.502 0.555 0.607 0.479 0.479 0.607
0.588 0.588 0.516 0.52 0.588 0.491 0.491 0.588
0.6 0.6 0.503 0.497 0.6 0.484 0.484 0.599
0.621 0.621 0.481 0.477 0.621 0.47 0.47 0.62
0.625 0.625 0.533 0.498 0.625 0.473 0.473 0.626
0.639 0.639 0.477 0.493 0.639 0.458 0.458 0.643
0.622 0.622 0.501 0.501 0.622 0.439 0.439 0.627
0.595 0.595 0.474 0.495 0.595 0.499 0.499 0.595
0.602 0.602 0.501 0.475 0.602 0.476 0.476 0.602
0.625 0.625 0.487 0.508 0.625 0.455 0.455 0.625
0.611 0.611 0.501 0.483 0.611 0.504 0.504 0.612
0.628 0.628 0.489 0.532 0.628 0.517 0.517 0.628
0.62 0.62 0.46 0.488 0.62 0.446 0.446 0.623
0.598 0.598 0.487 0.497 0.598 0.505 0.505 0.598
0.623 0.623 0.5 0.501 0.623 0.553 0.553 0.623
0.63 0.63 0.521 0.483 0.63 0.459 0.459 0.63
0.615 0.615 0.522 0.506 0.615 0.454 0.453 0.615
0.585 0.585 0.497 0.516 0.585 0.504 0.504 0.585
0.588 0.588 0.484 0.473 0.588 0.528 0.528 0.588
0.614 0.614 0.494 0.483 0.614 0.527 0.527 0.614
0.592 0.592 0.514 0.484 0.592 0.496 0.496 0.591
0.609 0.609 0.496 0.484 0.609 0.477 0.477 0.609
0.596 0.596 0.523 0.492 0.596 0.49 0.49 0.594
0.61 0.61 0.494 0.522 0.61 0.477 0.477 0.611
0.614 0.614 0.492 0.486 0.614 0.491 0.491 0.614
0.596 0.596 0.496 0.456 0.596 0.512 0.512 0.596
0.585 0.585 0.513 0.492 0.585 0.494 0.494 0.585
0.6 0.6 0.485 0.499 0.6 0.457 0.457 0.6
0.615 0.615 0.504 0.492 0.615 0.485 0.485 0.615
0.622 0.622 0.506 0.518 0.622 0.5 0.5 0.622
0.611 0.611 0.51 0.506 0.611 0.497 0.497 0.611
0.603 0.603 0.501 0.516 0.603 0.46 0.46 0.602
0.6 0.6 0.483 0.519 0.6 0.485 0.486 0.6
0.636 0.636 0.512 0.504 0.636 0.472 0.472 0.637
0.621 0.621 0.505 0.489 0.621 0.471 0.471 0.62
0.636 0.636 0.496 0.483 0.636 0.431 0.431 0.636
0.611 0.611 0.49 0.507 0.611 0.48 0.48 0.611
0.621 0.621 0.482 0.509 0.621 0.503 0.503 0.621
0.64 0.64 0.472 0.493 0.64 0.461 0.461 0.641
0.624 0.624 0.492 0.476 0.624 0.458 0.458 0.624
0.619 0.619 0.471 0.5 0.619 0.469 0.469 0.619
0.616 0.616 0.499 0.51 0.616 0.506 0.506 0.616
0.624 0.624 0.514 0.487 0.624 0.46 0.46 0.624
0.596 0.596 0.5 0.537 0.596 0.499 0.499 0.596
0.612 0.612 0.466 0.5 0.612 0.484 0.484 0.612
0.612 0.612 0.519 0.49 0.612 0.49 0.49 0.612
0.621 0.621 0.496 0.539 0.621 0.475 0.475 0.622
0.646 0.646 0.494 0.504 0.646 0.507 0.507 0.645
0.572 0.572 0.489 0.526 0.572 0.48 0.48 0.571
0.624 0.624 0.505 0.51 0.624 0.463 0.463 0.624
0.64 0.64 0.515 0.484 0.64 0.462 0.462 0.64
0.591 0.591 0.477 0.51 0.591 0.446 0.446 0.591
0.61 0.61 0.504 0.503 0.61 0.448 0.448 0.612
0.626 0.626 0.498 0.5 0.626 0.487 0.487 0.626
0.587 0.587 0.509 0.505 0.587 0.46 0.46 0.588
0.596 0.596 0.493 0.484 0.596 0.479 0.479 0.594
0.616 0.616 0.503 0.51 0.616 0.503 0.503 0.615
0.608 0.608 0.455 0.503 0.608 0.428 0.428 0.612
0.612 0.612 0.486 0.505 0.612 0.458 0.458 0.615
0.614 0.614 0.508 0.511 0.614 0.486 0.486 0.614
0.612 0.612 0.529 0.494 0.612 0.457 0.457 0.614
0.612 0.612 0.509 0.497 0.612 0.456 0.456 0.614
0.599 0.599 0.517 0.489 0.599 0.485 0.484 0.6
0.626 0.626 0.532 0.516 0.626 0.48 0.48 0.627
0.606 0.606 0.503 0.471 0.606 0.523 0.523 0.606
0.573 0.573 0.5 0.485 0.573 0.482 0.483 0.572
0.581 0.581 0.497 0.514 0.581 0.475 0.475 0.584
0.596 0.596 0.498 0.502 0.596 0.488 0.489 0.596
0.58 0.58 0.484 0.496 0.58 0.464 0.464 0.579
0.588 0.588 0.463 0.502 0.588 0.438 0.438 0.594
0.624 0.624 0.51 0.528 0.624 0.529 0.529 0.624
0.625 0.625 0.473 0.482 0.625 0.466 0.466 0.625
0.613 0.613 0.503 0.527 0.613 0.47 0.47 0.613
0.617 0.617 0.501 0.493 0.617 0.452 0.452 0.616
0.632 0.632 0.5 0.516 0.632 0.494 0.494 0.632
0.611 0.611 0.5 0.488 0.611 0.544 0.544 0.611
0.624 0.624 0.525 0.497 0.624 0.49 0.49 0.624
0.625 0.625 0.496 0.516 0.625 0.511 0.511 0.625
0.591 0.591 0.519 0.526 0.591 0.521 0.521 0.591
0.605 0.605 0.525 0.525 0.605 0.491 0.491 0.605
0.58 0.58 0.505 0.524 0.58 0.492 0.492 0.58
0.631 0.631 0.48 0.492 0.631 0.443 0.443 0.626
0.605 0.605 0.486 0.517 0.605 0.497 0.497 0.605
0.616 0.616 0.517 0.489 0.616 0.463 0.463 0.616
0.617 0.617 0.508 0.482 0.617 0.475 0.475 0.617
0.63 0.63 0.489 0.496 0.63 0.518 0.518 0.63
0.608 0.608 0.471 0.502 0.608 0.469 0.469 0.608
0.602 0.602 0.484 0.508 0.602 0.448 0.448 0.602
0.638 0.638 0.496 0.49 0.638 0.483 0.483 0.638
0.614 0.614 0.492 0.491 0.614 0.502 0.502 0.614
0.602 0.602 0.515 0.502 0.602 0.466 0.466 0.608
0.608 0.608 0.505 0.485 0.608 0.488 0.488 0.609
0.619 0.619 0.52 0.471 0.619 0.454 0.454 0.62
0.594 0.594 0.479 0.483 0.594 0.501 0.501 0.594
0.63 0.63 0.504 0.474 0.63 0.501 0.501 0.63
0.602 0.602 0.494 0.523 0.602 0.465 0.465 0.602
0.612 0.612 0.48 0.495 0.612 0.467 0.467 0.612
0.608 0.608 0.509 0.542 0.608 0.478 0.478 0.608
0.618 0.618 0.499 0.5 0.618 0.474 0.474 0.618
0.595 0.595 0.49 0.492 0.595 0.532 0.532 0.595
0.589 0.589 0.492 0.496 0.589 0.47 0.47 0.59
0.636 0.636 0.497 0.479 0.636 0.447 0.447 0.635
0.575 0.575 0.494 0.514 0.575 0.465 0.465 0.575
0.609 0.609 0.502 0.47 0.609 0.447 0.447 0.609
0.604 0.604 0.526 0.501 0.604 0.46 0.459 0.605
0.594 0.594 0.477 0.491 0.594 0.443 0.443 0.598
0.587 0.587 0.519 0.495 0.587 0.478 0.478 0.587
0.617 0.617 0.516 0.505 0.617 0.493 0.493 0.617
0.617 0.617 0.511 0.477 0.617 0.507 0.507 0.617
0.621 0.621 0.519 0.487 0.621 0.472 0.472 0.621
0.627 0.627 0.517 0.511 0.627 0.412 0.412 0.627
0.603 0.603 0.487 0.491 0.603 0.426 0.426 0.603
0.621 0.621 0.489 0.48 0.621 0.448 0.448 0.624
0.62 0.62 0.487 0.504 0.62 0.524 0.524 0.62
0.603 0.603 0.502 0.515 0.603 0.486 0.486 0.603
0.597 0.597 0.519 0.502 0.597 0.474 0.474 0.598
0.619 0.619 0.502 0.477 0.619 0.486 0.486 0.619
0.607 0.607 0.5 0.521 0.607 0.49 0.49 0.607
0.61 0.61 0.516 0.514 0.61 0.469 0.469 0.609
0.604 0.604 0.479 0.48 0.604 0.529 0.529 0.604
0.618 0.618 0.505 0.521 0.618 0.492 0.492 0.618
0.612 0.612 0.514 0.513 0.612 0.506 0.506 0.612
0.643 0.643 0.492 0.509 0.643 0.456 0.456 0.643
0.611 0.611 0.505 0.512 0.611 0.519 0.519 0.611
0.621 0.621 0.491 0.512 0.621 0.483 0.483 0.621
0.619 0.619 0.482 0.504 0.619 0.411 0.411 0.623
0.63 0.63 0.5 0.514 0.63 0.455 0.455 0.632
0.619 0.619 0.492 0.512 0.619 0.473 0.473 0.619
0.615 0.615 0.44 0.517 0.615 0.477 0.477 0.613
0.595 0.595 0.497 0.485 0.595 0.509 0.509 0.596
0.65 0.65 0.508 0.493 0.65 0.498 0.498 0.649
0.626 0.626 0.474 0.479 0.626 0.487 0.487 0.626
0.577 0.577 0.473 0.492 0.577 0.502 0.502 0.578
0.592 0.592 0.504 0.512 0.592 0.453 0.453 0.595
0.619 0.619 0.478 0.478 0.619 0.489 0.489 0.619
0.626 0.626 0.489 0.528 0.626 0.482 0.482 0.626
0.635 0.635 0.488 0.463 0.635 0.476 0.476 0.635
0.622 0.622 0.491 0.489 0.622 0.436 0.436 0.623
0.614 0.614 0.483 0.52 0.614 0.429 0.429 0.613
0.641 0.641 0.484 0.477 0.641 0.459 0.459 0.641
0.633 0.633 0.482 0.496 0.633 0.45 0.45 0.633
0.62 0.62 0.517 0.509 0.62 0.432 0.432 0.628
0.623 0.623 0.503 0.467 0.623 0.5 0.5 0.623
0.617 0.617 0.5 0.483 0.617 0.466 0.466 0.617
0.608 0.608 0.511 0.495 0.608 0.497 0.497 0.608
0.626 0.626 0.47 0.5 0.626 0.499 0.499 0.626
0.625 0.625 0.489 0.498 0.625 0.452 0.453 0.628
0.628 0.628 0.525 0.503 0.628 0.477 0.477 0.628
0.624 0.624 0.502 0.505 0.624 0.486 0.486 0.624
0.605 0.605 0.484 0.47 0.605 0.456 0.456 0.604
0.64 0.64 0.462 0.493 0.64 0.468 0.468 0.64
0.634 0.634 0.494 0.523 0.634 0.491 0.491 0.635
0.622 0.622 0.504 0.498 0.622 0.499 0.499 0.622
0.651 0.651 0.505 0.525 0.651 0.453 0.453 0.645
0.597 0.597 0.449 0.482 0.597 0.465 0.465 0.6
0.613 0.613 0.489 0.503 0.613 0.468 0.468 0.613
0.61 0.61 0.52 0.472 0.61 0.465 0.465 0.614
0.6 0.6 0.501 0.513 0.6 0.51 0.51 0.601
0.612 0.612 0.486 0.485 0.612 0.446 0.446 0.612
0.633 0.633 0.485 0.541 0.633 0.443 0.442 0.632
0.587 0.587 0.515 0.502 0.587 0.501 0.501 0.587
0.623 0.623 0.524 0.486 0.623 0.462 0.462 0.622
0.605 0.605 0.518 0.466 0.605 0.463 0.463 0.605
0.597 0.597 0.506 0.496 0.597 0.449 0.449 0.598
0.618 0.618 0.494 0.497 0.618 0.48 0.48 0.618
0.605 0.605 0.493 0.514 0.605 0.455 0.455 0.605
0.589 0.589 0.499 0.51 0.589 0.5 0.501 0.589
0.62 0.62 0.503 0.521 0.62 0.476 0.476 0.62
0.604 0.604 0.499 0.502 0.604 0.498 0.498 0.604
0.599 0.599 0.482 0.506 0.599 0.477 0.478 0.599
0.619 0.619 0.478 0.48 0.619 0.391 0.391 0.627
0.607 0.607 0.504 0.502 0.607 0.448 0.448 0.608
0.61 0.61 0.488 0.503 0.61 0.511 0.51 0.61
0.593 0.593 0.504 0.487 0.593 0.473 0.473 0.594
0.626 0.626 0.53 0.493 0.626 0.455 0.455 0.628
0.607 0.607 0.5 0.516 0.607 0.448 0.448 0.607
0.635 0.635 0.503 0.483 0.635 0.448 0.448 0.635
0.615 0.615 0.529 0.453 0.615 0.458 0.457 0.615
0.584 0.584 0.514 0.494 0.584 0.49 0.49 0.584
0.609 0.609 0.506 0.5 0.609 0.461 0.461 0.607
0.655 0.655 0.513 0.482 0.655 0.472 0.472 0.653
0.613 0.613 0.487 0.481 0.613 0.512 0.512 0.613
0.636 0.636 0.512 0.494 0.636 0.509 0.509 0.636
0.593 0.593 0.506 0.512 0.593 0.519 0.519 0.593
0.601 0.601 0.478 0.516 0.601 0.451 0.452 0.602
0.603 0.603 0.497 0.495 0.603 0.463 0.463 0.602
0.598 0.598 0.491 0.506 0.598 0.501 0.501 0.598
0.611 0.611 0.492 0.485 0.611 0.49 0.49 0.611
0.59 0.59 0.464 0.491 0.59 0.509 0.509 0.59
0.601 0.601 0.473 0.54 0.601 0.465 0.465 0.601
0.609 0.609 0.467 0.506 0.609 0.465 0.465 0.609
0.62 0.62 0.494 0.51 0.62 0.494 0.494 0.62
0.614 0.614 0.504 0.49 0.614 0.464 0.464 0.613
0.615 0.615 0.518 0.512 0.615 0.457 0.457 0.617
0.608 0.608 0.504 0.49 0.608 0.482 0.482 0.61
0.607 0.607 0.511 0.492 0.607 0.467 0.467 0.607
0.603 0.603 0.515 0.489 0.603 0.496 0.495 0.603
0.627 0.627 0.494 0.493 0.627 0.446 0.446 0.627
0.634 0.634 0.508 0.521 0.634 0.495 0.495 0.634
0.617 0.617 0.464 0.502 0.617 0.5 0.5 0.617
0.625 0.625 0.496 0.517 0.625 0.44 0.44 0.621
0.606 0.606 0.512 0.512 0.606 0.48 0.48 0.606
0.604 0.604 0.54 0.483 0.604 0.497 0.497 0.604
0.609 0.609 0.494 0.5 0.609 0.478 0.478 0.609
0.631 0.631 0.501 0.522 0.631 0.477 0.477 0.631
0.623 0.623 0.48 0.488 0.623 0.511 0.511 0.623
0.582 0.582 0.5 0.482 0.582 0.498 0.498 0.583
0.603 0.603 0.506 0.49 0.603 0.492 0.492 0.603
0.605 0.605 0.486 0.48 0.605 0.506 0.507 0.606
0.639 0.639 0.477 0.474 0.639 0.436 0.436 0.639
0.616 0.616 0.512 0.495 0.616 0.461 0.461 0.615
0.599 0.599 0.502 0.493 0.599 0.463 0.464 0.601
0.619 0.619 0.474 0.496 0.619 0.485 0.485 0.618
0.615 0.615 0.483 0.465 0.615 0.48 0.48 0.613
0.632 0.632 0.503 0.476 0.632 0.47 0.47 0.632
0.614 0.614 0.506 0.523 0.614 0.462 0.462 0.614
0.625 0.625 0.494 0.516 0.625 0.441 0.441 0.624
0.637 0.637 0.527 0.505 0.637 0.437 0.437 0.638
0.622 0.622 0.483 0.491 0.622 0.426 0.426 0.624
0.602 0.602 0.482 0.545 0.602 0.459 0.459 0.602
0.6 0.6 0.509 0.512 0.6 0.468 0.468 0.601
0.622 0.622 0.472 0.483 0.622 0.504 0.504 0.622
0.613 0.613 0.503 0.515 0.613 0.5 0.5 0.613
0.621 0.621 0.516 0.505 0.621 0.488 0.488 0.62
0.63 0.63 0.508 0.515 0.63 0.463 0.463 0.63
0.634 0.634 0.498 0.505 0.634 0.496 0.496 0.634
0.617 0.617 0.517 0.503 0.617 0.456 0.456 0.617
0.612 0.612 0.498 0.514 0.612 0.47 0.47 0.612
0.612 0.612 0.505 0.495 0.612 0.48 0.48 0.612
0.621 0.621 0.496 0.489 0.621 0.492 0.492 0.621
0.599 0.599 0.513 0.505 0.599 0.426 0.426 0.597
0.611 0.611 0.502 0.503 0.611 0.441 0.441 0.613
0.595 0.595 0.491 0.474 0.595 0.482 0.482 0.595
0.61 0.61 0.495 0.508 0.61 0.484 0.484 0.61
0.628 0.628 0.516 0.513 0.628 0.489 0.489 0.628
0.609 0.609 0.499 0.521 0.609 0.477 0.477 0.609
0.607 0.607 0.515 0.5 0.607 0.469 0.469 0.608
0.628 0.628 0.487 0.502 0.628 0.494 0.494 0.628
0.59 0.59 0.501 0.5 0.59 0.474 0.474 0.59
0.634 0.634 0.473 0.496 0.634 0.454 0.454 0.63
0.63 0.63 0.506 0.519 0.63 0.48 0.481 0.633
0.6 0.6 0.518 0.515 0.6 0.497 0.497 0.6
0.612 0.612 0.496 0.497 0.612 0.492 0.492 0.612
0.644 0.644 0.484 0.492 0.644 0.454 0.454 0.643
0.615 0.615 0.507 0.498 0.615 0.471 0.471 0.615
0.617 0.617 0.471 0.509 0.617 0.479 0.479 0.613
0.58 0.58 0.511 0.478 0.58 0.465 0.465 0.579
0.604 0.604 0.518 0.518 0.604 0.498 0.498 0.604
0.622 0.622 0.511 0.478 0.622 0.428 0.428 0.625
0.622 0.622 0.527 0.502 0.622 0.425 0.425 0.622
0.621 0.621 0.494 0.513 0.621 0.462 0.462 0.62
0.623 0.623 0.479 0.501 0.623 0.471 0.471 0.624
0.623 0.623 0.517 0.496 0.623 0.476 0.476 0.622
0.611 0.611 0.529 0.494 0.611 0.477 0.477 0.612
0.591 0.591 0.512 0.509 0.591 0.462 0.462 0.587
0.618 0.618 0.492 0.53 0.618 0.454 0.454 0.618
0.607 0.607 0.514 0.505 0.607 0.501 0.501 0.607
0.644 0.644 0.51 0.491 0.644 0.455 0.455 0.643
0.631 0.631 0.488 0.501 0.631 0.454 0.454 0.632
0.632 0.632 0.485 0.487 0.632 0.459 0.46 0.633
0.625 0.625 0.479 0.501 0.625 0.476 0.476 0.625
0.616 0.616 0.479 0.521 0.616 0.462 0.462 0.616
0.614 0.614 0.519 0.489 0.614 0.468 0.468 0.614
0.631 0.631 0.475 0.491 0.631 0.474 0.474 0.631
0.618 0.618 0.497 0.513 0.618 0.503 0.503 0.618
0.619 0.619 0.487 0.504 0.619 0.48 0.48 0.619
0.605 0.605 0.501 0.491 0.605 0.47 0.47 0.605
0.592 0.592 0.542 0.507 0.592 0.461 0.461 0.591
0.609 0.609 0.512 0.497 0.609 0.462 0.462 0.609
0.623 0.623 0.503 0.486 0.623 0.5 0.5 0.623
0.641 0.641 0.487 0.482 0.641 0.519 0.519 0.641
0.623 0.623 0.496 0.464 0.623 0.476 0.476 0.623
0.608 0.608 0.494 0.488 0.608 0.449 0.449 0.607
0.601 0.601 0.506 0.506 0.601 0.465 0.465 0.601
0.636 0.636 0.49 0.494 0.636 0.477 0.477 0.636
0.655 0.655 0.519 0.481 0.655 0.393 0.393 0.66
0.628 0.628 0.515 0.485 0.628 0.457 0.457 0.63
0.636 0.636 0.496 0.48 0.636 0.47 0.47 0.637
0.618 0.618 0.493 0.483 0.618 0.495 0.496 0.618
0.618 0.618 0.52 0.524 0.618 0.473 0.474 0.618
0.587 0.587 0.485 0.501 0.587 0.474 0.473 0.587
0.599 0.599 0.509 0.49 0.599 0.497 0.497 0.599
0.601 0.601 0.515 0.52 0.601 0.518 0.519 0.601
0.605 0.605 0.512 0.504 0.605 0.455 0.455 0.607
0.618 0.618 0.5 0.477 0.618 0.462 0.462 0.622
0.62 0.62 0.485 0.48 0.62 0.495 0.495 0.619
0.61 0.61 0.495 0.481 0.61 0.515 0.515 0.61
0.592 0.592 0.47 0.53 0.592 0.467 0.467 0.592
0.608 0.608 0.506 0.494 0.608 0.49 0.49 0.608
0.604 0.604 0.509 0.494 0.604 0.466 0.466 0.604
0.606 0.606 0.475 0.512 0.606 0.493 0.493 0.606
0.6 0.6 0.508 0.495 0.6 0.494 0.493 0.6
0.613 0.613 0.489 0.519 0.613 0.485 0.485 0.613
0.61 0.61 0.483 0.511 0.61 0.451 0.451 0.607
0.615 0.615 0.5 0.496 0.615 0.462 0.462 0.615
0.603 0.603 0.515 0.513 0.603 0.464 0.464 0.602
0.598 0.598 0.535 0.49 0.598 0.47 0.47 0.597
0.627 0.627 0.486 0.5 0.627 0.461 0.461 0.628
0.591 0.591 0.493 0.503 0.591 0.467 0.467 0.591
0.593 0.593 0.519 0.515 0.593 0.453 0.453 0.593
0.594 0.594 0.49 0.48 0.594 0.483 0.483 0.594
0.6 0.6 0.501 0.492 0.6 0.471 0.471 0.599
0.615 0.615 0.502 0.511 0.615 0.492 0.492 0.615
0.61 0.61 0.484 0.486 0.61 0.495 0.495 0.614
0.64 0.64 0.504 0.517 0.64 0.461 0.46 0.64
0.608 0.608 0.492 0.504 0.608 0.497 0.497 0.608
0.612 0.612 0.481 0.489 0.612 0.475 0.475 0.612
0.641 0.641 0.516 0.504 0.641 0.454 0.454 0.641
0.59 0.59 0.472 0.507 0.59 0.515 0.515 0.59
0.578 0.578 0.514 0.497 0.578 0.448 0.448 0.577
0.603 0.603 0.486 0.474 0.603 0.488 0.488 0.604
0.578 0.578 0.488 0.482 0.578 0.5 0.5 0.578
0.6 0.6 0.502 0.5 0.6 0.455 0.455 0.601
0.603 0.603 0.543 0.505 0.603 0.459 0.459 0.606
0.606 0.606 0.489 0.495 0.606 0.45 0.45 0.607
0.622 0.622 0.515 0.509 0.622 0.453 0.453 0.622
0.622 0.622 0.491 0.503 0.622 0.429 0.429 0.628
0.63 0.63 0.503 0.484 0.63 0.438 0.438 0.632
0.641 0.641 0.497 0.496 0.641 0.48 0.48 0.64
0.58 0.58 0.5 0.465 0.58 0.459 0.459 0.579
0.633 0.633 0.502 0.518 0.633 0.49 0.49 0.633
0.62 0.62 0.484 0.497 0.62 0.493 0.494 0.62
0.595 0.595 0.496 0.463 0.595 0.454 0.454 0.596
0.62 0.62 0.501 0.512 0.62 0.513 0.512 0.62
0.63 0.63 0.47 0.494 0.63 0.494 0.494 0.63
0.588 0.588 0.493 0.518 0.588 0.497 0.497 0.588
0.624 0.624 0.499 0.507 0.624 0.474 0.474 0.626
0.605 0.605 0.503 0.502 0.605 0.474 0.474 0.605
0.639 0.639 0.489 0.5 0.639 0.461 0.461 0.639
0.616 0.616 0.484 0.49 0.616 0.497 0.497 0.616
0.585 0.585 0.504 0.477 0.585 0.474 0.474 0.592
0.569 0.569 0.513 0.517 0.569 0.449 0.449 0.575
0.584 0.584 0.479 0.51 0.584 0.481 0.481 0.588
0.604 0.604 0.492 0.485 0.604 0.451 0.451 0.605
0.626 0.626 0.499 0.513 0.626 0.472 0.472 0.626
0.618 0.618 0.51 0.49 0.618 0.46 0.46 0.621
0.614 0.614 0.495 0.522 0.614 0.476 0.476 0.615
0.625 0.625 0.49 0.542 0.625 0.495 0.495 0.625
0.616 0.616 0.511 0.493 0.616 0.467 0.467 0.616
0.623 0.623 0.506 0.479 0.623 0.497 0.497 0.623
0.632 0.632 0.516 0.483 0.632 0.429 0.429 0.635
0.648 0.648 0.518 0.519 0.648 0.491 0.491 0.648
0.601 0.601 0.495 0.486 0.601 0.479 0.479 0.601
0.617 0.617 0.497 0.478 0.617 0.456 0.456 0.617
0.623 0.623 0.485 0.476 0.623 0.461 0.461 0.622
0.596 0.596 0.493 0.517 0.596 0.492 0.492 0.596
0.644 0.644 0.481 0.522 0.644 0.527 0.527 0.644
0.611 0.611 0.504 0.516 0.611 0.477 0.477 0.611
0.623 0.623 0.486 0.502 0.623 0.438 0.438 0.624
0.615 0.615 0.507 0.501 0.615 0.469 0.469 0.613
0.64 0.64 0.474 0.504 0.64 0.435 0.435 0.645
0.601 0.601 0.502 0.502 0.601 0.464 0.464 0.602
0.613 0.613 0.483 0.507 0.613 0.438 0.438 0.615
0.607 0.607 0.503 0.497 0.607 0.519 0.519 0.607
0.607 0.607 0.49 0.478 0.607 0.509 0.509 0.607
0.62 0.62 0.497 0.476 0.62 0.446 0.445 0.621
0.624 0.624 0.493 0.496 0.624 0.435 0.435 0.625
0.593 0.593 0.503 0.505 0.593 0.45 0.451 0.596
0.629 0.629 0.482 0.524 0.629 0.505 0.505 0.629
0.612 0.612 0.502 0.524 0.612 0.441 0.441 0.614
0.61 0.61 0.512 0.534 0.61 0.478 0.478 0.611
0.611 0.611 0.485 0.478 0.611 0.484 0.484 0.611
0.596 0.596 0.501 0.512 0.596 0.458 0.458 0.596
0.644 0.644 0.546 0.486 0.644 0.482 0.482 0.644
0.583 0.583 0.502 0.509 0.583 0.486 0.487 0.582
0.603 0.603 0.5 0.511 0.603 0.503 0.503 0.603
0.614 0.614 0.508 0.496 0.614 0.497 0.497 0.613
0.607 0.607 0.487 0.52 0.607 0.474 0.474 0.607
0.578 0.578 0.493 0.516 0.578 0.481 0.481 0.578
0.597 0.597 0.483 0.492 0.597 0.45 0.45 0.6
0.635 0.635 0.524 0.489 0.635 0.43 0.43 0.635
0.589 0.589 0.528 0.5 0.589 0.499 0.499 0.589
0.625 0.625 0.483 0.499 0.625 0.456 0.456 0.626
0.594 0.594 0.491 0.497 0.594 0.479 0.479 0.594
0.608 0.608 0.488 0.502 0.608 0.47 0.47 0.608
0.61 0.61 0.534 0.5 0.61 0.481 0.481 0.61
0.635 0.635 0.468 0.489 0.635 0.428 0.428 0.638
0.627 0.627 0.493 0.472 0.627 0.462 0.462 0.626
0.602 0.602 0.521 0.519 0.602 0.439 0.439 0.6
0.6 0.6 0.494 0.514 0.6 0.469 0.468 0.599
0.621 0.621 0.527 0.514 0.621 0.451 0.451 0.623
0.611 0.611 0.509 0.504 0.611 0.473 0.473 0.611
0.614 0.614 0.465 0.492 0.614 0.454 0.454 0.611
0.608 0.608 0.491 0.463 0.608 0.499 0.499 0.608
0.642 0.642 0.49 0.506 0.642 0.476 0.476 0.642
0.619 0.619 0.495 0.491 0.619 0.455 0.455 0.622
0.628 0.628 0.494 0.503 0.628 0.459 0.459 0.628
0.607 0.607 0.482 0.516 0.607 0.473 0.473 0.607
0.641 0.641 0.496 0.495 0.641 0.481 0.481 0.641
0.626 0.626 0.5 0.51 0.626 0.464 0.464 0.625
0.636 0.636 0.499 0.477 0.636 0.485 0.485 0.636
0.592 0.592 0.517 0.476 0.592 0.442 0.442 0.591
0.624 0.624 0.507 0.484 0.624 0.476 0.476 0.624
0.591 0.591 0.49 0.47 0.591 0.486 0.486 0.592
0.628 0.628 0.458 0.475 0.628 0.449 0.449 0.629
0.607 0.607 0.505 0.484 0.607 0.452 0.452 0.608
0.629 0.629 0.485 0.504 0.629 0.508 0.508 0.629
0.621 0.621 0.494 0.477 0.621 0.494 0.494 0.621
0.636 0.636 0.468 0.51 0.636 0.444 0.444 0.636
0.589 0.589 0.512 0.483 0.589 0.493 0.493 0.592
0.617 0.617 0.48 0.519 0.617 0.479 0.479 0.617
0.587 0.587 0.521 0.495 0.587 0.505 0.505 0.587
0.63 0.63 0.508 0.505 0.63 0.49 0.49 0.63
0.611 0.611 0.523 0.495 0.611 0.462 0.462 0.612
0.643 0.643 0.506 0.483 0.643 0.429 0.429 0.643
0.624 0.624 0.494 0.502 0.624 0.449 0.448 0.626
0.597 0.597 0.491 0.5 0.597 0.496 0.495 0.597
0.586 0.586 0.499 0.496 0.586 0.502 0.502 0.587
0.622 0.622 0.494 0.497 0.622 0.475 0.476 0.621
0.616 0.616 0.497 0.489 0.616 0.474 0.474 0.617
0.619 0.619 0.512 0.5 0.619 0.486 0.486 0.62
0.593 0.593 0.504 0.511 0.593 0.485 0.485 0.593
0.598 0.598 0.506 0.492 0.598 0.467 0.467 0.598
0.63 0.63 0.503 0.511 0.63 0.498 0.498 0.63
0.615 0.615 0.492 0.463 0.615 0.5 0.5 0.615
0.631 0.631 0.496 0.525 0.631 0.433 0.433 0.633
0.617 0.617 0.497 0.517 0.617 0.541 0.541 0.617
0.603 0.603 0.522 0.492 0.603 0.451 0.451 0.601
0.606 0.606 0.535 0.475 0.606 0.435 0.435 0.605
0.639 0.639 0.487 0.491 0.639 0.48 0.48 0.638
0.621 0.621 0.502 0.542 0.621 0.476 0.477 0.621
0.609 0.609 0.487 0.491 0.609 0.478 0.478 0.609
0.644 0.644 0.495 0.485 0.644 0.49 0.49 0.644
0.587 0.587 0.475 0.494 0.587 0.465 0.465 0.59
0.641 0.641 0.499 0.465 0.641 0.458 0.458 0.639
0.594 0.594 0.503 0.486 0.594 0.448 0.448 0.596
0.62 0.62 0.488 0.508 0.62 0.477 0.477 0.622
0.619 0.619 0.497 0.478 0.619 0.485 0.485 0.617
0.592 0.592 0.489 0.49 0.592 0.467 0.467 0.591
0.601 0.601 0.515 0.492 0.601 0.439 0.438 0.601
0.625 0.625 0.496 0.483 0.625 0.464 0.464 0.624
0.597 0.597 0.465 0.513 0.597 0.466 0.466 0.599
0.635 0.635 0.496 0.462 0.635 0.448 0.448 0.635
0.62 0.62 0.517 0.492 0.62 0.481 0.481 0.62
0.609 0.609 0.502 0.489 0.609 0.502 0.502 0.609
0.59 0.59 0.512 0.501 0.59 0.523 0.523 0.59
0.624 0.624 0.499 0.481 0.624 0.511 0.511 0.624
0.596 0.596 0.514 0.494 0.596 0.467 0.467 0.598
0.608 0.608 0.489 0.508 0.608 0.508 0.508 0.608
0.623 0.623 0.507 0.482 0.623 0.451 0.451 0.632
0.618 0.618 0.502 0.51 0.618 0.471 0.471 0.615
0.628 0.628 0.489 0.494 0.628 0.451 0.452 0.624
0.618 0.618 0.497 0.511 0.618 0.48 0.48 0.622
0.618 0.618 0.519 0.546 0.618 0.451 0.451 0.614
0.6 0.6 0.527 0.501 0.6 0.504 0.504 0.6
0.623 0.623 0.488 0.475 0.623 0.477 0.477 0.624
0.608 0.608 0.493 0.482 0.608 0.51 0.51 0.608
0.614 0.614 0.485 0.502 0.614 0.472 0.472 0.614
0.63 0.63 0.491 0.513 0.63 0.459 0.459 0.629
0.625 0.625 0.505 0.5 0.625 0.469 0.469 0.624
0.62 0.62 0.494 0.496 0.62 0.474 0.474 0.62
0.624 0.624 0.51 0.508 0.624 0.461 0.461 0.626
0.624 0.624 0.488 0.506 0.624 0.514 0.514 0.624
0.639 0.639 0.488 0.519 0.639 0.428 0.428 0.646
0.612 0.612 0.508 0.492 0.612 0.497 0.497 0.61
0.593 0.593 0.512 0.468 0.593 0.483 0.483 0.592
0.643 0.643 0.475 0.498 0.643 0.482 0.482 0.643
0.602 0.602 0.494 0.489 0.602 0.49 0.49 0.602
0.598 0.598 0.477 0.51 0.598 0.459 0.459 0.597
0.641 0.641 0.504 0.515 0.641 0.465 0.465 0.64
0.598 0.598 0.526 0.485 0.598 0.429 0.429 0.596
0.617 0.617 0.497 0.502 0.617 0.461 0.461 0.616
0.645 0.645 0.53 0.514 0.645 0.422 0.422 0.643
0.602 0.602 0.507 0.518 0.602 0.478 0.478 0.603
0.62 0.62 0.502 0.486 0.62 0.44 0.44 0.617
0.6 0.6 0.535 0.49 0.6 0.487 0.487 0.6
0.613 0.613 0.474 0.506 0.613 0.482 0.482 0.613
0.586 0.586 0.515 0.536 0.586 0.475 0.475 0.585
0.604 0.604 0.496 0.525 0.604 0.436 0.436 0.607
0.604 0.604 0.485 0.485 0.604 0.455 0.455 0.604
0.621 0.621 0.503 0.506 0.621 0.511 0.511 0.619
0.631 0.631 0.489 0.485 0.631 0.463 0.462 0.63
0.595 0.595 0.489 0.484 0.595 0.479 0.479 0.595
0.627 0.627 0.499 0.507 0.627 0.452 0.452 0.626
0.633 0.633 0.488 0.496 0.633 0.444 0.444 0.634
0.618 0.618 0.497 0.479 0.618 0.432 0.432 0.616
0.603 0.603 0.499 0.513 0.603 0.47 0.47 0.604
0.609 0.609 0.514 0.493 0.609 0.452 0.452 0.615
0.622 0.622 0.5 0.498 0.622 0.464 0.464 0.621
0.598 0.598 0.472 0.493 0.598 0.484 0.484 0.598
0.594 0.594 0.457 0.5 0.594 0.453 0.453 0.593
0.63 0.63 0.483 0.51 0.63 0.472 0.472 0.63
0.613 0.613 0.517 0.486 0.613 0.462 0.462 0.612
0.605 0.605 0.481 0.498 0.605 0.456 0.456 0.603
0.63 0.63 0.514 0.459 0.63 0.434 0.434 0.631
0.602 0.602 0.495 0.516 0.602 0.483 0.483 0.603
0.58 0.58 0.477 0.494 0.58 0.476 0.475 0.58
0.623 0.623 0.479 0.493 0.623 0.46 0.46 0.623
0.624 0.624 0.506 0.522 0.624 0.476 0.476 0.623
0.633 0.633 0.523 0.5 0.633 0.493 0.493 0.633
0.63 0.63 0.54 0.517 0.63 0.459 0.46 0.631
0.628 0.628 0.514 0.447 0.628 0.475 0.475 0.629
0.609 0.609 0.509 0.494 0.609 0.482 0.482 0.608
0.627 0.627 0.469 0.501 0.627 0.459 0.459 0.629
0.624 0.624 0.497 0.497 0.624 0.399 0.399 0.627
0.634 0.634 0.498 0.492 0.634 0.47 0.47 0.633
0.617 0.617 0.507 0.492 0.617 0.465 0.465 0.617
0.609 0.609 0.498 0.515 0.609 0.459 0.459 0.609
0.604 0.604 0.483 0.482 0.604 0.504 0.504 0.603
0.61 0.61 0.484 0.503 0.61 0.488 0.487 0.61
0.62 0.62 0.532 0.519 0.62 0.521 0.521 0.62
0.607 0.607 0.497 0.503 0.607 0.499 0.499 0.607
0.625 0.625 0.52 0.509 0.625 0.483 0.483 0.625
0.618 0.618 0.507 0.477 0.618 0.477 0.477 0.618
0.604 0.604 0.504 0.504 0.604 0.479 0.479 0.604
0.618 0.618 0.505 0.505 0.618 0.475 0.475 0.618
0.616 0.616 0.515 0.523 0.616 0.431 0.431 0.615
0.61 0.61 0.462 0.471 0.61 0.46 0.46 0.61
0.611 0.611 0.496 0.464 0.611 0.48 0.481 0.613
0.606 0.606 0.507 0.487 0.606 0.474 0.474 0.609
0.626 0.626 0.455 0.514 0.626 0.429 0.428 0.626
0.603 0.603 0.508 0.5 0.603 0.456 0.456 0.604
0.647 0.647 0.511 0.481 0.647 0.468 0.468 0.647
0.6 0.6 0.491 0.473 0.6 0.473 0.474 0.6
0.629 0.629 0.487 0.487 0.629 0.454 0.454 0.627
0.604 0.604 0.524 0.528 0.604 0.466 0.466 0.606
0.627 0.627 0.497 0.513 0.627 0.484 0.484 0.627
0.624 0.624 0.491 0.496 0.624 0.51 0.51 0.624
0.605 0.605 0.486 0.496 0.605 0.468 0.468 0.605
0.634 0.634 0.498 0.494 0.634 0.512 0.512 0.634
0.632 0.632 0.463 0.518 0.632 0.514 0.514 0.632
0.618 0.618 0.491 0.492 0.618 0.466 0.467 0.621
0.642 0.642 0.516 0.51 0.642 0.476 0.476 0.642
0.604 0.604 0.463 0.506 0.604 0.451 0.451 0.607
0.613 0.613 0.488 0.514 0.613 0.513 0.513 0.613
0.626 0.626 0.529 0.498 0.626 0.441 0.44 0.625
0.615 0.615 0.462 0.491 0.615 0.499 0.499 0.614
0.594 0.594 0.513 0.486 0.594 0.476 0.476 0.595
0.608 0.608 0.514 0.481 0.608 0.5 0.5 0.608
0.62 0.62 0.507 0.49 0.62 0.518 0.517 0.621
0.619 0.619 0.5 0.489 0.619 0.502 0.502 0.619
0.605 0.605 0.512 0.499 0.605 0.438 0.437 0.609
0.585 0.585 0.501 0.521 0.585 0.479 0.479 0.585
0.587 0.587 0.504 0.528 0.587 0.463 0.463 0.59
0.602 0.602 0.483 0.48 0.602 0.473 0.473 0.604
0.624 0.624 0.498 0.476 0.624 0.454 0.454 0.624
0.599 0.599 0.514 0.532 0.599 0.512 0.512 0.598
0.606 0.606 0.494 0.504 0.606 0.475 0.475 0.606
0.614 0.614 0.505 0.496 0.614 0.469 0.469 0.615
0.612 0.612 0.48 0.509 0.612 0.457 0.457 0.613
0.618 0.618 0.509 0.505 0.618 0.474 0.473 0.618
0.599 0.599 0.493 0.51 0.599 0.45 0.449 0.599
0.622 0.622 0.506 0.5 0.622 0.489 0.488 0.621
0.603 0.603 0.484 0.517 0.603 0.492 0.492 0.603
0.581 0.581 0.497 0.48 0.581 0.523 0.523 0.581
0.617 0.617 0.495 0.512 0.617 0.529 0.529 0.617
0.627 0.627 0.487 0.485 0.627 0.485 0.485 0.628
0.624 0.624 0.492 0.497 0.624 0.467 0.467 0.622
0.616 0.616 0.486 0.496 0.616 0.474 0.474 0.617
0.589 0.589 0.486 0.516 0.589 0.481 0.481 0.589
0.61 0.61 0.534 0.491 0.61 0.479 0.479 0.609
0.612 0.612 0.509 0.494 0.612 0.493 0.493 0.612
0.593 0.593 0.482 0.503 0.593 0.488 0.488 0.592
0.632 0.632 0.51 0.512 0.632 0.47 0.47 0.635
0.637 0.637 0.494 0.498 0.637 0.439 0.439 0.637
0.592 0.592 0.484 0.488 0.592 0.497 0.497 0.592
0.595 0.595 0.479 0.481 0.595 0.513 0.513 0.595
0.613 0.613 0.485 0.502 0.613 0.455 0.455 0.613
0.605 0.605 0.473 0.486 0.605 0.456 0.456 0.607
0.633 0.633 0.515 0.506 0.633 0.458 0.458 0.633
0.625 0.625 0.507 0.493 0.625 0.452 0.452 0.626
0.609 0.609 0.52 0.505 0.609 0.492 0.492 0.609
0.639 0.639 0.507 0.523 0.639 0.483 0.483 0.639
0.611 0.611 0.49 0.506 0.611 0.448 0.448 0.612
0.606 0.606 0.493 0.536 0.606 0.503 0.503 0.606
0.636 0.636 0.525 0.489 0.636 0.48 0.48 0.636
0.626 0.626 0.503 0.49 0.626 0.469 0.469 0.625
0.634 0.634 0.501 0.486 0.634 0.474 0.474 0.633
0.624 0.624 0.495 0.501 0.624 0.483 0.483 0.624
0.621 0.621 0.511 0.525 0.621 0.488 0.488 0.621
0.606 0.606 0.494 0.536 0.606 0.479 0.479 0.606
0.629 0.629 0.484 0.493 0.629 0.469 0.469 0.628
0.595 0.595 0.505 0.526 0.595 0.487 0.487 0.592
0.604 0.604 0.475 0.492 0.604 0.511 0.511 0.604
0.647 0.647 0.514 0.504 0.647 0.448 0.447 0.647
0.604 0.604 0.517 0.477 0.604 0.475 0.475 0.604
0.611 0.611 0.471 0.526 0.611 0.454 0.454 0.608
0.614 0.614 0.48 0.527 0.614 0.485 0.485 0.614
0.621 0.621 0.466 0.506 0.621 0.48 0.48 0.621
0.63 0.63 0.546 0.509 0.63 0.397 0.397 0.617
0.626 0.626 0.457 0.513 0.626 0.456 0.456 0.626
0.611 0.611 0.507 0.489 0.611 0.455 0.455 0.611
0.616 0.616 0.52 0.53 0.616 0.459 0.459 0.616
0.611 0.611 0.517 0.498 0.611 0.49 0.49 0.611
0.608 0.608 0.509 0.496 0.608 0.477 0.477 0.608
0.641 0.641 0.493 0.496 0.641 0.469 0.469 0.641
0.619 0.619 0.497 0.528 0.619 0.502 0.502 0.619
0.644 0.644 0.484 0.495 0.644 0.474 0.474 0.646
0.609 0.609 0.484 0.532 0.609 0.512 0.512 0.609
0.6 0.6 0.492 0.494 0.6 0.502 0.502 0.599
0.637 0.637 0.506 0.521 0.637 0.462 0.462 0.637
0.6 0.6 0.524 0.49 0.6 0.446 0.446 0.605
0.631 0.631 0.507 0.48 0.631 0.474 0.474 0.631
0.599 0.599 0.49 0.484 0.599 0.481 0.481 0.599
0.603 0.603 0.495 0.499 0.603 0.475 0.475 0.602
0.634 0.634 0.49 0.514 0.634 0.45 0.45 0.635
0.634 0.634 0.471 0.505 0.634 0.509 0.509 0.634
0.624 0.624 0.497 0.49 0.624 0.477 0.477 0.623
0.6 0.6 0.497 0.49 0.6 0.475 0.475 0.6
0.626 0.626 0.498 0.48 0.626 0.473 0.473 0.626
0.608 0.608 0.508 0.502 0.608 0.479 0.479 0.608
0.617 0.617 0.496 0.518 0.617 0.483 0.483 0.617
0.621 0.621 0.487 0.505 0.621 0.472 0.472 0.619
0.6 0.6 0.497 0.487 0.6 0.469 0.469 0.6
0.604 0.604 0.493 0.499 0.604 0.503 0.503 0.604
0.618 0.618 0.497 0.49 0.618 0.479 0.479 0.617
0.612 0.612 0.506 0.503 0.612 0.473 0.473 0.615
0.641 0.641 0.519 0.526 0.641 0.502 0.502 0.641
0.592 0.592 0.51 0.484 0.592 0.489 0.489 0.591
0.626 0.626 0.488 0.524 0.626 0.488 0.488 0.626
0.62 0.62 0.472 0.512 0.62 0.455 0.455 0.621
0.582 0.582 0.505 0.521 0.582 0.473 0.473 0.588
0.607 0.607 0.483 0.477 0.607 0.472 0.472 0.612
0.599 0.599 0.5 0.49 0.599 0.468 0.468 0.599
0.599 0.599 0.509 0.486 0.599 0.523 0.523 0.599
0.616 0.616 0.524 0.488 0.616 0.51 0.51 0.616
0.638 0.638 0.473 0.491 0.638 0.44 0.44 0.638
0.595 0.595 0.474 0.513 0.595 0.463 0.463 0.595
0.623 0.623 0.518 0.485 0.623 0.464 0.464 0.624
0.62 0.62 0.488 0.469 0.62 0.491 0.493 0.62
0.62 0.62 0.512 0.489 0.62 0.489 0.489 0.622
0.596 0.596 0.481 0.517 0.596 0.456 0.456 0.596
0.589 0.589 0.496 0.502 0.589 0.457 0.457 0.588
0.596 0.596 0.487 0.515 0.596 0.506 0.506 0.596
0.604 0.604 0.516 0.505 0.604 0.479 0.479 0.605
0.612 0.612 0.502 0.478 0.612 0.429 0.429 0.612
0.625 0.625 0.517 0.498 0.625 0.477 0.477 0.625
0.589 0.589 0.513 0.489 0.589 0.459 0.459 0.589
0.587 0.587 0.494 0.545 0.587 0.481 0.48 0.587
0.611 0.611 0.505 0.488 0.611 0.492 0.492 0.611
0.628 0.628 0.495 0.501 0.628 0.452 0.451 0.63
0.627 0.627 0.492 0.482 0.627 0.488 0.489 0.626
0.608 0.608 0.514 0.531 0.608 0.46 0.46 0.608
0.622 0.622 0.514 0.503 0.622 0.46 0.46 0.625
0.598 0.598 0.498 0.496 0.598 0.486 0.486 0.598
0.607 0.607 0.486 0.512 0.607 0.433 0.433 0.602
0.645 0.645 0.507 0.512 0.645 0.47 0.47 0.643
0.591 0.591 0.502 0.512 0.591 0.516 0.516 0.59
0.608 0.608 0.508 0.505 0.608 0.525 0.525 0.608
0.639 0.639 0.511 0.493 0.639 0.443 0.443 0.64
0.621 0.621 0.521 0.488 0.621 0.445 0.445 0.622
0.602 0.602 0.537 0.503 0.602 0.491 0.491 0.602
0.58 0.58 0.523 0.489 0.58 0.514 0.514 0.58
0.619 0.619 0.519 0.508 0.619 0.504 0.504 0.619
0.598 0.598 0.502 0.474 0.598 0.506 0.506 0.598
0.634 0.634 0.502 0.495 0.634 0.481 0.481 0.634
0.643 0.643 0.526 0.489 0.643 0.449 0.449 0.645
0.613 0.613 0.513 0.513 0.613 0.503 0.503 0.613
0.612 0.612 0.509 0.512 0.612 0.465 0.465 0.611
0.58 0.58 0.516 0.516 0.58 0.493 0.493 0.581
0.63 0.63 0.51 0.471 0.63 0.43 0.43 0.629
0.627 0.627 0.506 0.511 0.627 0.47 0.47 0.627
0.622 0.622 0.485 0.525 0.622 0.448 0.448 0.622
0.613 0.613 0.513 0.522 0.613 0.42 0.419 0.63
0.64 0.64 0.505 0.519 0.64 0.496 0.496 0.641
0.603 0.603 0.494 0.503 0.603 0.473 0.473 0.603
0.606 0.606 0.473 0.532 0.606 0.491 0.491 0.606
0.631 0.631 0.499 0.504 0.631 0.493 0.493 0.631
0.634 0.634 0.519 0.492 0.634 0.472 0.472 0.634
0.647 0.647 0.488 0.47 0.647 0.486 0.486 0.647
0.604 0.604 0.471 0.495 0.604 0.469 0.47 0.605
0.61 0.61 0.531 0.499 0.61 0.461 0.461 0.61
0.625 0.625 0.53 0.512 0.625 0.439 0.439 0.626
0.615 0.615 0.496 0.509 0.615 0.454 0.454 0.616
0.617 0.617 0.49 0.484 0.617 0.491 0.491 0.617
0.581 0.581 0.495 0.482 0.581 0.459 0.459 0.584
0.612 0.612 0.492 0.47 0.612 0.519 0.519 0.612
0.631 0.631 0.515 0.512 0.631 0.474 0.474 0.631
0.6 0.6 0.476 0.496 0.6 0.49 0.49 0.603
0.622 0.622 0.514 0.511 0.622 0.454 0.454 0.622
0.603 0.603 0.511 0.499 0.603 0.489 0.489 0.603
0.593 0.593 0.528 0.496 0.593 0.509 0.509 0.593
0.611 0.611 0.493 0.501 0.611 0.487 0.487 0.612
0.611 0.611 0.492 0.504 0.611 0.447 0.447 0.612
0.622 0.622 0.49 0.533 0.622 0.526 0.526 0.622
0.622 0.622 0.484 0.497 0.622 0.507 0.507 0.622
0.624 0.624 0.474 0.478 0.624 0.44 0.44 0.623
0.6 0.6 0.503 0.522 0.6 0.437 0.437 0.601
0.585 0.585 0.519 0.524 0.585 0.477 0.477 0.585
0.632 0.632 0.466 0.479 0.632 0.492 0.492 0.632
0.604 0.604 0.493 0.496 0.604 0.474 0.474 0.604
0.624 0.624 0.484 0.495 0.624 0.451 0.451 0.624
0.624 0.624 0.482 0.526 0.624 0.445 0.445 0.626
0.602 0.602 0.47 0.547 0.602 0.468 0.468 0.602
0.625 0.625 0.483 0.496 0.625 0.549 0.549 0.625
0.621 0.621 0.503 0.514 0.621 0.471 0.471 0.621
0.603 0.603 0.476 0.477 0.603 0.479 0.479 0.603
0.584 0.584 0.49 0.48 0.584 0.455 0.455 0.583
0.637 0.637 0.486 0.515 0.637 0.473 0.473 0.637
0.636 0.636 0.506 0.524 0.636 0.419 0.419 0.637
0.649 0.649 0.494 0.483 0.649 0.483 0.483 0.649
0.621 0.621 0.497 0.495 0.621 0.47 0.47 0.622
0.635 0.635 0.528 0.495 0.635 0.461 0.461 0.634
0.62 0.62 0.501 0.519 0.62 0.503 0.503 0.62
0.612 0.612 0.491 0.516 0.612 0.474 0.474 0.612
0.624 0.624 0.501 0.499 0.624 0.465 0.465 0.624
0.597 0.597 0.516 0.512 0.597 0.487 0.487 0.599
0.611 0.611 0.489 0.474 0.611 0.432 0.432 0.613
0.603 0.603 0.494 0.51 0.603 0.455 0.455 0.6
0.61 0.61 0.502 0.487 0.61 0.511 0.511 0.61
0.601 0.601 0.509 0.503 0.601 0.509 0.509 0.601
0.628 0.628 0.49 0.497 0.628 0.464 0.464 0.631
0.572 0.572 0.483 0.508 0.572 0.478 0.478 0.572
0.62 0.62 0.521 0.504 0.62 0.484 0.484 0.621
0.619 0.619 0.508 0.524 0.619 0.486 0.486 0.62
0.589 0.589 0.492 0.515 0.589 0.486 0.486 0.589
0.588 0.588 0.493 0.513 0.588 0.464 0.464 0.589
0.609 0.609 0.498 0.487 0.609 0.441 0.441 0.611
0.62 0.62 0.487 0.52 0.62 0.471 0.471 0.62
0.62 0.62 0.501 0.496 0.62 0.457 0.457 0.62
0.614 0.614 0.527 0.495 0.614 0.48 0.481 0.614
0.612 0.612 0.508 0.52 0.612 0.476 0.476 0.612
0.617 0.617 0.505 0.504 0.617 0.431 0.431 0.618
0.621 0.621 0.503 0.504 0.621 0.466 0.466 0.621
0.608 0.608 0.512 0.532 0.608 0.473 0.473 0.609
0.628 0.628 0.52 0.509 0.628 0.5 0.5 0.628
0.594 0.594 0.491 0.502 0.594 0.49 0.49 0.594
0.602 0.602 0.509 0.483 0.602 0.474 0.474 0.602
0.634 0.634 0.51 0.502 0.634 0.46 0.46 0.634
0.596 0.596 0.51 0.521 0.596 0.514 0.514 0.596
0.612 0.612 0.495 0.513 0.612 0.452 0.452 0.612
0.627 0.627 0.494 0.464 0.627 0.469 0.469 0.627
0.608 0.608 0.531 0.533 0.608 0.479 0.479 0.608
0.626 0.626 0.513 0.503 0.626 0.46 0.46 0.626
0.609 0.609 0.499 0.476 0.609 0.46 0.46 0.609
0.635 0.635 0.475 0.493 0.635 0.489 0.489 0.635
0.628 0.628 0.511 0.487 0.628 0.427 0.427 0.628
0.604 0.604 0.531 0.504 0.604 0.476 0.476 0.603
0.622 0.622 0.506 0.47 0.622 0.482 0.482 0.622
0.64 0.64 0.499 0.484 0.64 0.477 0.477 0.64
0.609 0.609 0.505 0.507 0.609 0.517 0.517 0.609
0.635 0.635 0.49 0.491 0.635 0.459 0.459 0.641
0.613 0.613 0.478 0.478 0.613 0.425 0.425 0.614
0.632 0.632 0.499 0.503 0.632 0.462 0.462 0.631
0.643 0.643 0.495 0.515 0.643 0.478 0.478 0.643
0.615 0.615 0.518 0.516 0.615 0.466 0.466 0.615
0.585 0.585 0.471 0.496 0.585 0.474 0.474 0.585
0.591 0.591 0.523 0.508 0.591 0.503 0.503 0.591
0.619 0.619 0.513 0.488 0.619 0.463 0.463 0.62
0.632 0.632 0.516 0.512 0.632 0.504 0.504 0.632
0.601 0.601 0.492 0.5 0.601 0.475 0.475 0.601
0.636 0.636 0.524 0.476 0.636 0.48 0.48 0.637
0.606 0.606 0.504 0.504 0.606 0.429 0.429 0.603
0.602 0.602 0.5 0.503 0.602 0.434 0.435 0.606
0.596 0.596 0.495 0.495 0.596 0.458 0.458 0.596
0.583 0.583 0.479 0.527 0.583 0.468 0.468 0.583
0.63 0.63 0.496 0.514 0.63 0.436 0.436 0.63
0.588 0.588 0.491 0.489 0.588 0.514 0.514 0.588
0.618 0.618 0.511 0.462 0.618 0.448 0.448 0.624
0.569 0.569 0.478 0.495 0.569 0.513 0.513 0.569
0.616 0.616 0.462 0.504 0.616 0.526 0.526 0.616
0.606 0.606 0.515 0.46 0.606 0.478 0.478 0.607
0.616 0.616 0.517 0.519 0.616 0.484 0.484 0.617
0.642 0.642 0.491 0.522 0.642 0.477 0.477 0.642
0.608 0.608 0.488 0.523 0.608 0.535 0.535 0.608
0.597 0.597 0.485 0.524 0.597 0.457 0.457 0.602
0.623 0.623 0.499 0.51 0.623 0.446 0.446 0.627
0.597 0.597 0.54 0.503 0.597 0.502 0.502 0.597
0.629 0.629 0.519 0.48 0.629 0.459 0.459 0.63
0.598 0.598 0.477 0.511 0.598 0.451 0.451 0.606
0.622 0.622 0.522 0.492 0.622 0.523 0.523 0.622
0.614 0.614 0.491 0.481 0.614 0.482 0.482 0.615
0.611 0.611 0.464 0.496 0.611 0.451 0.451 0.615
0.615 0.615 0.499 0.542 0.615 0.461 0.462 0.615
0.635 0.635 0.528 0.493 0.635 0.506 0.506 0.635
0.599 0.599 0.525 0.501 0.599 0.474 0.474 0.599
0.601 0.601 0.499 0.519 0.601 0.498 0.498 0.601
0.599 0.599 0.479 0.512 0.599 0.494 0.494 0.598
0.598 0.598 0.505 0.496 0.598 0.515 0.515 0.598
0.597 0.597 0.522 0.506 0.597 0.473 0.473 0.599
0.627 0.627 0.503 0.506 0.627 0.425 0.425 0.623
0.635 0.635 0.483 0.498 0.635 0.499 0.499 0.635
0.626 0.626 0.494 0.507 0.626 0.463 0.463 0.632
0.589 0.589 0.529 0.542 0.589 0.477 0.477 0.582
0.587 0.587 0.463 0.498 0.587 0.514 0.514 0.587
0.601 0.601 0.483 0.493 0.601 0.489 0.489 0.601
0.598 0.598 0.508 0.517 0.598 0.468 0.467 0.599
0.604 0.604 0.482 0.472 0.604 0.446 0.446 0.604
0.637 0.637 0.508 0.523 0.637 0.489 0.489 0.637
0.604 0.604 0.507 0.495 0.604 0.447 0.447 0.607
0.606 0.606 0.502 0.486 0.606 0.451 0.451 0.608
0.615 0.615 0.483 0.512 0.615 0.486 0.486 0.613
0.626 0.626 0.525 0.521 0.626 0.495 0.495 0.625
0.617 0.617 0.49 0.529 0.617 0.465 0.465 0.618
0.604 0.604 0.498 0.521 0.604 0.508 0.508 0.604
0.604 0.604 0.487 0.494 0.604 0.504 0.504 0.604
0.606 0.606 0.477 0.479 0.606 0.477 0.477 0.611
0.609 0.609 0.492 0.504 0.609 0.487 0.487 0.61
