0.3395722 0.3663102 0.3342246 0.3208556 0.3315508 0.2299465 0.2299465 0.2272727
0.3101604 0.3235294 0.302139 0.2941176 0.3048128 0.2540107 0.2540107 0.2352941
0.302139 0.3235294 0.2941176 0.2807487 0.3048128 0.2326203 0.2326203 0.2299465
0.315508 0.3235294 0.302139 0.2860963 0.3101604 0.2352941 0.2352941 0.2406417
0.2727273 0.3235294 0.2593583 0.2754011 0.2727273 0.2112299 0.2112299 0.2032086
0.2941176 0.302139 0.2834225 0.2887701 0.2941176 0.2620321 0.2620321 0.2540107
0.2727273 0.2967914 0.2620321 0.2647059 0.2754011 0.2459893 0.2459893 0.2352941
0.2807487 0.2994652 0.2807487 0.2834225 0.2807487 0.2459893 0.2459893 0.2406417
0.2754011 0.2620321 0.2834225 0.2727273 0.2780749 0.2593583 0.2593583 0.2647059
0.2941176 0.3235294 0.2780749 0.2860963 0.2941176 0.2780749 0.2780749 0.2620321
0.2994652 0.2967914 0.2860963 0.2914439 0.2914439 0.2326203 0.2326203 0.2272727
0.3181818 0.3235294 0.3074866 0.3048128 0.3101604 0.2647059 0.2647059 0.2433155
0.2941176 0.315508 0.2967914 0.302139 0.2914439 0.2540107 0.2540107 0.2326203
0.2780749 0.2754011 0.2593583 0.2727273 0.2780749 0.197861 0.197861 0.2005348
0.315508 0.3181818 0.302139 0.2887701 0.315508 0.2352941 0.2352941 0.2326203
0.2887701 0.2807487 0.2914439 0.2967914 0.302139 0.2406417 0.2406417 0.2352941
0.3074866 0.2994652 0.2887701 0.3048128 0.302139 0.2192513 0.2192513 0.2112299
0.302139 0.2967914 0.2860963 0.2754011 0.302139 0.2433155 0.2433155 0.2540107
0.2887701 0.3048128 0.2887701 0.2754011 0.2834225 0.2406417 0.2406417 0.2139037
0.3128342 0.3529412 0.2807487 0.2860963 0.3181818 0.2513369 0.2513369 0.2433155
0.2593583 0.3101604 0.2914439 0.2914439 0.2700535 0.2219251 0.2219251 0.2272727
0.2967914 0.3074866 0.3128342 0.2941176 0.2914439 0.2540107 0.2540107 0.2513369
0.2914439 0.3128342 0.2620321 0.2727273 0.2834225 0.2272727 0.2272727 0.2299465
0.2914439 0.3074866 0.2780749 0.2780749 0.2914439 0.2352941 0.2352941 0.2326203
0.3101604 0.3235294 0.2887701 0.2914439 0.3048128 0.2299465 0.2299465 0.2326203
0.2887701 0.302139 0.2834225 0.2941176 0.2887701 0.2379679 0.2379679 0.2272727
0.3235294 0.3074866 0.3101604 0.3101604 0.3235294 0.2486631 0.2486631 0.2566845
0.3181818 0.3101604 0.3262032 0.3101604 0.3235294 0.2326203 0.2326203 0.2406417
0.3262032 0.3368984 0.2700535 0.2727273 0.3128342 0.2620321 0.2620321 0.2647059
0.302139 0.3181818 0.2834225 0.2807487 0.2994652 0.2352941 0.2352941 0.2352941
0.2994652 0.3074866 0.2754011 0.2754011 0.2887701 0.2058824 0.2032086 0.2112299
0.2941176 0.3181818 0.2967914 0.2807487 0.2941176 0.2459893 0.2459893 0.2459893
0.3074866 0.315508 0.3048128 0.2834225 0.3048128 0.2272727 0.2272727 0.2139037
0.3074866 0.3208556 0.2994652 0.3074866 0.3074866 0.2352941 0.2352941 0.2406417
0.2860963 0.2807487 0.2807487 0.2807487 0.2807487 0.2326203 0.2326203 0.2272727
0.2834225 0.3048128 0.2754011 0.2754011 0.2834225 0.2165775 0.2165775 0.2005348
0.2754011 0.2860963 0.2566845 0.2673797 0.2754011 0.1951872 0.1951872 0.2058824
0.3074866 0.3128342 0.2860963 0.2914439 0.302139 0.2566845 0.2566845 0.2566845
0.2834225 0.2887701 0.2700535 0.2780749 0.2834225 0.2433155 0.2433155 0.2272727
0.3262032 0.3342246 0.3181818 0.3208556 0.3262032 0.2352941 0.2352941 0.2245989
0.2834225 0.2994652 0.2807487 0.2860963 0.2834225 0.2566845 0.2566845 0.2406417
0.3315508 0.3368984 0.2887701 0.3128342 0.3315508 0.2219251 0.2219251 0.2379679
0.2887701 0.2941176 0.2754011 0.2780749 0.2887701 0.2299465 0.2299465 0.2192513
0.3368984 0.3342246 0.328877 0.2860963 0.3342246 0.2459893 0.2459893 0.2219251
0.2834225 0.2994652 0.2620321 0.2673797 0.2727273 0.2566845 0.2566845 0.2513369
0.2673797 0.302139 0.2647059 0.2433155 0.2673797 0.2299465 0.2299465 0.2165775
0.3449198 0.3582888 0.3181818 0.3235294 0.3449198 0.2352941 0.2379679 0.2459893
0.3101604 0.3208556 0.2967914 0.2967914 0.3128342 0.2379679 0.2379679 0.2406417
0.3074866 0.3101604 0.2700535 0.2807487 0.3048128 0.2486631 0.2486631 0.2513369
0.3181818 0.3181818 0.3074866 0.3101604 0.3181818 0.2379679 0.2379679 0.2593583
0.2807487 0.2887701 0.2700535 0.2647059 0.2754011 0.2272727 0.2272727 0.2192513
0.2994652 0.3315508 0.2887701 0.2941176 0.2967914 0.2299465 0.2299465 0.2245989
0.3208556 0.3208556 0.3342246 0.3342246 0.3208556 0.2673797 0.2673797 0.2566845
0.302139 0.3128342 0.2807487 0.2807487 0.3074866 0.2272727 0.2272727 0.2245989
0.2941176 0.315508 0.2834225 0.2887701 0.2941176 0.2700535 0.2700535 0.2647059
0.302139 0.3181818 0.3048128 0.2941176 0.3048128 0.2566845 0.2566845 0.2352941
0.3128342 0.3181818 0.3048128 0.315508 0.3101604 0.2379679 0.2379679 0.2326203
0.302139 0.2994652 0.2941176 0.2780749 0.3128342 0.2192513 0.2192513 0.197861
0.2834225 0.2780749 0.2780749 0.2700535 0.2887701 0.2459893 0.2459893 0.2379679
0.3235294 0.3529412 0.3208556 0.3074866 0.3235294 0.2647059 0.2647059 0.2647059
0.2914439 0.302139 0.2834225 0.2807487 0.2887701 0.1871658 0.1871658 0.2058824
0.3074866 0.3262032 0.3048128 0.2967914 0.3128342 0.2540107 0.2540107 0.2433155
0.3315508 0.3262032 0.315508 0.3128342 0.3315508 0.2165775 0.2165775 0.2112299
0.3181818 0.3101604 0.2994652 0.2967914 0.315508 0.2834225 0.2834225 0.2647059
0.2914439 0.3101604 0.2914439 0.2860963 0.2914439 0.2219251 0.2219251 0.2058824
0.2299465 0.2673797 0.2245989 0.2245989 0.2299465 0.2058824 0.2058824 0.2165775
0.2807487 0.2834225 0.2754011 0.2860963 0.2807487 0.2433155 0.2433155 0.2513369
0.2860963 0.2914439 0.2807487 0.2754011 0.2860963 0.2486631 0.2486631 0.2433155
0.342246 0.2700535 0.3395722 0.3315508 0.3368984 0.2352941 0.2352941 0.2272727
0.2700535 0.2914439 0.2566845 0.2673797 0.2700535 0.2192513 0.2192513 0.2139037
0.3048128 0.3449198 0.2994652 0.2914439 0.3074866 0.2219251 0.2219251 0.2192513
0.302139 0.328877 0.2834225 0.2941176 0.2994652 0.2058824 0.2058824 0.2112299
0.328877 0.3262032 0.2914439 0.3101604 0.3235294 0.2406417 0.2406417 0.2433155
0.302139 0.3235294 0.2914439 0.2941176 0.2967914 0.2192513 0.2192513 0.2219251
0.2780749 0.2780749 0.2673797 0.2513369 0.2780749 0.2139037 0.2139037 0.2085561
0.3342246 0.3368984 0.3181818 0.3128342 0.3315508 0.2379679 0.2379679 0.2112299
0.2994652 0.3208556 0.2834225 0.2860963 0.2994652 0.2540107 0.2540107 0.2513369
0.2914439 0.3208556 0.2834225 0.2754011 0.2887701 0.2352941 0.2352941 0.2326203
0.2834225 0.2834225 0.2887701 0.2807487 0.2834225 0.2459893 0.2459893 0.2513369
0.342246 0.368984 0.3449198 0.3342246 0.342246 0.2299465 0.2299465 0.2326203
0.3262032 0.3315508 0.328877 0.3315508 0.3342246 0.2727273 0.2727273 0.2593583
0.3101604 0.3315508 0.3101604 0.2994652 0.315508 0.2379679 0.2379679 0.2272727
0.2967914 0.3315508 0.2914439 0.302139 0.2994652 0.2406417 0.2406417 0.2272727
0.315508 0.3395722 0.2994652 0.3074866 0.3074866 0.2647059 0.2647059 0.2673797
0.2994652 0.2994652 0.2887701 0.2834225 0.302139 0.2620321 0.2620321 0.2486631
0.3074866 0.3208556 0.2887701 0.2967914 0.3101604 0.2540107 0.2540107 0.2647059
0.315508 0.3208556 0.3101604 0.3262032 0.3101604 0.2139037 0.2139037 0.2085561
0.3048128 0.3235294 0.2486631 0.2647059 0.2994652 0.2459893 0.2459893 0.2620321
0.2754011 0.2994652 0.2727273 0.2807487 0.2727273 0.2540107 0.2540107 0.2352941
0.2914439 0.2967914 0.2887701 0.3048128 0.2914439 0.2673797 0.2673797 0.2566845
0.2967914 0.3235294 0.2860963 0.2860963 0.2941176 0.2352941 0.2352941 0.2219251
0.2860963 0.3101604 0.2914439 0.2860963 0.2914439 0.2192513 0.2192513 0.2192513
0.2994652 0.2994652 0.2780749 0.2994652 0.2994652 0.2459893 0.2459893 0.2299465
0.3181818 0.3048128 0.302139 0.3262032 0.3181818 0.2486631 0.2486631 0.2486631
0.3315508 0.3315508 0.3181818 0.3208556 0.328877 0.2245989 0.2245989 0.2272727
0.2941176 0.3208556 0.2967914 0.2887701 0.2967914 0.2272727 0.2272727 0.2139037
0.3048128 0.302139 0.2994652 0.3101604 0.3048128 0.2647059 0.2647059 0.2566845
0.328877 0.3181818 0.3208556 0.3235294 0.3262032 0.2406417 0.2406417 0.2352941
0.3048128 0.3128342 0.3048128 0.2967914 0.3181818 0.2406417 0.2406417 0.2326203
0.3048128 0.3101604 0.2807487 0.2941176 0.302139 0.2112299 0.2112299 0.2139037
