0.4150943 0.4150943 0.4716981 0.4528302 0.4150943 0.3207547 0.3207547 0.4150943
0.490566 0.490566 0.5849057 0.4339623 0.490566 0.3207547 0.3396226 0.509434
0.4716981 0.4716981 0.509434 0.3773585 0.4716981 0.4339623 0.4528302 0.4716981
0.509434 0.509434 0.5660377 0.5471698 0.509434 0.245283 0.245283 0.509434
0.4150943 0.4150943 0.490566 0.5471698 0.4150943 0.245283 0.245283 0.4339623
0.4150943 0.4150943 0.3773585 0.5283019 0.4150943 0.3396226 0.2830189 0.4150943
0.4339623 0.4339623 0.509434 0.5283019 0.4339623 0.245283 0.2264151 0.4150943
0.490566 0.490566 0.509434 0.5849057 0.490566 0.4716981 0.4716981 0.509434
0.490566 0.490566 0.4528302 0.509434 0.490566 0.245283 0.245283 0.490566
0.4339623 0.4339623 0.4716981 0.5660377 0.4339623 0.3207547 0.3396226 0.4339623
0.4528302 0.4528302 0.509434 0.490566 0.4528302 0.4528302 0.4528302 0.4528302
0.4339623 0.4339623 0.5849057 0.5283019 0.4339623 0.2830189 0.2641509 0.4339623
0.509434 0.509434 0.4150943 0.4716981 0.509434 0.3396226 0.3396226 0.509434
0.490566 0.509434 0.509434 0.3962264 0.490566 0.3018868 0.3018868 0.509434
0.5660377 0.5660377 0.490566 0.5283019 0.5660377 0.3773585 0.3584906 0.5660377
0.4716981 0.4716981 0.490566 0.4716981 0.4716981 0.3584906 0.3773585 0.4716981
0.4716981 0.4716981 0.509434 0.4150943 0.4716981 0.3962264 0.3962264 0.4528302
0.4716981 0.4716981 0.4716981 0.5471698 0.4716981 0.4339623 0.4528302 0.4716981
0.4716981 0.4716981 0.5471698 0.3018868 0.4716981 0.3207547 0.3207547 0.490566
0.490566 0.490566 0.490566 0.490566 0.490566 0.2830189 0.2830189 0.490566
0.4716981 0.4716981 0.5283019 0.490566 0.4716981 0.4339623 0.4339623 0.4716981
0.3962264 0.3962264 0.4339623 0.5849057 0.3962264 0.3773585 0.3584906 0.3962264
0.4528302 0.4528302 0.5849057 0.5283019 0.4528302 0.3018868 0.3396226 0.4339623
0.509434 0.509434 0.4150943 0.5660377 0.509434 0.3018868 0.2830189 0.509434
0.4528302 0.4528302 0.490566 0.4716981 0.4528302 0.3207547 0.3207547 0.4528302
0.4339623 0.4339623 0.3396226 0.3773585 0.4339623 0.509434 0.490566 0.4339623
0.509434 0.509434 0.6037736 0.6226415 0.509434 0.4150943 0.3773585 0.509434
0.5471698 0.5471698 0.6037736 0.509434 0.5471698 0.5283019 0.5283019 0.5283019
0.6037736 0.6037736 0.5849057 0.509434 0.6037736 0.4339623 0.4339623 0.6037736
0.4716981 0.4716981 0.4528302 0.509434 0.4716981 0.2641509 0.2641509 0.4716981
0.5471698 0.5660377 0.6415094 0.4716981 0.5471698 0.245283 0.245283 0.5471698
0.490566 0.490566 0.4339623 0.4339623 0.490566 0.3396226 0.3396226 0.490566
0.4528302 0.4528302 0.4716981 0.4150943 0.4528302 0.3396226 0.3396226 0.4528302
0.4150943 0.4150943 0.4716981 0.4150943 0.4150943 0.4528302 0.4716981 0.4150943
0.4528302 0.4528302 0.4716981 0.5283019 0.4528302 0.4339623 0.4528302 0.4528302
0.4716981 0.4716981 0.4150943 0.4339623 0.4716981 0.245283 0.2641509 0.4716981
0.509434 0.509434 0.3207547 0.5849057 0.509434 0.3773585 0.3773585 0.509434
0.490566 0.490566 0.4716981 0.6037736 0.490566 0.4528302 0.4528302 0.490566
0.5283019 0.5283019 0.5471698 0.5283019 0.5283019 0.3207547 0.3207547 0.5283019
0.490566 0.490566 0.5849057 0.509434 0.490566 0.3962264 0.3962264 0.490566
0.4150943 0.4150943 0.5660377 0.5660377 0.4150943 0.3773585 0.3773585 0.4339623
0.5283019 0.5283019 0.5660377 0.5660377 0.5283019 0.2641509 0.2830189 0.5283019
0.490566 0.490566 0.6037736 0.5849057 0.490566 0.2830189 0.245283 0.490566
0.490566 0.490566 0.5283019 0.490566 0.490566 0.3962264 0.4150943 0.490566
0.4716981 0.4716981 0.4716981 0.4528302 0.4716981 0.2264151 0.2075472 0.4716981
0.4716981 0.4716981 0.4150943 0.509434 0.4716981 0.3584906 0.3396226 0.4528302
0.4716981 0.4716981 0.4716981 0.4716981 0.4716981 0.4716981 0.4716981 0.4716981
0.4528302 0.4528302 0.490566 0.509434 0.4528302 0.3018868 0.3018868 0.4716981
0.490566 0.490566 0.3962264 0.4339623 0.490566 0.4339623 0.4339623 0.509434
0.5283019 0.5283019 0.490566 0.4150943 0.5283019 0.3584906 0.3584906 0.5283019
0.509434 0.509434 0.509434 0.6037736 0.509434 0.3584906 0.3584906 0.509434
0.4528302 0.4528302 0.4528302 0.3207547 0.4528302 0.3396226 0.3207547 0.4528302
0.4528302 0.4528302 0.4716981 0.490566 0.4528302 0.3207547 0.2641509 0.4716981
0.3962264 0.3962264 0.4339623 0.5283019 0.3962264 0.4150943 0.4150943 0.3962264
0.5660377 0.5660377 0.490566 0.490566 0.5660377 0.490566 0.490566 0.5660377
0.4716981 0.4716981 0.5283019 0.6792453 0.4716981 0.3207547 0.3207547 0.4716981
0.5283019 0.5283019 0.5283019 0.3962264 0.5283019 0.3962264 0.3962264 0.5471698
0.5283019 0.5283019 0.4150943 0.3962264 0.5283019 0.4150943 0.3584906 0.5283019
0.509434 0.509434 0.4716981 0.509434 0.509434 0.4716981 0.4716981 0.509434
0.4716981 0.4716981 0.3962264 0.5283019 0.4716981 0.3773585 0.3584906 0.4716981
0.4528302 0.4528302 0.4528302 0.5660377 0.4528302 0.2830189 0.2830189 0.4528302
0.4716981 0.4716981 0.6037736 0.6415094 0.4716981 0.3396226 0.3207547 0.490566
0.4716981 0.4716981 0.5471698 0.490566 0.4716981 0.3207547 0.3018868 0.4528302
0.4339623 0.4339623 0.4716981 0.5283019 0.4339623 0.3773585 0.3773585 0.4339623
0.4716981 0.4716981 0.5849057 0.3773585 0.4716981 0.3396226 0.3396226 0.490566
0.4339623 0.4339623 0.5283019 0.4339623 0.4339623 0.3584906 0.3584906 0.4339623
0.509434 0.509434 0.4339623 0.4528302 0.509434 0.3396226 0.3207547 0.509434
0.490566 0.490566 0.4528302 0.5283019 0.490566 0.3962264 0.3962264 0.490566
0.4528302 0.4716981 0.509434 0.4716981 0.4528302 0.2641509 0.2641509 0.4528302
0.3962264 0.3962264 0.4150943 0.490566 0.3962264 0.1886792 0.1698113 0.3962264
0.4528302 0.4528302 0.5849057 0.5283019 0.4528302 0.3207547 0.3207547 0.4716981
0.5660377 0.5849057 0.6226415 0.5471698 0.5660377 0.4150943 0.4150943 0.5471698
0.4339623 0.4339623 0.5283019 0.3584906 0.4339623 0.245283 0.245283 0.4528302
0.4716981 0.4716981 0.4716981 0.3962264 0.4716981 0.4528302 0.4339623 0.4716981
0.4716981 0.4716981 0.5660377 0.5471698 0.4716981 0.3962264 0.3773585 0.490566
0.4528302 0.4528302 0.4528302 0.5283019 0.4528302 0.2830189 0.2830189 0.4716981
0.490566 0.490566 0.3584906 0.5471698 0.490566 0.3396226 0.3396226 0.490566
0.4528302 0.4528302 0.4150943 0.490566 0.4528302 0.3773585 0.3773585 0.4716981
0.490566 0.490566 0.4150943 0.5471698 0.490566 0.3018868 0.3018868 0.490566
0.4716981 0.4716981 0.4528302 0.4339623 0.4716981 0.2641509 0.2641509 0.4716981
0.6037736 0.6037736 0.5283019 0.509434 0.6037736 0.3773585 0.3773585 0.6037736
0.4528302 0.4528302 0.5849057 0.4528302 0.4528302 0.2641509 0.3018868 0.4528302
0.4528302 0.4528302 0.5471698 0.490566 0.4528302 0.3207547 0.3207547 0.4528302
0.490566 0.490566 0.509434 0.5660377 0.490566 0.3018868 0.3018868 0.490566
0.5283019 0.5283019 0.6226415 0.5283019 0.5283019 0.3584906 0.3584906 0.5283019
0.4339623 0.4339623 0.509434 0.490566 0.4339623 0.4528302 0.4528302 0.4528302
0.4528302 0.4528302 0.490566 0.5660377 0.4528302 0.3584906 0.3584906 0.4528302
0.4716981 0.4716981 0.509434 0.509434 0.4716981 0.4339623 0.3962264 0.4716981
0.5283019 0.5283019 0.6037736 0.6226415 0.5283019 0.4716981 0.4716981 0.5283019
0.5471698 0.5471698 0.3962264 0.3773585 0.5471698 0.4528302 0.4528302 0.5471698
0.4339623 0.4339623 0.490566 0.3773585 0.4339623 0.3018868 0.3018868 0.4339623
0.3962264 0.3962264 0.4339623 0.5660377 0.3962264 0.2830189 0.2641509 0.3962264
0.490566 0.490566 0.490566 0.5660377 0.490566 0.3584906 0.3207547 0.490566
0.4716981 0.4716981 0.490566 0.490566 0.4716981 0.3018868 0.3207547 0.4716981
0.5849057 0.5849057 0.3773585 0.4339623 0.5849057 0.3018868 0.3207547 0.5849057
0.509434 0.509434 0.490566 0.490566 0.509434 0.3773585 0.3773585 0.509434
0.4716981 0.4716981 0.4528302 0.5283019 0.4716981 0.3962264 0.3962264 0.4716981
0.509434 0.509434 0.509434 0.509434 0.509434 0.2641509 0.2641509 0.5283019
0.4528302 0.4716981 0.5660377 0.6037736 0.4528302 0.3584906 0.3584906 0.4528302
0.3773585 0.3773585 0.5471698 0.490566 0.3773585 0.4716981 0.4716981 0.3962264
