0.396648 0.4581006 0.3743017 0.3910615 0.396648 0.3687151 0.3687151 0.3240223
0.3743017 0.424581 0.4078212 0.3407821 0.3687151 0.2681564 0.273743 0.2793296
0.4134078 0.4413408 0.4581006 0.4413408 0.4357542 0.3072626 0.3072626 0.2960894
0.452514 0.4916201 0.3910615 0.3687151 0.452514 0.2905028 0.301676 0.3072626
0.3854749 0.4301676 0.3854749 0.3743017 0.4022346 0.2681564 0.273743 0.2960894
0.4189944 0.452514 0.4022346 0.424581 0.4078212 0.3407821 0.3407821 0.3296089
0.3687151 0.4301676 0.3463687 0.3743017 0.3687151 0.2960894 0.2960894 0.2569832
0.3519553 0.396648 0.3854749 0.3743017 0.3519553 0.3854749 0.3854749 0.3072626
0.3687151 0.4078212 0.3407821 0.3296089 0.3687151 0.3575419 0.3575419 0.3463687
0.4022346 0.4581006 0.3854749 0.3575419 0.4022346 0.2849162 0.2793296 0.2905028
0.3519553 0.4134078 0.3798883 0.4078212 0.3519553 0.3072626 0.301676 0.301676
0.4636872 0.4581006 0.4189944 0.4748603 0.4636872 0.3854749 0.3854749 0.3296089
0.3743017 0.4022346 0.3575419 0.3296089 0.3798883 0.3743017 0.3687151 0.3743017
0.4581006 0.4692737 0.4134078 0.4078212 0.452514 0.2793296 0.2849162 0.3240223
0.3519553 0.4078212 0.3575419 0.396648 0.3575419 0.3910615 0.3910615 0.3240223
0.4469274 0.4860335 0.3854749 0.3687151 0.4469274 0.2849162 0.2849162 0.2793296
0.424581 0.4860335 0.396648 0.4413408 0.4301676 0.2234637 0.2290503 0.3072626
0.3743017 0.424581 0.4022346 0.4022346 0.3854749 0.3463687 0.3463687 0.3296089
0.3798883 0.4301676 0.396648 0.3351955 0.3798883 0.3351955 0.3351955 0.3072626
0.396648 0.4581006 0.4469274 0.4078212 0.396648 0.3854749 0.3854749 0.3296089
0.3910615 0.4469274 0.3910615 0.4189944 0.3910615 0.3687151 0.3687151 0.3072626
0.4022346 0.4301676 0.424581 0.396648 0.4022346 0.3519553 0.3519553 0.3184358
0.4357542 0.4469274 0.3687151 0.3854749 0.4413408 0.2905028 0.2905028 0.301676
0.4134078 0.4636872 0.3687151 0.3407821 0.4134078 0.2569832 0.2681564 0.2849162
0.4189944 0.4581006 0.3910615 0.4301676 0.4189944 0.3351955 0.3351955 0.2960894
0.3798883 0.4189944 0.3687151 0.3854749 0.3798883 0.3351955 0.3351955 0.2960894
0.4301676 0.4692737 0.3910615 0.3910615 0.4301676 0.3463687 0.3463687 0.3184358
0.4022346 0.4469274 0.4189944 0.424581 0.396648 0.3519553 0.3519553 0.301676
0.4469274 0.5083799 0.4636872 0.424581 0.4748603 0.2458101 0.2569832 0.3519553
0.4413408 0.4860335 0.3128492 0.3854749 0.4357542 0.3128492 0.3128492 0.3128492
0.301676 0.3351955 0.301676 0.2793296 0.301676 0.4078212 0.4078212 0.3351955
0.4134078 0.4748603 0.4134078 0.396648 0.4301676 0.3072626 0.3072626 0.301676
0.3798883 0.4301676 0.3631285 0.3743017 0.3798883 0.3798883 0.3743017 0.3184358
0.4357542 0.4804469 0.396648 0.4469274 0.4357542 0.2960894 0.2960894 0.301676
0.3743017 0.4301676 0.3463687 0.4022346 0.3743017 0.2960894 0.301676 0.3128492
0.3407821 0.396648 0.4301676 0.4189944 0.3519553 0.3854749 0.3854749 0.3240223
0.3910615 0.4189944 0.3575419 0.3743017 0.3910615 0.3631285 0.3631285 0.3240223
0.3463687 0.396648 0.3910615 0.3854749 0.3407821 0.4134078 0.4134078 0.3296089
0.424581 0.4636872 0.3575419 0.3910615 0.4189944 0.3687151 0.3687151 0.3351955
0.3743017 0.4301676 0.3463687 0.3631285 0.3743017 0.3910615 0.3910615 0.2346369
0.4134078 0.4860335 0.3854749 0.3631285 0.4189944 0.3296089 0.3296089 0.273743
0.396648 0.4413408 0.3687151 0.3910615 0.396648 0.3575419 0.3575419 0.2849162
0.4022346 0.4301676 0.3296089 0.3463687 0.4078212 0.3240223 0.3240223 0.2793296
0.3910615 0.452514 0.4134078 0.396648 0.3910615 0.3351955 0.3351955 0.2960894
0.3631285 0.3687151 0.3575419 0.424581 0.3631285 0.3743017 0.3743017 0.2905028
0.4636872 0.4860335 0.3798883 0.4413408 0.4636872 0.2960894 0.2905028 0.3519553
0.4413408 0.4748603 0.4078212 0.3407821 0.4413408 0.3407821 0.3407821 0.3240223
0.4357542 0.4581006 0.4469274 0.4189944 0.4413408 0.3631285 0.3631285 0.3463687
0.4357542 0.4804469 0.3854749 0.3631285 0.4357542 0.2569832 0.2569832 0.2569832
0.3910615 0.4413408 0.3854749 0.3575419 0.3910615 0.3240223 0.3240223 0.3351955
0.4357542 0.4636872 0.3519553 0.3910615 0.4357542 0.3407821 0.3407821 0.2905028
0.3798883 0.4134078 0.3798883 0.3743017 0.3798883 0.3854749 0.3854749 0.3072626
0.4022346 0.4357542 0.3351955 0.3743017 0.4022346 0.2681564 0.2681564 0.2793296
0.4301676 0.4636872 0.396648 0.3798883 0.424581 0.3407821 0.3407821 0.3240223
0.4134078 0.4469274 0.4413408 0.3798883 0.4134078 0.2569832 0.2569832 0.273743
0.3351955 0.4134078 0.3743017 0.2793296 0.3351955 0.2905028 0.2905028 0.2681564
0.4078212 0.4692737 0.3854749 0.3743017 0.4078212 0.3575419 0.3575419 0.3631285
0.3910615 0.4413408 0.4078212 0.4189944 0.3910615 0.3743017 0.3743017 0.3519553
0.4189944 0.4636872 0.3910615 0.3743017 0.4357542 0.2849162 0.2849162 0.2458101
0.4022346 0.4189944 0.3519553 0.3240223 0.3910615 0.2681564 0.2793296 0.3184358
0.4581006 0.4972067 0.4469274 0.4413408 0.4581006 0.3687151 0.3631285 0.273743
0.4301676 0.4413408 0.4301676 0.3854749 0.424581 0.2849162 0.2849162 0.3128492
0.4636872 0.5195531 0.3240223 0.3687151 0.4636872 0.2402235 0.2402235 0.3128492
0.3296089 0.3854749 0.4022346 0.3631285 0.3296089 0.3631285 0.3631285 0.3184358
0.4078212 0.4413408 0.4022346 0.4301676 0.4189944 0.301676 0.301676 0.2905028
0.3743017 0.4022346 0.4022346 0.4357542 0.3743017 0.3631285 0.3631285 0.3296089
0.4357542 0.4692737 0.3631285 0.4134078 0.4413408 0.3407821 0.3407821 0.2960894
0.4357542 0.4860335 0.424581 0.4134078 0.4357542 0.3296089 0.3296089 0.301676
0.3854749 0.4581006 0.4078212 0.396648 0.396648 0.3631285 0.3631285 0.2681564
0.4078212 0.4301676 0.424581 0.3519553 0.396648 0.2793296 0.2793296 0.2905028
0.396648 0.4413408 0.4134078 0.4022346 0.396648 0.3407821 0.3407821 0.2569832
0.3854749 0.4357542 0.3575419 0.3743017 0.3854749 0.3463687 0.3463687 0.3184358
0.3575419 0.4078212 0.3743017 0.3351955 0.3575419 0.2960894 0.3072626 0.3240223
0.4022346 0.4581006 0.4357542 0.3798883 0.4022346 0.2681564 0.273743 0.2569832
0.3351955 0.4022346 0.3854749 0.3296089 0.3351955 0.3854749 0.3854749 0.3128492
0.3631285 0.4022346 0.3743017 0.3798883 0.3631285 0.3854749 0.3854749 0.2849162
0.4804469 0.5363128 0.3631285 0.3854749 0.4804469 0.2402235 0.2569832 0.2849162
0.3575419 0.4357542 0.3631285 0.3631285 0.3631285 0.4022346 0.4022346 0.3184358
0.4469274 0.5027933 0.3575419 0.3687151 0.4469274 0.2290503 0.2346369 0.2849162
0.2793296 0.3463687 0.3854749 0.3798883 0.2793296 0.4413408 0.4413408 0.3184358
0.3910615 0.452514 0.4134078 0.3854749 0.4134078 0.3240223 0.3240223 0.2402235
0.4581006 0.4916201 0.396648 0.3519553 0.4581006 0.301676 0.301676 0.2960894
0.4189944 0.4692737 0.3854749 0.4078212 0.4078212 0.3407821 0.3407821 0.2849162
0.4078212 0.452514 0.4301676 0.4078212 0.4134078 0.3184358 0.3240223 0.3184358
0.4469274 0.4860335 0.3910615 0.3519553 0.4469274 0.301676 0.301676 0.3072626
0.4413408 0.4692737 0.3854749 0.396648 0.4413408 0.301676 0.3407821 0.301676
0.424581 0.452514 0.3854749 0.3351955 0.424581 0.2402235 0.2513966 0.3072626
0.4078212 0.4413408 0.4581006 0.3854749 0.4078212 0.3072626 0.3072626 0.3351955
0.3687151 0.4301676 0.3296089 0.4078212 0.3687151 0.3743017 0.3743017 0.273743
0.396648 0.4413408 0.3687151 0.3631285 0.396648 0.3072626 0.3072626 0.2513966
0.396648 0.4469274 0.3407821 0.3854749 0.396648 0.3854749 0.3854749 0.3184358
0.396648 0.4413408 0.3854749 0.3296089 0.396648 0.2458101 0.2569832 0.2625698
0.4022346 0.424581 0.3743017 0.3575419 0.4022346 0.2849162 0.2905028 0.3072626
0.3631285 0.4134078 0.3631285 0.3743017 0.3631285 0.3631285 0.3631285 0.2905028
0.4022346 0.4189944 0.4078212 0.3184358 0.4022346 0.3351955 0.3351955 0.2625698
0.3910615 0.424581 0.3743017 0.3910615 0.3854749 0.3687151 0.3687151 0.3351955
0.4078212 0.4413408 0.3743017 0.3854749 0.396648 0.3240223 0.3240223 0.273743
0.4357542 0.4972067 0.4078212 0.3743017 0.4357542 0.2569832 0.2625698 0.301676
0.396648 0.4357542 0.4078212 0.3687151 0.396648 0.3407821 0.3407821 0.2681564
0.3743017 0.4078212 0.3743017 0.396648 0.3798883 0.4078212 0.4078212 0.3743017
