0.575 0.575 0.5361111 0.4944444 0.575 0.3833333 0.3861111 0.575
0.5333333 0.5333333 0.4888889 0.4916667 0.5333333 0.4277778 0.4333333 0.5333333
0.5555556 0.5555556 0.5055556 0.5166667 0.5555556 0.4138889 0.4138889 0.5555556
0.5361111 0.5361111 0.4916667 0.5222222 0.5361111 0.3861111 0.3916667 0.5361111
0.5611111 0.5611111 0.5166667 0.5027778 0.5611111 0.3916667 0.3916667 0.5611111
0.5555556 0.5555556 0.4888889 0.4833333 0.5555556 0.4305556 0.425 0.5555556
0.5416667 0.5416667 0.4555556 0.5166667 0.5416667 0.4138889 0.4138889 0.5416667
0.55 0.55 0.5472222 0.5194444 0.55 0.4166667 0.4166667 0.55
0.5388889 0.5388889 0.5138889 0.4694444 0.5388889 0.4055556 0.4055556 0.5388889
0.5388889 0.5388889 0.5194444 0.5194444 0.5388889 0.4 0.425 0.5388889
0.5416667 0.5416667 0.5027778 0.5444444 0.5416667 0.4111111 0.4111111 0.5416667
0.5694444 0.5694444 0.5333333 0.4944444 0.5694444 0.4194444 0.425 0.5694444
0.5305556 0.5305556 0.5027778 0.525 0.5305556 0.4111111 0.3944444 0.5305556
0.5694444 0.5694444 0.4805556 0.5472222 0.5694444 0.425 0.4111111 0.5694444
0.5611111 0.5611111 0.5027778 0.4694444 0.5611111 0.4583333 0.4583333 0.5611111
0.55 0.55 0.4472222 0.5083333 0.55 0.4166667 0.4083333 0.55
0.5305556 0.5305556 0.475 0.5083333 0.5305556 0.4083333 0.4083333 0.5305556
0.5416667 0.5416667 0.5083333 0.4861111 0.5416667 0.4055556 0.4333333 0.5416667
0.5222222 0.5222222 0.5055556 0.5333333 0.5222222 0.3916667 0.4055556 0.5222222
0.5722222 0.5722222 0.4833333 0.5361111 0.5722222 0.4277778 0.4277778 0.5722222
0.5638889 0.5638889 0.4861111 0.4666667 0.5638889 0.4055556 0.4055556 0.5638889
0.5416667 0.5416667 0.4805556 0.5166667 0.5416667 0.3638889 0.3638889 0.5416667
0.5722222 0.5722222 0.5083333 0.4888889 0.5722222 0.4333333 0.425 0.5722222
0.5333333 0.5333333 0.5083333 0.4861111 0.5333333 0.3972222 0.4055556 0.5333333
0.55 0.55 0.4805556 0.5055556 0.55 0.3972222 0.4 0.55
0.5194444 0.5194444 0.5166667 0.4888889 0.5194444 0.4166667 0.4166667 0.5194444
0.5527778 0.5527778 0.4972222 0.5166667 0.5527778 0.3888889 0.3861111 0.5527778
0.5277778 0.5277778 0.5083333 0.4972222 0.5277778 0.4194444 0.4222222 0.5277778
0.5361111 0.5361111 0.5305556 0.4722222 0.5361111 0.3916667 0.3944444 0.5361111
0.525 0.525 0.4694444 0.5111111 0.525 0.4361111 0.4361111 0.525
0.5333333 0.5333333 0.5222222 0.55 0.5333333 0.3805556 0.3805556 0.5333333
0.5638889 0.5638889 0.4694444 0.525 0.5638889 0.4416667 0.4333333 0.5638889
0.5444444 0.5444444 0.5111111 0.4694444 0.5444444 0.4083333 0.4083333 0.5444444
0.5305556 0.5305556 0.5111111 0.4972222 0.5305556 0.3638889 0.3777778 0.5305556
0.5444444 0.5444444 0.4833333 0.5 0.5444444 0.4 0.4111111 0.5444444
0.5305556 0.5305556 0.4916667 0.5388889 0.5305556 0.375 0.3777778 0.5305556
0.5277778 0.5277778 0.5027778 0.5388889 0.5277778 0.3861111 0.3916667 0.5277778
0.575 0.575 0.4805556 0.4777778 0.575 0.4055556 0.4055556 0.575
0.5416667 0.5416667 0.5055556 0.525 0.5416667 0.4138889 0.4138889 0.5416667
0.5416667 0.5416667 0.475 0.5 0.5416667 0.4027778 0.3944444 0.5416667
0.5222222 0.5222222 0.5361111 0.5055556 0.5222222 0.3944444 0.4 0.5222222
0.575 0.575 0.5277778 0.5277778 0.575 0.4333333 0.4333333 0.575
0.5416667 0.5416667 0.5111111 0.4916667 0.5416667 0.4194444 0.425 0.5416667
0.5527778 0.5527778 0.4888889 0.4916667 0.5527778 0.4333333 0.4361111 0.5527778
0.5305556 0.5305556 0.4916667 0.5277778 0.5305556 0.3833333 0.3833333 0.5305556
0.5305556 0.5305556 0.4916667 0.4638889 0.5305556 0.3833333 0.3833333 0.5277778
0.5277778 0.5277778 0.5416667 0.5027778 0.5277778 0.4111111 0.4138889 0.5277778
0.5361111 0.5361111 0.5527778 0.475 0.5361111 0.3805556 0.3833333 0.5361111
0.5722222 0.5722222 0.4555556 0.4888889 0.5722222 0.4027778 0.4277778 0.5722222
0.5305556 0.5305556 0.4722222 0.4361111 0.5305556 0.4138889 0.4194444 0.5305556
0.5472222 0.5472222 0.4916667 0.4444444 0.5472222 0.3972222 0.4083333 0.5472222
0.5527778 0.5527778 0.4666667 0.5194444 0.5527778 0.3916667 0.4027778 0.5527778
0.5555556 0.5555556 0.475 0.5111111 0.5555556 0.4083333 0.4138889 0.5555556
0.5444444 0.5444444 0.5166667 0.5305556 0.5444444 0.3861111 0.3805556 0.5444444
0.5472222 0.5472222 0.5277778 0.5166667 0.5472222 0.3916667 0.3916667 0.5472222
0.5611111 0.5611111 0.4722222 0.4972222 0.5611111 0.4194444 0.4388889 0.5611111
0.5277778 0.5277778 0.4888889 0.5083333 0.5277778 0.3388889 0.3527778 0.5277778
0.5444444 0.5444444 0.4888889 0.5027778 0.5444444 0.4027778 0.3833333 0.5444444
0.5166667 0.5166667 0.5361111 0.4472222 0.5166667 0.3972222 0.4 0.5166667
0.5527778 0.5527778 0.5472222 0.5 0.5527778 0.4 0.4083333 0.5527778
0.5416667 0.5416667 0.525 0.5305556 0.5416667 0.3944444 0.3944444 0.5416667
0.5527778 0.5527778 0.5055556 0.5194444 0.5527778 0.3972222 0.4 0.5527778
0.5416667 0.5416667 0.4805556 0.4611111 0.5416667 0.4111111 0.4138889 0.5416667
0.5361111 0.5361111 0.4972222 0.4944444 0.5361111 0.3805556 0.3805556 0.5361111
0.5055556 0.5055556 0.5305556 0.4916667 0.5055556 0.4055556 0.4027778 0.5055556
0.5138889 0.5138889 0.5166667 0.525 0.5138889 0.4083333 0.4111111 0.5138889
0.5361111 0.5361111 0.4805556 0.4694444 0.5361111 0.3944444 0.3972222 0.5361111
0.5638889 0.5638889 0.5 0.5083333 0.5638889 0.3944444 0.3972222 0.5638889
0.5305556 0.5305556 0.5027778 0.4833333 0.5305556 0.4027778 0.4194444 0.5305556
0.5416667 0.5416667 0.5166667 0.5 0.5416667 0.4277778 0.4333333 0.5416667
0.575 0.575 0.5138889 0.4777778 0.575 0.4722222 0.4722222 0.575
0.525 0.525 0.4888889 0.5277778 0.525 0.3861111 0.3861111 0.525
0.5472222 0.5472222 0.4833333 0.5444444 0.5472222 0.3833333 0.3777778 0.5472222
0.5194444 0.5194444 0.5 0.525 0.5194444 0.4388889 0.4388889 0.5194444
0.5277778 0.5277778 0.5388889 0.5027778 0.5277778 0.4305556 0.4305556 0.5277778
0.5166667 0.5166667 0.5555556 0.4583333 0.5166667 0.4111111 0.4027778 0.5166667
0.5388889 0.5388889 0.4638889 0.5027778 0.5388889 0.3972222 0.3972222 0.5388889
0.5333333 0.5333333 0.4722222 0.4861111 0.5333333 0.4027778 0.4027778 0.5333333
0.5527778 0.5527778 0.4916667 0.5027778 0.5527778 0.4333333 0.4333333 0.5527778
0.5055556 0.5055556 0.4805556 0.5166667 0.5055556 0.4527778 0.4472222 0.5055556
0.5361111 0.5361111 0.4944444 0.4888889 0.5361111 0.4166667 0.4166667 0.5361111
0.525 0.525 0.4666667 0.5083333 0.525 0.425 0.4416667 0.525
0.5416667 0.5416667 0.5194444 0.5222222 0.5416667 0.3916667 0.4083333 0.5416667
0.5527778 0.5527778 0.4833333 0.5 0.5527778 0.4194444 0.4166667 0.5527778
0.5388889 0.5388889 0.4777778 0.4861111 0.5388889 0.3944444 0.3944444 0.5388889
0.5583333 0.5583333 0.475 0.5277778 0.5583333 0.4388889 0.4361111 0.5583333
0.5527778 0.5527778 0.5083333 0.5111111 0.5527778 0.4 0.4 0.5527778
0.5277778 0.5277778 0.5138889 0.4805556 0.5277778 0.3916667 0.3916667 0.5277778
0.5555556 0.5555556 0.5027778 0.4916667 0.5555556 0.3694444 0.3861111 0.5555556
0.5333333 0.5333333 0.5027778 0.5083333 0.5333333 0.4416667 0.4361111 0.5333333
0.5194444 0.5194444 0.5416667 0.4972222 0.5194444 0.3972222 0.4111111 0.5194444
0.5527778 0.5527778 0.5027778 0.5027778 0.5527778 0.4 0.3972222 0.5527778
0.55 0.55 0.4694444 0.4361111 0.55 0.3972222 0.4083333 0.55
0.5694444 0.5694444 0.525 0.5111111 0.5694444 0.4 0.4111111 0.5694444
0.5194444 0.5194444 0.4944444 0.5166667 0.5194444 0.3888889 0.3888889 0.5194444
0.5611111 0.5611111 0.5 0.5277778 0.5611111 0.4138889 0.4111111 0.5611111
0.5388889 0.5388889 0.45 0.5 0.5388889 0.4555556 0.4583333 0.5388889
0.5222222 0.5222222 0.4972222 0.4722222 0.5222222 0.4083333 0.4027778 0.5222222
0.5361111 0.5361111 0.5138889 0.5388889 0.5361111 0.425 0.4361111 0.5361111
0.5305556 0.5305556 0.4722222 0.5 0.5305556 0.4055556 0.4027778 0.5305556
