0.2392638 0.2699387 0.1717791 0.190184 0.2392638 0.1717791 0.1656442 0.1717791
0.1779141 0.190184 0.1288344 0.1595092 0.1779141 0.1288344 0.1288344 0.1165644
0.1779141 0.208589 0.1472393 0.1411043 0.1840491 0.1779141 0.1779141 0.1226994
0.196319 0.1779141 0.1779141 0.1717791 0.196319 0.1779141 0.1717791 0.1595092
0.2208589 0.2453988 0.1656442 0.1840491 0.2269939 0.190184 0.190184 0.1840491
0.1595092 0.202454 0.1165644 0.1165644 0.1595092 0.1104294 0.1104294 0.1226994
0.2515337 0.2453988 0.196319 0.2147239 0.2576687 0.1840491 0.1779141 0.1779141
0.1533742 0.1779141 0.1411043 0.1349693 0.1533742 0.1349693 0.1165644 0.0797546
0.1840491 0.1840491 0.1656442 0.1533742 0.1840491 0.1656442 0.1656442 0.1411043
0.2147239 0.2208589 0.1411043 0.1472393 0.2208589 0.1472393 0.1472393 0.1165644
0.202454 0.2760736 0.1717791 0.1779141 0.208589 0.1533742 0.1349693 0.1472393
0.190184 0.2147239 0.1349693 0.1533742 0.190184 0.1472393 0.1288344 0.08588957
0.2453988 0.2515337 0.1779141 0.196319 0.2453988 0.1840491 0.1840491 0.1411043
0.202454 0.208589 0.1349693 0.1656442 0.202454 0.1717791 0.1717791 0.1226994
0.202454 0.2331288 0.1656442 0.1779141 0.202454 0.1656442 0.1656442 0.1779141
0.1779141 0.1779141 0.1595092 0.1656442 0.1840491 0.1717791 0.1717791 0.1288344
0.2453988 0.2944785 0.190184 0.190184 0.2515337 0.1411043 0.1349693 0.1533742
0.1779141 0.196319 0.1472393 0.1472393 0.1779141 0.2147239 0.2147239 0.1717791
0.1779141 0.1840491 0.1656442 0.1533742 0.1840491 0.1533742 0.1533742 0.08588957
0.202454 0.196319 0.1840491 0.196319 0.202454 0.208589 0.208589 0.1411043
0.208589 0.208589 0.208589 0.1779141 0.2331288 0.1595092 0.1595092 0.1533742
0.1840491 0.2392638 0.1349693 0.1533742 0.1840491 0.1595092 0.1472393 0.1349693
0.190184 0.2208589 0.1533742 0.1595092 0.196319 0.2269939 0.2269939 0.1656442
0.1717791 0.2269939 0.1288344 0.1349693 0.1779141 0.1533742 0.1533742 0.1226994
0.1226994 0.1840491 0.1042945 0.09815951 0.1288344 0.1226994 0.1288344 0.1042945
0.196319 0.196319 0.1411043 0.1533742 0.196319 0.1288344 0.1288344 0.1411043
0.196319 0.208589 0.1472393 0.1595092 0.202454 0.1042945 0.09815951 0.1165644
0.2208589 0.2208589 0.190184 0.1840491 0.2208589 0.1472393 0.1472393 0.1349693
0.202454 0.190184 0.1717791 0.1656442 0.202454 0.1533742 0.1533742 0.1411043
0.2269939 0.2269939 0.1595092 0.1411043 0.2269939 0.1533742 0.1533742 0.1042945
0.1840491 0.196319 0.1717791 0.1656442 0.2147239 0.1411043 0.1288344 0.1411043
0.202454 0.2147239 0.1717791 0.190184 0.202454 0.1717791 0.1717791 0.1717791
0.2269939 0.2269939 0.190184 0.1779141 0.2269939 0.1840491 0.1717791 0.1165644
0.190184 0.2147239 0.1656442 0.1595092 0.190184 0.202454 0.202454 0.1533742
0.196319 0.2269939 0.1533742 0.1595092 0.196319 0.1472393 0.1472393 0.1472393
0.1595092 0.208589 0.1104294 0.1411043 0.1595092 0.1656442 0.1656442 0.1349693
0.1840491 0.202454 0.1288344 0.1533742 0.1840491 0.1349693 0.1288344 0.1104294
0.1717791 0.2208589 0.1349693 0.1411043 0.1717791 0.09815951 0.09815951 0.09815951
0.190184 0.2392638 0.1595092 0.1595092 0.190184 0.1533742 0.1472393 0.1288344
0.1656442 0.1779141 0.1656442 0.1533742 0.190184 0.1533742 0.1533742 0.1411043
0.1840491 0.190184 0.1533742 0.1472393 0.1840491 0.1656442 0.1717791 0.1472393
0.1779141 0.190184 0.1349693 0.1533742 0.196319 0.1226994 0.1226994 0.1165644
0.2208589 0.2392638 0.1656442 0.1656442 0.2269939 0.1779141 0.1779141 0.1288344
0.190184 0.202454 0.1656442 0.1472393 0.190184 0.1595092 0.1472393 0.1656442
0.1595092 0.1717791 0.1349693 0.1349693 0.1595092 0.1533742 0.1472393 0.1104294
0.2147239 0.2760736 0.1779141 0.1840491 0.2147239 0.1717791 0.1717791 0.1165644
0.190184 0.190184 0.1533742 0.1533742 0.190184 0.208589 0.208589 0.1042945
0.2208589 0.2269939 0.1840491 0.1717791 0.2269939 0.1717791 0.1717791 0.1288344
0.2453988 0.2699387 0.2147239 0.190184 0.2453988 0.1411043 0.1472393 0.1411043
0.190184 0.196319 0.1595092 0.1533742 0.190184 0.1288344 0.1226994 0.1411043
0.190184 0.202454 0.1533742 0.1472393 0.190184 0.190184 0.190184 0.1288344
0.2699387 0.2760736 0.2208589 0.2147239 0.2760736 0.208589 0.208589 0.190184
0.196319 0.2208589 0.1472393 0.1595092 0.196319 0.1288344 0.1288344 0.1104294
0.1840491 0.208589 0.1533742 0.1533742 0.1840491 0.1717791 0.1717791 0.1226994
0.208589 0.2515337 0.1717791 0.1717791 0.208589 0.1104294 0.1104294 0.09815951
0.202454 0.2453988 0.1779141 0.1533742 0.202454 0.1411043 0.1226994 0.1656442
0.202454 0.2269939 0.1595092 0.1656442 0.2147239 0.1165644 0.1165644 0.1104294
0.1595092 0.2331288 0.1226994 0.1349693 0.1717791 0.1840491 0.1656442 0.1349693
0.190184 0.190184 0.1595092 0.1533742 0.190184 0.1840491 0.1779141 0.1472393
0.1717791 0.196319 0.1533742 0.1656442 0.1717791 0.1595092 0.1472393 0.1288344
0.2638037 0.2453988 0.2269939 0.208589 0.2638037 0.208589 0.202454 0.196319
0.202454 0.202454 0.1595092 0.1595092 0.202454 0.1656442 0.1656442 0.1533742
0.190184 0.1717791 0.1595092 0.1349693 0.190184 0.0797546 0.0797546 0.1349693
0.1779141 0.2331288 0.1411043 0.1349693 0.1779141 0.1411043 0.1411043 0.1165644
0.2269939 0.208589 0.196319 0.208589 0.2269939 0.1779141 0.1779141 0.1717791
0.196319 0.2147239 0.1595092 0.1411043 0.202454 0.208589 0.208589 0.1533742
0.1595092 0.196319 0.1349693 0.1349693 0.1656442 0.1165644 0.1042945 0.09815951
0.1533742 0.2147239 0.1288344 0.1226994 0.1533742 0.1717791 0.1779141 0.1349693
0.1656442 0.1779141 0.1533742 0.1472393 0.1656442 0.1411043 0.1411043 0.1165644
0.2208589 0.208589 0.1779141 0.190184 0.2269939 0.2883436 0.2883436 0.1779141
0.1656442 0.190184 0.1288344 0.1226994 0.1717791 0.1349693 0.1411043 0.1226994
0.1656442 0.2453988 0.1349693 0.1411043 0.1656442 0.1656442 0.1656442 0.1533742
0.2208589 0.2576687 0.1717791 0.1840491 0.2269939 0.2147239 0.2147239 0.1595092
0.196319 0.2269939 0.1472393 0.1779141 0.202454 0.1411043 0.1411043 0.1411043
0.202454 0.2208589 0.1656442 0.1717791 0.202454 0.1411043 0.1288344 0.1104294
0.208589 0.2269939 0.1656442 0.1411043 0.2147239 0.1779141 0.1779141 0.1349693
0.190184 0.202454 0.1595092 0.1717791 0.190184 0.09815951 0.1042945 0.1165644
0.2208589 0.2331288 0.1840491 0.196319 0.2147239 0.1779141 0.1595092 0.1472393
0.2269939 0.2147239 0.1840491 0.196319 0.2331288 0.202454 0.202454 0.1779141
0.1840491 0.196319 0.1656442 0.1288344 0.1840491 0.1656442 0.1595092 0.1472393
0.196319 0.2331288 0.1595092 0.1411043 0.196319 0.1533742 0.1533742 0.1595092
0.1840491 0.196319 0.1349693 0.1411043 0.1840491 0.1411043 0.1411043 0.1042945
0.208589 0.2822086 0.1595092 0.1595092 0.2147239 0.1411043 0.1226994 0.1411043
0.2453988 0.2760736 0.190184 0.208589 0.2515337 0.1411043 0.1288344 0.1288344
0.1840491 0.190184 0.1472393 0.1656442 0.202454 0.1042945 0.09815951 0.1042945
0.2147239 0.2331288 0.1595092 0.1840491 0.2147239 0.2147239 0.2147239 0.1595092
0.196319 0.202454 0.1595092 0.1411043 0.202454 0.208589 0.208589 0.1288344
0.2638037 0.2760736 0.2147239 0.202454 0.2699387 0.190184 0.190184 0.1472393
0.202454 0.2269939 0.1533742 0.1411043 0.202454 0.1533742 0.1472393 0.1165644
0.196319 0.202454 0.1656442 0.1533742 0.196319 0.1288344 0.1288344 0.1288344
0.202454 0.2269939 0.1717791 0.1595092 0.202454 0.1349693 0.1226994 0.1042945
0.190184 0.196319 0.1349693 0.1472393 0.196319 0.1656442 0.1472393 0.09202454
0.190184 0.208589 0.1533742 0.1472393 0.190184 0.1042945 0.1042945 0.1165644
0.1779141 0.1840491 0.1349693 0.1411043 0.1779141 0.1165644 0.1165644 0.1165644
0.2453988 0.2576687 0.1840491 0.208589 0.2453988 0.1288344 0.1165644 0.1226994
0.2331288 0.2638037 0.1656442 0.190184 0.2331288 0.1411043 0.1411043 0.1533742
0.1840491 0.2147239 0.1288344 0.1533742 0.196319 0.1595092 0.1533742 0.1717791
0.2269939 0.2331288 0.1717791 0.1840491 0.2269939 0.1595092 0.1595092 0.1595092
0.208589 0.2331288 0.1472393 0.1717791 0.2147239 0.1226994 0.1165644 0.1288344
0.2147239 0.2453988 0.1717791 0.190184 0.2147239 0.1656442 0.1656442 0.1411043
