0.2875817 0.3006536 0.254902 0.254902 0.2614379 0.2679739 0.2679739 0.248366
0.3006536 0.2875817 0.2679739 0.2679739 0.2679739 0.248366 0.248366 0.254902
0.2810458 0.3202614 0.2941176 0.2941176 0.2745098 0.2941176 0.2941176 0.2679739
0.3267974 0.3464052 0.3202614 0.3202614 0.3267974 0.3071895 0.3071895 0.2941176
0.3267974 0.3267974 0.3137255 0.3071895 0.3137255 0.3202614 0.3202614 0.3071895
0.2614379 0.2875817 0.2614379 0.254902 0.254902 0.2614379 0.2614379 0.2352941
0.254902 0.3006536 0.2352941 0.2418301 0.254902 0.2941176 0.2941176 0.2679739
0.2679739 0.2810458 0.248366 0.248366 0.248366 0.2614379 0.2614379 0.254902
0.2679739 0.2875817 0.2614379 0.2679739 0.2614379 0.2614379 0.2614379 0.2287582
0.3398693 0.3267974 0.3202614 0.3267974 0.3137255 0.2941176 0.2941176 0.2875817
0.3137255 0.3071895 0.2875817 0.2875817 0.2875817 0.2810458 0.2810458 0.2614379
0.2745098 0.3333333 0.2810458 0.2745098 0.2745098 0.254902 0.254902 0.2614379
0.3529412 0.372549 0.3202614 0.3267974 0.3202614 0.3071895 0.3071895 0.2810458
0.3464052 0.3594771 0.3071895 0.3071895 0.3137255 0.3137255 0.3137255 0.3071895
0.3398693 0.3529412 0.3398693 0.3464052 0.3333333 0.2222222 0.2222222 0.2352941
0.3202614 0.3006536 0.2875817 0.2810458 0.2745098 0.2614379 0.2614379 0.2745098
0.3137255 0.3071895 0.3071895 0.3006536 0.3006536 0.2875817 0.2875817 0.2810458
0.3398693 0.3398693 0.3267974 0.3267974 0.3267974 0.2418301 0.2418301 0.248366
0.2614379 0.2745098 0.248366 0.2614379 0.2679739 0.2679739 0.2679739 0.2352941
0.254902 0.2418301 0.2352941 0.2418301 0.2418301 0.2352941 0.2352941 0.2156863
0.2875817 0.2941176 0.2941176 0.2875817 0.2875817 0.3006536 0.3006536 0.2679739
0.3333333 0.3137255 0.3006536 0.3006536 0.2745098 0.2810458 0.2810458 0.2745098
0.3921569 0.379085 0.3267974 0.3202614 0.3006536 0.2875817 0.2875817 0.248366
0.3202614 0.3137255 0.2941176 0.2875817 0.2941176 0.2222222 0.2222222 0.2156863
0.3267974 0.3464052 0.3071895 0.3137255 0.3006536 0.3006536 0.3006536 0.3006536
0.3529412 0.3529412 0.3398693 0.3333333 0.3398693 0.2941176 0.2941176 0.2418301
0.2614379 0.3202614 0.2614379 0.2614379 0.2614379 0.3137255 0.3137255 0.2679739
0.3398693 0.3267974 0.3071895 0.3071895 0.3137255 0.248366 0.248366 0.254902
0.3071895 0.3660131 0.3006536 0.3006536 0.3006536 0.2875817 0.2875817 0.2418301
0.3267974 0.379085 0.2679739 0.2679739 0.254902 0.2810458 0.2810458 0.248366
0.3137255 0.2941176 0.2875817 0.2810458 0.2745098 0.2941176 0.2941176 0.2810458
0.3137255 0.3529412 0.3006536 0.3006536 0.3006536 0.2614379 0.2614379 0.248366
0.2875817 0.2875817 0.2614379 0.2614379 0.2810458 0.2875817 0.2875817 0.2679739
0.2941176 0.2810458 0.2875817 0.2875817 0.2941176 0.248366 0.248366 0.2418301
0.2810458 0.3398693 0.2810458 0.2745098 0.2745098 0.2352941 0.2352941 0.2352941
0.2941176 0.3921569 0.2745098 0.2810458 0.2875817 0.2091503 0.2091503 0.2222222
0.3529412 0.3921569 0.3464052 0.3464052 0.3529412 0.2352941 0.2352941 0.2614379
0.3464052 0.3071895 0.3202614 0.3202614 0.3202614 0.2810458 0.2810458 0.2679739
0.2614379 0.2679739 0.254902 0.2614379 0.254902 0.3006536 0.3006536 0.2679739
0.2941176 0.3071895 0.2679739 0.2614379 0.2679739 0.2614379 0.2614379 0.2418301
0.2875817 0.3071895 0.2810458 0.2679739 0.2745098 0.2810458 0.2810458 0.2679739
0.254902 0.3071895 0.254902 0.248366 0.2614379 0.3137255 0.3137255 0.2745098
0.2745098 0.2745098 0.254902 0.254902 0.248366 0.2418301 0.2418301 0.2091503
0.3137255 0.3137255 0.2810458 0.2810458 0.2810458 0.2745098 0.2745098 0.254902
0.2875817 0.3006536 0.254902 0.254902 0.2614379 0.3071895 0.3071895 0.2810458
0.2614379 0.3202614 0.2745098 0.2745098 0.2614379 0.2875817 0.2875817 0.2614379
0.3398693 0.2745098 0.2679739 0.2745098 0.2745098 0.2875817 0.2875817 0.254902
0.2810458 0.2614379 0.254902 0.248366 0.2614379 0.2222222 0.2222222 0.2156863
0.3137255 0.2875817 0.2745098 0.2614379 0.2745098 0.2810458 0.2810458 0.254902
0.2679739 0.2941176 0.2614379 0.2679739 0.2614379 0.2679739 0.2679739 0.254902
0.3071895 0.2941176 0.2810458 0.2745098 0.2745098 0.3202614 0.3202614 0.3006536
0.2875817 0.2875817 0.2614379 0.2679739 0.2679739 0.2352941 0.2352941 0.254902
0.3529412 0.3202614 0.3594771 0.3464052 0.3529412 0.2810458 0.2810458 0.2614379
0.2810458 0.3006536 0.2679739 0.2679739 0.2679739 0.3006536 0.3006536 0.3006536
0.3529412 0.372549 0.3464052 0.3529412 0.3398693 0.2810458 0.2810458 0.3071895
0.379085 0.3921569 0.3594771 0.3660131 0.3660131 0.2810458 0.2810458 0.254902
0.3398693 0.3529412 0.3137255 0.3267974 0.3137255 0.3267974 0.3267974 0.3398693
0.3398693 0.3333333 0.3006536 0.2875817 0.2810458 0.2287582 0.2287582 0.248366
0.3398693 0.3529412 0.3202614 0.3137255 0.3202614 0.2745098 0.2745098 0.2614379
0.3267974 0.2941176 0.3137255 0.3202614 0.2941176 0.2810458 0.2810458 0.254902
0.4052288 0.3856209 0.3856209 0.379085 0.372549 0.2679739 0.2679739 0.2875817
0.2875817 0.2614379 0.2810458 0.2679739 0.2745098 0.254902 0.254902 0.2352941
0.3333333 0.3398693 0.2941176 0.3006536 0.3006536 0.3398693 0.3398693 0.3006536
0.3267974 0.3529412 0.3137255 0.3267974 0.3267974 0.2614379 0.2614379 0.254902
0.3529412 0.3464052 0.3006536 0.3006536 0.3071895 0.248366 0.248366 0.254902
0.3398693 0.3006536 0.3137255 0.3071895 0.2941176 0.2745098 0.2745098 0.2810458
0.3071895 0.3529412 0.3137255 0.3071895 0.3006536 0.2418301 0.2418301 0.2222222
0.3202614 0.3071895 0.2875817 0.2875817 0.2875817 0.2745098 0.2745098 0.248366
0.3398693 0.3137255 0.3137255 0.3202614 0.3071895 0.2745098 0.2745098 0.2745098
0.2941176 0.3137255 0.2941176 0.3006536 0.2941176 0.3202614 0.3202614 0.2679739
0.3006536 0.2941176 0.2614379 0.2679739 0.254902 0.248366 0.248366 0.2352941
0.3202614 0.3267974 0.3071895 0.3137255 0.3137255 0.2875817 0.2875817 0.2810458
0.3202614 0.3333333 0.3333333 0.3267974 0.3202614 0.2810458 0.2810458 0.2875817
0.3398693 0.3267974 0.3267974 0.3267974 0.3267974 0.2875817 0.2875817 0.3202614
0.2810458 0.3006536 0.2941176 0.2941176 0.2941176 0.2745098 0.2745098 0.248366
0.2941176 0.3071895 0.2941176 0.2941176 0.2875817 0.3267974 0.3267974 0.2941176
0.3137255 0.3137255 0.3202614 0.3137255 0.3006536 0.3202614 0.3202614 0.3137255
0.3071895 0.3464052 0.2875817 0.2875817 0.2875817 0.2745098 0.2745098 0.2875817
0.3137255 0.3267974 0.3006536 0.3006536 0.3006536 0.254902 0.254902 0.2091503
0.3594771 0.3398693 0.3464052 0.3529412 0.3464052 0.2941176 0.2941176 0.3071895
0.2614379 0.2418301 0.2352941 0.2352941 0.2222222 0.2287582 0.2287582 0.2352941
0.3006536 0.3137255 0.2875817 0.2875817 0.3137255 0.2352941 0.2352941 0.248366
0.2810458 0.2810458 0.2614379 0.2679739 0.2614379 0.2875817 0.2875817 0.2745098
0.2941176 0.3333333 0.2810458 0.2810458 0.2941176 0.2941176 0.2941176 0.2941176
0.3398693 0.3333333 0.3137255 0.3267974 0.3137255 0.2614379 0.2614379 0.2418301
0.3856209 0.379085 0.372549 0.3660131 0.3529412 0.2418301 0.2418301 0.2941176
0.3464052 0.3333333 0.2614379 0.2745098 0.2745098 0.2679739 0.2679739 0.2679739
0.3071895 0.3071895 0.2745098 0.2745098 0.2745098 0.2745098 0.2745098 0.2679739
0.2875817 0.248366 0.2810458 0.2810458 0.2810458 0.2875817 0.2875817 0.2745098
0.3333333 0.3594771 0.3006536 0.3071895 0.3006536 0.2810458 0.2810458 0.2614379
0.4117647 0.3856209 0.372549 0.372549 0.3856209 0.2679739 0.2679739 0.2745098
0.2614379 0.248366 0.2614379 0.2614379 0.2614379 0.2810458 0.2810458 0.2810458
0.3137255 0.2941176 0.3006536 0.3006536 0.2941176 0.2941176 0.2941176 0.2810458
0.3006536 0.3071895 0.2810458 0.2745098 0.2810458 0.2614379 0.2614379 0.2614379
0.3398693 0.3267974 0.3333333 0.3398693 0.3202614 0.2614379 0.2614379 0.2352941
0.2875817 0.3006536 0.2745098 0.2679739 0.2614379 0.254902 0.254902 0.2287582
0.3267974 0.3333333 0.2941176 0.3006536 0.2875817 0.248366 0.248366 0.254902
0.2941176 0.3006536 0.2941176 0.2941176 0.2941176 0.248366 0.248366 0.2222222
0.3464052 0.3529412 0.3594771 0.3529412 0.3398693 0.3137255 0.3137255 0.2875817
0.372549 0.379085 0.372549 0.3594771 0.3660131 0.3202614 0.3202614 0.3137255
