0.08 0.07428571 0.1085714 0.1085714 0.1085714 0.03428571 0.03428571 0.04
0.1314286 0.1485714 0.1542857 0.1542857 0.1428571 0.08 0.08571429 0.07428571
0.1542857 0.1542857 0.1485714 0.1485714 0.1485714 0.1028571 0.1085714 0.1085714
0.1085714 0.12 0.1085714 0.1028571 0.1028571 0.06285714 0.06857143 0.06857143
0.1142857 0.1085714 0.12 0.12 0.12 0.05714286 0.05714286 0.05142857
0.12 0.12 0.12 0.12 0.12 0.06857143 0.06857143 0.06857143
0.1314286 0.1257143 0.1257143 0.1257143 0.1257143 0.07428571 0.07428571 0.07428571
0.12 0.1142857 0.12 0.1142857 0.1142857 0.07428571 0.07428571 0.06857143
0.1028571 0.1085714 0.1142857 0.1085714 0.1085714 0.04 0.04 0.04
0.1142857 0.1085714 0.1085714 0.1085714 0.1028571 0.05714286 0.05714286 0.05714286
0.12 0.1371429 0.1314286 0.1314286 0.1314286 0.08 0.08 0.08
0.12 0.12 0.1428571 0.1428571 0.1428571 0.09714286 0.09142857 0.09142857
0.1028571 0.12 0.1257143 0.1257143 0.1257143 0.02857143 0.02857143 0.04
0.1428571 0.1314286 0.1371429 0.1314286 0.1257143 0.08571429 0.08571429 0.08571429
0.1028571 0.09714286 0.1085714 0.1142857 0.1142857 0.06285714 0.06857143 0.06857143
0.1771429 0.1542857 0.1714286 0.1771429 0.1771429 0.09142857 0.1028571 0.09714286
0.1428571 0.1371429 0.16 0.16 0.1542857 0.07428571 0.07428571 0.08
0.12 0.1257143 0.1371429 0.1371429 0.1371429 0.09142857 0.08571429 0.08571429
0.09714286 0.1142857 0.1142857 0.1142857 0.1142857 0.05142857 0.05714286 0.05714286
0.09714286 0.07428571 0.07428571 0.06857143 0.06857143 0.02857143 0.03428571 0.03428571
0.16 0.1714286 0.1942857 0.1942857 0.1942857 0.07428571 0.08 0.08
0.06857143 0.07428571 0.07428571 0.08 0.08 0.03428571 0.04571429 0.04571429
0.09142857 0.1142857 0.09142857 0.09142857 0.09142857 0.05142857 0.05142857 0.05714286
0.09714286 0.08571429 0.09714286 0.09714286 0.09714286 0.04571429 0.05142857 0.05142857
0.1314286 0.1314286 0.12 0.1142857 0.12 0.05142857 0.06285714 0.06285714
0.1257143 0.1257143 0.1371429 0.1371429 0.1371429 0.08571429 0.08 0.08571429
0.1257143 0.1371429 0.1257143 0.1257143 0.1257143 0.04571429 0.05142857 0.05142857
0.1657143 0.1542857 0.1657143 0.1657143 0.1657143 0.09714286 0.1028571 0.1028571
0.1314286 0.1314286 0.1485714 0.1485714 0.1485714 0.07428571 0.07428571 0.07428571
0.1771429 0.1371429 0.1257143 0.1257143 0.1257143 0.08 0.08571429 0.08571429
0.1314286 0.1142857 0.1371429 0.1371429 0.1257143 0.06285714 0.06857143 0.06857143
0.1257143 0.09142857 0.1028571 0.1028571 0.1028571 0.08 0.08 0.08
0.1142857 0.1142857 0.12 0.12 0.12 0.06285714 0.06857143 0.07428571
0.2 0.2171429 0.2285714 0.2285714 0.2285714 0.09142857 0.09142857 0.09142857
0.1085714 0.1028571 0.1028571 0.09714286 0.09714286 0.05714286 0.06285714 0.06285714
0.1085714 0.1028571 0.09714286 0.09714286 0.09714286 0.05714286 0.05714286 0.05714286
0.1257143 0.12 0.1428571 0.1428571 0.1428571 0.06857143 0.07428571 0.07428571
0.1142857 0.09142857 0.09714286 0.09714286 0.09714286 0.05142857 0.04571429 0.04571429
0.1142857 0.09714286 0.1142857 0.1142857 0.1142857 0.06285714 0.06285714 0.06285714
0.1428571 0.1428571 0.1371429 0.1371429 0.1371429 0.08571429 0.08571429 0.08571429
0.12 0.1485714 0.1257143 0.1257143 0.1314286 0.07428571 0.07428571 0.08
0.1142857 0.12 0.1142857 0.1142857 0.1085714 0.04571429 0.04571429 0.04571429
0.09714286 0.1257143 0.1314286 0.1314286 0.1314286 0.06285714 0.08 0.07428571
0.09142857 0.08571429 0.1028571 0.1028571 0.09714286 0.06285714 0.06285714 0.06285714
0.1371429 0.1142857 0.1371429 0.1371429 0.1371429 0.06285714 0.06857143 0.07428571
0.08 0.09714286 0.09714286 0.09714286 0.09714286 0.06285714 0.06285714 0.06285714
0.1142857 0.1314286 0.1142857 0.1142857 0.1142857 0.05714286 0.05714286 0.05714286
0.08571429 0.09142857 0.09714286 0.1028571 0.1028571 0.06285714 0.06285714 0.06857143
0.1314286 0.1314286 0.1314286 0.1314286 0.1314286 0.09142857 0.09142857 0.09142857
0.12 0.1257143 0.1314286 0.1314286 0.1257143 0.06285714 0.06857143 0.06857143
0.1371429 0.12 0.1371429 0.1371429 0.1371429 0.08571429 0.09142857 0.09142857
0.08 0.09142857 0.08 0.08 0.08 0.05714286 0.06285714 0.05714286
0.1771429 0.1771429 0.1942857 0.1942857 0.1942857 0.1542857 0.16 0.16
0.1028571 0.1314286 0.1428571 0.1428571 0.1428571 0.05142857 0.05142857 0.05142857
0.08571429 0.1028571 0.1028571 0.09714286 0.09714286 0.05714286 0.05714286 0.05714286
0.08571429 0.09142857 0.1085714 0.1085714 0.1085714 0.05714286 0.05714286 0.05714286
0.07428571 0.08571429 0.08 0.08 0.08 0.04 0.05142857 0.05142857
0.07428571 0.08571429 0.06857143 0.06857143 0.06857143 0.05142857 0.05142857 0.05142857
0.1028571 0.1085714 0.12 0.12 0.1142857 0.05714286 0.05714286 0.05142857
0.08571429 0.08571429 0.08571429 0.08571429 0.08571429 0.03428571 0.03428571 0.04
0.1028571 0.1028571 0.1028571 0.1028571 0.1028571 0.05714286 0.06285714 0.06285714
0.1257143 0.1314286 0.1485714 0.1485714 0.1485714 0.08 0.08571429 0.08
0.12 0.12 0.1257143 0.1257143 0.1257143 0.06857143 0.06857143 0.06857143
0.1371429 0.1428571 0.1485714 0.1485714 0.1485714 0.06857143 0.07428571 0.08
0.06285714 0.07428571 0.06857143 0.06857143 0.06857143 0.04571429 0.05142857 0.05142857
0.09142857 0.1028571 0.09714286 0.09714286 0.09714286 0.04571429 0.05142857 0.05142857
0.1714286 0.1428571 0.1714286 0.1714286 0.1714286 0.1028571 0.1028571 0.1028571
0.1257143 0.1371429 0.1542857 0.1428571 0.1485714 0.05142857 0.05714286 0.05714286
0.1428571 0.1714286 0.1542857 0.1542857 0.1542857 0.09714286 0.09142857 0.09142857
0.1371429 0.1142857 0.1485714 0.1485714 0.1428571 0.08571429 0.08571429 0.08
0.1085714 0.08 0.1314286 0.1314286 0.1314286 0.05714286 0.06857143 0.06857143
0.06285714 0.08 0.1028571 0.1028571 0.1028571 0.09714286 0.09714286 0.09714286
0.1085714 0.1085714 0.1028571 0.1028571 0.09714286 0.04 0.04 0.04
0.1142857 0.12 0.1314286 0.1314286 0.1257143 0.05714286 0.05714286 0.06285714
0.1085714 0.1085714 0.1142857 0.12 0.12 0.05714286 0.06285714 0.06285714
0.1314286 0.1314286 0.1428571 0.1428571 0.1428571 0.06857143 0.06857143 0.08
0.12 0.1257143 0.1314286 0.1314286 0.1314286 0.07428571 0.07428571 0.07428571
0.1085714 0.1257143 0.1257143 0.1257143 0.1257143 0.03428571 0.03428571 0.03428571
0.1085714 0.12 0.1314286 0.1314286 0.1314286 0.06857143 0.08 0.08
0.1314286 0.1314286 0.1485714 0.1485714 0.1485714 0.06285714 0.06285714 0.06285714
0.1371429 0.1371429 0.1485714 0.1428571 0.1371429 0.06857143 0.06857143 0.06857143
0.1371429 0.1714286 0.1714286 0.1714286 0.1714286 0.1142857 0.1085714 0.1085714
0.1085714 0.1085714 0.1257143 0.1257143 0.1257143 0.08571429 0.08571429 0.09142857
0.12 0.1371429 0.1314286 0.1314286 0.1314286 0.06857143 0.06857143 0.07428571
0.1428571 0.1428571 0.16 0.16 0.1542857 0.07428571 0.08 0.07428571
0.12 0.1257143 0.1314286 0.1314286 0.1257143 0.08 0.08 0.08
0.1028571 0.1142857 0.1257143 0.1257143 0.1257143 0.04 0.04571429 0.04571429
0.1371429 0.1542857 0.1428571 0.1428571 0.1428571 0.09142857 0.09714286 0.09142857
0.12 0.1314286 0.12 0.12 0.12 0.07428571 0.06857143 0.06857143
0.09714286 0.09714286 0.1028571 0.1028571 0.1028571 0.04 0.04571429 0.04571429
0.1028571 0.09142857 0.1085714 0.1085714 0.1085714 0.07428571 0.07428571 0.07428571
0.1371429 0.1485714 0.1428571 0.1428571 0.1428571 0.1142857 0.1142857 0.1142857
0.1371429 0.1657143 0.1542857 0.1542857 0.1485714 0.08571429 0.08571429 0.09142857
0.1085714 0.1085714 0.1257143 0.1257143 0.12 0.08 0.08 0.08
0.09714286 0.08571429 0.09714286 0.09714286 0.1028571 0.06285714 0.06285714 0.06285714
0.1142857 0.1142857 0.12 0.12 0.1142857 0.06285714 0.06285714 0.07428571
0.12 0.1085714 0.1314286 0.1314286 0.1314286 0.06857143 0.06857143 0.06857143
0.1485714 0.1428571 0.1485714 0.1485714 0.1485714 0.07428571 0.06857143 0.06857143
0.1485714 0.1314286 0.1485714 0.1428571 0.1428571 0.09714286 0.09714286 0.09714286
0.16 0.1485714 0.1542857 0.1542857 0.1542857 0.1028571 0.1028571 0.09714286
