0.3802083 0.3828125 0.3567708 0.3723958 0.3802083 0.3307292 0.328125 0.265625
0.3723958 0.3776042 0.375 0.3828125 0.3723958 0.3255208 0.3255208 0.2604167
0.4270833 0.3854167 0.3932292 0.3854167 0.4166667 0.3359375 0.3359375 0.2890625
0.3932292 0.3645833 0.3645833 0.3723958 0.375 0.3541667 0.3541667 0.2760417
0.3697917 0.390625 0.3333333 0.3333333 0.3697917 0.2734375 0.2734375 0.2526042
0.3828125 0.4088542 0.3671875 0.375 0.3619792 0.3151042 0.3151042 0.2213542
0.3932292 0.4375 0.3984375 0.4010417 0.3932292 0.328125 0.328125 0.2630208
0.4010417 0.4375 0.3463542 0.3880208 0.4010417 0.2916667 0.2916667 0.2395833
0.4088542 0.4114583 0.40625 0.3776042 0.4036458 0.359375 0.359375 0.2630208
0.4088542 0.4348958 0.3932292 0.3932292 0.4088542 0.3359375 0.3359375 0.2604167
0.3854167 0.3932292 0.3671875 0.3697917 0.3802083 0.328125 0.3307292 0.2916667
0.4010417 0.453125 0.3958333 0.390625 0.4010417 0.2890625 0.2890625 0.2395833
0.3854167 0.3958333 0.3645833 0.3697917 0.3854167 0.34375 0.34375 0.3072917
0.4192708 0.4557292 0.3880208 0.4036458 0.4192708 0.328125 0.3307292 0.2682292
0.3515625 0.3932292 0.3645833 0.3489583 0.3567708 0.2994792 0.2994792 0.2578125
0.3880208 0.3880208 0.375 0.4010417 0.3932292 0.34375 0.3489583 0.2786458
0.3854167 0.4166667 0.3489583 0.3567708 0.3854167 0.3151042 0.3151042 0.2630208
0.3489583 0.3645833 0.3203125 0.328125 0.3489583 0.3463542 0.3463542 0.2734375
0.40625 0.4557292 0.375 0.375 0.4192708 0.3125 0.3072917 0.2838542
0.3932292 0.4114583 0.3671875 0.3619792 0.3932292 0.3411458 0.3411458 0.2734375
0.3645833 0.3723958 0.3333333 0.3697917 0.3645833 0.3463542 0.3463542 0.2734375
0.3723958 0.4088542 0.3697917 0.3776042 0.3723958 0.3072917 0.3072917 0.2734375
0.3802083 0.390625 0.3671875 0.3802083 0.3854167 0.3255208 0.3255208 0.28125
0.3880208 0.4192708 0.3776042 0.3671875 0.3880208 0.3359375 0.3359375 0.296875
0.4036458 0.4453125 0.40625 0.3697917 0.4036458 0.3203125 0.3203125 0.2552083
0.34375 0.3984375 0.3385417 0.3515625 0.34375 0.3515625 0.3515625 0.2864583
0.3984375 0.4401042 0.3802083 0.3177083 0.4010417 0.3333333 0.3333333 0.2552083
0.3984375 0.4036458 0.3515625 0.3880208 0.4010417 0.3307292 0.3333333 0.2708333
0.3776042 0.4140625 0.359375 0.3776042 0.3802083 0.3151042 0.3151042 0.2552083
0.4114583 0.4244792 0.3776042 0.3802083 0.4114583 0.2864583 0.2864583 0.2604167
0.3958333 0.40625 0.3723958 0.3697917 0.3723958 0.3411458 0.3385417 0.2760417
0.40625 0.4817708 0.3984375 0.3723958 0.40625 0.3333333 0.3333333 0.2994792
0.40625 0.3958333 0.4166667 0.4114583 0.40625 0.3359375 0.3359375 0.2630208
0.359375 0.390625 0.359375 0.34375 0.359375 0.328125 0.328125 0.2604167
0.40625 0.4010417 0.3984375 0.3984375 0.40625 0.375 0.375 0.3151042
0.40625 0.4010417 0.3984375 0.4166667 0.4192708 0.3046875 0.3046875 0.2760417
0.40625 0.4114583 0.4166667 0.3958333 0.40625 0.3333333 0.3333333 0.3020833
0.4140625 0.4505208 0.3958333 0.4010417 0.4140625 0.3255208 0.3255208 0.2682292
0.3880208 0.3932292 0.3411458 0.3489583 0.3880208 0.3203125 0.3203125 0.265625
0.375 0.3880208 0.3802083 0.359375 0.375 0.3203125 0.3203125 0.2864583
0.3880208 0.3958333 0.3802083 0.3958333 0.3880208 0.3541667 0.3541667 0.265625
0.3802083 0.4114583 0.3802083 0.3515625 0.3828125 0.3359375 0.3359375 0.265625
0.3619792 0.4140625 0.375 0.3880208 0.3619792 0.3203125 0.3203125 0.2786458
0.3880208 0.390625 0.3958333 0.40625 0.3854167 0.3671875 0.3671875 0.2682292
0.3645833 0.3932292 0.3828125 0.359375 0.3671875 0.3255208 0.3255208 0.2708333
0.3567708 0.3776042 0.3828125 0.3802083 0.3645833 0.3359375 0.3359375 0.2890625
0.3723958 0.3932292 0.3645833 0.3828125 0.3723958 0.3151042 0.3151042 0.2890625
0.3828125 0.4036458 0.3671875 0.3776042 0.3828125 0.3359375 0.3333333 0.2734375
0.421875 0.4453125 0.4010417 0.4114583 0.421875 0.3697917 0.3697917 0.3046875
0.3802083 0.40625 0.3541667 0.359375 0.3776042 0.3072917 0.3072917 0.265625
0.3802083 0.421875 0.3333333 0.359375 0.3802083 0.2994792 0.2994792 0.2630208
0.4348958 0.4348958 0.3880208 0.4010417 0.4348958 0.2994792 0.2994792 0.2838542
0.3697917 0.3802083 0.3515625 0.3671875 0.3697917 0.3307292 0.3307292 0.2734375
0.3932292 0.4401042 0.3802083 0.3723958 0.3958333 0.2786458 0.2786458 0.234375
0.4114583 0.4322917 0.3619792 0.3854167 0.4244792 0.3020833 0.3046875 0.2734375
0.3880208 0.3932292 0.3645833 0.359375 0.3958333 0.3515625 0.3541667 0.28125
0.3828125 0.4114583 0.3958333 0.3854167 0.3854167 0.3229167 0.3229167 0.2708333
0.4166667 0.4244792 0.4114583 0.4140625 0.4166667 0.375 0.375 0.3177083
0.4114583 0.4270833 0.4401042 0.4166667 0.4114583 0.3619792 0.3619792 0.3072917
0.40625 0.4114583 0.3645833 0.3671875 0.4036458 0.3229167 0.3229167 0.2786458
0.4192708 0.4244792 0.3880208 0.3984375 0.4192708 0.3567708 0.3567708 0.2890625
0.4010417 0.4114583 0.390625 0.3854167 0.4010417 0.2890625 0.2890625 0.234375
0.3880208 0.3828125 0.3515625 0.359375 0.3645833 0.3203125 0.3203125 0.28125
0.3723958 0.4036458 0.3932292 0.375 0.3723958 0.3151042 0.3151042 0.265625
0.3984375 0.3880208 0.3776042 0.40625 0.3984375 0.3359375 0.3333333 0.2942708
0.4375 0.4635417 0.4348958 0.4088542 0.4401042 0.328125 0.328125 0.2890625
0.3619792 0.390625 0.3776042 0.3489583 0.3619792 0.3072917 0.3072917 0.2734375
0.375 0.3958333 0.3723958 0.3958333 0.375 0.3515625 0.3515625 0.2890625
0.34375 0.359375 0.375 0.3072917 0.34375 0.2760417 0.2734375 0.2213542
0.3880208 0.3958333 0.3802083 0.3671875 0.3880208 0.328125 0.3255208 0.2578125
0.3619792 0.3854167 0.359375 0.359375 0.3619792 0.3411458 0.3411458 0.2916667
0.375 0.3776042 0.375 0.3880208 0.375 0.3255208 0.3255208 0.265625
0.3958333 0.3984375 0.4140625 0.4140625 0.3958333 0.3359375 0.3385417 0.28125
0.375 0.3958333 0.3723958 0.3645833 0.375 0.3463542 0.3463542 0.2447917
0.3541667 0.390625 0.359375 0.3645833 0.3541667 0.3307292 0.3333333 0.2682292
0.4140625 0.3932292 0.3984375 0.4036458 0.3880208 0.2890625 0.2890625 0.25
0.3802083 0.4114583 0.359375 0.3567708 0.3802083 0.34375 0.34375 0.3046875
0.375 0.3828125 0.3619792 0.3697917 0.375 0.3177083 0.3177083 0.2760417
0.3984375 0.4010417 0.40625 0.3958333 0.3984375 0.3723958 0.375 0.3098958
0.3567708 0.3854167 0.375 0.3151042 0.3567708 0.359375 0.359375 0.2708333
0.40625 0.4114583 0.4010417 0.3645833 0.4114583 0.3359375 0.3359375 0.2864583
0.359375 0.3645833 0.359375 0.3489583 0.359375 0.3463542 0.3463542 0.2708333
0.375 0.4348958 0.3802083 0.3567708 0.3776042 0.3072917 0.3072917 0.2526042
0.3932292 0.4166667 0.390625 0.3984375 0.3932292 0.3359375 0.3359375 0.2994792
0.390625 0.3932292 0.3619792 0.3567708 0.3802083 0.3411458 0.3411458 0.2994792
0.3723958 0.3932292 0.3932292 0.4114583 0.3723958 0.359375 0.359375 0.2447917
0.4036458 0.4166667 0.3567708 0.3932292 0.4036458 0.3307292 0.3307292 0.296875
0.3984375 0.4166667 0.359375 0.4088542 0.4010417 0.3229167 0.3229167 0.2708333
0.4140625 0.4322917 0.4296875 0.421875 0.4114583 0.3333333 0.3359375 0.28125
0.3880208 0.4348958 0.3880208 0.3697917 0.390625 0.3072917 0.3072917 0.2552083
0.4010417 0.4270833 0.4114583 0.421875 0.4036458 0.3177083 0.3177083 0.2760417
0.4088542 0.4244792 0.3619792 0.3828125 0.4088542 0.3333333 0.3333333 0.3072917
0.3958333 0.4192708 0.3828125 0.375 0.3958333 0.3098958 0.3098958 0.265625
0.3880208 0.3932292 0.3776042 0.375 0.390625 0.28125 0.28125 0.25
0.3697917 0.375 0.3463542 0.3307292 0.3671875 0.3151042 0.3125 0.2526042
0.3567708 0.3645833 0.3463542 0.3802083 0.3567708 0.3463542 0.3463542 0.265625
0.375 0.3984375 0.3645833 0.3567708 0.3776042 0.3229167 0.3229167 0.2734375
0.3932292 0.40625 0.375 0.4010417 0.4010417 0.3151042 0.3151042 0.2526042
0.4244792 0.4375 0.3671875 0.3984375 0.3932292 0.2890625 0.2890625 0.2630208
0.3723958 0.3958333 0.3723958 0.3776042 0.3723958 0.2864583 0.2864583 0.2604167
