0.4074074 0.4148148 0.4296296 0.4666667 0.4074074 0.4148148 0.4148148 0.3555556
0.3851852 0.3333333 0.5259259 0.4592593 0.3407407 0.3555556 0.362963 0.3185185
0.3703704 0.3555556 0.4296296 0.4296296 0.362963 0.362963 0.362963 0.3703704
0.3555556 0.3259259 0.3777778 0.437037 0.3259259 0.3259259 0.3259259 0.3111111
0.3703704 0.3777778 0.4666667 0.4148148 0.3555556 0.3111111 0.3111111 0.3481481
0.3481481 0.3555556 0.3851852 0.3555556 0.3333333 0.3481481 0.3481481 0.3185185
0.3481481 0.3481481 0.4296296 0.4296296 0.3481481 0.3555556 0.3555556 0.3185185
0.3481481 0.3481481 0.4074074 0.4148148 0.3407407 0.3703704 0.3703704 0.3555556
0.3407407 0.3481481 0.3925926 0.4148148 0.3185185 0.3259259 0.2962963 0.3037037
0.2740741 0.2740741 0.4148148 0.3851852 0.2740741 0.362963 0.362963 0.2888889
0.2962963 0.3111111 0.4 0.3851852 0.2962963 0.4 0.4 0.3407407
0.3333333 0.3259259 0.4222222 0.4296296 0.3333333 0.3703704 0.3703704 0.362963
0.3703704 0.3777778 0.5037037 0.4444444 0.3703704 0.3185185 0.3185185 0.3481481
0.3851852 0.3851852 0.4962963 0.437037 0.3555556 0.2962963 0.2962963 0.3037037
0.3333333 0.3259259 0.4222222 0.4296296 0.3185185 0.3703704 0.3703704 0.3037037
0.3777778 0.3777778 0.4074074 0.437037 0.3703704 0.3333333 0.3333333 0.3481481
0.3555556 0.3407407 0.4444444 0.4666667 0.3407407 0.3777778 0.3777778 0.3555556
0.3777778 0.362963 0.4666667 0.4074074 0.3777778 0.3555556 0.3555556 0.3481481
0.3333333 0.3259259 0.3703704 0.3333333 0.3333333 0.362963 0.362963 0.3555556
0.3777778 0.362963 0.5111111 0.4222222 0.3851852 0.3259259 0.3259259 0.3407407
0.3703704 0.3777778 0.4444444 0.4814815 0.3777778 0.4 0.4074074 0.3333333
0.3555556 0.3481481 0.5037037 0.4666667 0.3555556 0.3111111 0.3111111 0.2962963
0.362963 0.3777778 0.4740741 0.4814815 0.362963 0.362963 0.362963 0.3481481
0.3259259 0.3259259 0.4444444 0.3925926 0.3259259 0.3333333 0.3333333 0.3333333
0.3703704 0.3777778 0.4518519 0.4740741 0.362963 0.3037037 0.3037037 0.3259259
0.4148148 0.4074074 0.4962963 0.3703704 0.4074074 0.3703704 0.3703704 0.3851852
0.3703704 0.3703704 0.437037 0.4592593 0.3703704 0.3259259 0.3111111 0.2740741
0.3259259 0.3259259 0.3703704 0.3925926 0.3185185 0.3259259 0.3259259 0.3037037
0.3481481 0.362963 0.4814815 0.4296296 0.3407407 0.3259259 0.3259259 0.2888889
0.362963 0.3333333 0.4222222 0.4222222 0.362963 0.3407407 0.3407407 0.3333333
0.3185185 0.3111111 0.362963 0.4148148 0.3185185 0.3111111 0.3111111 0.3111111
0.3777778 0.3703704 0.4740741 0.3925926 0.3703704 0.3851852 0.3851852 0.3703704
0.3555556 0.3481481 0.4296296 0.4222222 0.3555556 0.3185185 0.3185185 0.3111111
0.362963 0.3851852 0.4074074 0.4296296 0.3703704 0.3185185 0.3185185 0.3185185
0.3851852 0.362963 0.4740741 0.4074074 0.3851852 0.3555556 0.3555556 0.3407407
0.3851852 0.3777778 0.437037 0.4074074 0.3851852 0.3555556 0.3555556 0.3481481
0.3481481 0.3555556 0.3777778 0.3481481 0.3481481 0.3407407 0.3407407 0.3407407
0.3777778 0.362963 0.4592593 0.4666667 0.3703704 0.362963 0.362963 0.3185185
0.3481481 0.3185185 0.4148148 0.3555556 0.3407407 0.3259259 0.3259259 0.3185185
0.3259259 0.3185185 0.4222222 0.4666667 0.3259259 0.2666667 0.2666667 0.2888889
0.3777778 0.3851852 0.4518519 0.5481481 0.3777778 0.3037037 0.3037037 0.3407407
0.3481481 0.362963 0.4814815 0.4074074 0.3481481 0.3481481 0.3481481 0.3333333
0.3185185 0.3185185 0.4 0.4666667 0.3185185 0.3185185 0.3185185 0.3185185
0.3185185 0.3185185 0.4148148 0.3925926 0.3185185 0.2962963 0.2962963 0.2592593
0.3185185 0.3037037 0.4 0.3925926 0.3037037 0.3407407 0.3407407 0.3407407
0.3777778 0.362963 0.4296296 0.4888889 0.362963 0.3555556 0.3555556 0.3407407
0.3481481 0.3481481 0.3777778 0.4296296 0.3407407 0.3481481 0.3481481 0.3333333
0.3111111 0.3259259 0.3777778 0.4148148 0.3037037 0.3185185 0.3185185 0.2666667
0.3333333 0.3333333 0.437037 0.4444444 0.3259259 0.4074074 0.437037 0.3851852
0.3777778 0.3777778 0.4814815 0.437037 0.3777778 0.3259259 0.3259259 0.3111111
0.362963 0.362963 0.3851852 0.4444444 0.3481481 0.3259259 0.3259259 0.3111111
0.4148148 0.4222222 0.4740741 0.4296296 0.4 0.4074074 0.4074074 0.3925926
0.3703704 0.3777778 0.4 0.4074074 0.3703704 0.3185185 0.3185185 0.3259259
0.362963 0.362963 0.4222222 0.4444444 0.362963 0.3407407 0.3407407 0.3185185
0.3185185 0.3259259 0.4962963 0.4148148 0.3185185 0.3259259 0.3259259 0.2962963
0.3481481 0.3259259 0.4148148 0.4518519 0.3481481 0.3333333 0.3333333 0.3259259
0.3333333 0.3259259 0.362963 0.3851852 0.3259259 0.3259259 0.3259259 0.3407407
0.3185185 0.3185185 0.4592593 0.4444444 0.3185185 0.3037037 0.3037037 0.3185185
0.4296296 0.4074074 0.4222222 0.4740741 0.4222222 0.3555556 0.3555556 0.3703704
0.3555556 0.3407407 0.4518519 0.3925926 0.3555556 0.3259259 0.3259259 0.2888889
0.3777778 0.3703704 0.437037 0.3703704 0.362963 0.3185185 0.3185185 0.2888889
0.3333333 0.3185185 0.4666667 0.3925926 0.3259259 0.4 0.4148148 0.3259259
0.3851852 0.3851852 0.437037 0.437037 0.3777778 0.3481481 0.3481481 0.3407407
0.3703704 0.3703704 0.3925926 0.3925926 0.3703704 0.3703704 0.3703704 0.362963
0.3333333 0.3185185 0.4148148 0.4074074 0.3185185 0.2962963 0.2962963 0.2888889
0.3481481 0.3555556 0.4592593 0.362963 0.3555556 0.3481481 0.3481481 0.3333333
0.3555556 0.3185185 0.4740741 0.4592593 0.3333333 0.3185185 0.3185185 0.3037037
0.3703704 0.3925926 0.4222222 0.3925926 0.3777778 0.3703704 0.3703704 0.3407407
0.362963 0.3703704 0.4296296 0.362963 0.3407407 0.3703704 0.3703704 0.3555556
0.3333333 0.3333333 0.4 0.4592593 0.3407407 0.3333333 0.3333333 0.3259259
0.3259259 0.3185185 0.4074074 0.3925926 0.3259259 0.3407407 0.3407407 0.3185185
0.3259259 0.3333333 0.4518519 0.4518519 0.3333333 0.3333333 0.3333333 0.3333333
0.3703704 0.3407407 0.4444444 0.4518519 0.3555556 0.3555556 0.3555556 0.3407407
0.3333333 0.3111111 0.4222222 0.4296296 0.3333333 0.3037037 0.3037037 0.2888889
0.4296296 0.3851852 0.4296296 0.437037 0.4222222 0.3703704 0.3703704 0.362963
0.3407407 0.362963 0.4222222 0.4444444 0.3333333 0.3481481 0.3481481 0.3111111
0.3851852 0.3703704 0.4814815 0.4888889 0.3703704 0.3481481 0.3481481 0.3481481
0.3555556 0.3777778 0.4740741 0.4074074 0.3555556 0.3037037 0.3037037 0.2888889
0.3925926 0.4074074 0.4 0.437037 0.3851852 0.3777778 0.3777778 0.3851852
0.4 0.4074074 0.3925926 0.4666667 0.3925926 0.3481481 0.3481481 0.3407407
0.3703704 0.3407407 0.3777778 0.4 0.3703704 0.4074074 0.4148148 0.3407407
0.3555556 0.362963 0.4 0.4666667 0.3555556 0.3333333 0.3333333 0.3407407
0.3777778 0.3777778 0.4296296 0.4666667 0.3703704 0.3259259 0.3259259 0.3555556
0.3777778 0.3925926 0.4296296 0.437037 0.362963 0.3481481 0.3481481 0.3481481
0.3703704 0.3407407 0.4 0.437037 0.3703704 0.3259259 0.3259259 0.3259259
0.2962963 0.2814815 0.4592593 0.4 0.2962963 0.2962963 0.2962963 0.2962963
0.362963 0.3555556 0.4962963 0.5111111 0.362963 0.3111111 0.3111111 0.3481481
0.2962963 0.2888889 0.4148148 0.4592593 0.2962963 0.3777778 0.3703704 0.3037037
0.3555556 0.3777778 0.4740741 0.4592593 0.3555556 0.3481481 0.3481481 0.3333333
0.2962963 0.3111111 0.437037 0.4592593 0.2962963 0.3333333 0.3333333 0.2962963
0.3185185 0.3185185 0.3555556 0.4 0.3037037 0.3407407 0.3407407 0.3259259
0.2962963 0.2814815 0.4148148 0.3777778 0.2962963 0.362963 0.362963 0.3185185
0.4074074 0.3777778 0.4518519 0.4518519 0.3925926 0.4 0.4 0.3555556
0.3111111 0.2962963 0.3259259 0.3777778 0.2888889 0.2962963 0.2962963 0.2888889
0.3703704 0.3703704 0.4148148 0.437037 0.362963 0.3555556 0.3555556 0.3481481
0.2962963 0.2814815 0.3259259 0.4222222 0.3037037 0.3037037 0.3037037 0.2888889
0.3185185 0.3037037 0.4296296 0.4148148 0.3259259 0.3185185 0.3185185 0.2962963
0.362963 0.3703704 0.4148148 0.437037 0.362963 0.3481481 0.3481481 0.3407407
0.3333333 0.3185185 0.3925926 0.4074074 0.3481481 0.3481481 0.3481481 0.3259259
0.3185185 0.3333333 0.4592593 0.3555556 0.3185185 0.3259259 0.3259259 0.3259259
