0.2908367 0.3067729 0.4342629 0.4342629 0.2948207 0.2709163 0.2709163 0.2669323
0.3665339 0.3625498 0.4621514 0.4581673 0.3705179 0.3027888 0.3027888 0.3027888
0.3665339 0.3705179 0.4581673 0.4581673 0.3665339 0.2709163 0.2709163 0.2828685
0.3665339 0.3625498 0.4661355 0.4183267 0.3705179 0.3306773 0.3306773 0.3346614
0.3625498 0.3585657 0.5059761 0.4581673 0.3505976 0.3027888 0.3027888 0.3027888
0.3585657 0.3705179 0.4940239 0.4143426 0.3585657 0.2948207 0.2948207 0.2828685
0.3306773 0.314741 0.3864542 0.4462151 0.3346614 0.314741 0.314741 0.310757
0.3665339 0.374502 0.4541833 0.4462151 0.3665339 0.314741 0.314741 0.310757
0.3665339 0.3545817 0.4262948 0.4422311 0.374502 0.3306773 0.3306773 0.3306773
0.3426295 0.3585657 0.4661355 0.4820717 0.3426295 0.2549801 0.2549801 0.2549801
0.3984064 0.4103586 0.4621514 0.4661355 0.4063745 0.3187251 0.3187251 0.3187251
0.374502 0.3505976 0.4422311 0.4701195 0.3705179 0.2828685 0.2828685 0.2828685
0.3346614 0.3346614 0.4462151 0.4581673 0.3346614 0.2948207 0.2948207 0.2828685
0.3545817 0.3665339 0.438247 0.4223108 0.3545817 0.3227092 0.3227092 0.3227092
0.3824701 0.3784861 0.4820717 0.4462151 0.3824701 0.3187251 0.3187251 0.3227092
0.3346614 0.3426295 0.4143426 0.4342629 0.3386454 0.2868526 0.2868526 0.2828685
0.3426295 0.3386454 0.4621514 0.4143426 0.3386454 0.2908367 0.2908367 0.2709163
0.3346614 0.3386454 0.4462151 0.4223108 0.3306773 0.2868526 0.2868526 0.2828685
0.3665339 0.3784861 0.4422311 0.4342629 0.3665339 0.310757 0.310757 0.310757
0.3784861 0.3346614 0.5139442 0.4820717 0.3904382 0.3187251 0.3187251 0.3067729
0.374502 0.3824701 0.4023904 0.4183267 0.3705179 0.3187251 0.3187251 0.314741
0.3386454 0.3266932 0.4501992 0.4342629 0.3386454 0.3227092 0.3227092 0.314741
0.3505976 0.3705179 0.4023904 0.4302789 0.3545817 0.3027888 0.3027888 0.310757
0.3505976 0.3505976 0.4621514 0.4741036 0.3505976 0.3266932 0.3266932 0.3187251
0.314741 0.3466135 0.3904382 0.4023904 0.314741 0.3346614 0.3346614 0.3227092
0.3466135 0.3545817 0.4342629 0.4422311 0.3466135 0.2788845 0.2788845 0.2788845
0.3665339 0.3346614 0.4940239 0.4820717 0.3585657 0.3067729 0.3067729 0.3027888
0.3625498 0.3386454 0.4741036 0.5139442 0.3585657 0.2828685 0.2788845 0.2629482
0.3625498 0.3505976 0.5099602 0.4223108 0.3665339 0.3067729 0.3067729 0.3067729
0.3426295 0.3426295 0.4741036 0.4541833 0.3426295 0.3027888 0.3027888 0.2948207
0.3824701 0.3665339 0.4422311 0.4462151 0.3824701 0.3067729 0.3067729 0.314741
0.3306773 0.3227092 0.4103586 0.4103586 0.3266932 0.2868526 0.2868526 0.2868526
0.3466135 0.3386454 0.4422311 0.4780876 0.3466135 0.2908367 0.2908367 0.2749004
0.3505976 0.3585657 0.5378486 0.4900398 0.3545817 0.3067729 0.3067729 0.3027888
0.374502 0.3545817 0.4581673 0.501992 0.3705179 0.2749004 0.2749004 0.2788845
0.3346614 0.3266932 0.4342629 0.4860558 0.3346614 0.2988048 0.2988048 0.2908367
0.3466135 0.3346614 0.4581673 0.4462151 0.3426295 0.2948207 0.2948207 0.2908367
0.374502 0.3505976 0.4422311 0.4621514 0.374502 0.2828685 0.2828685 0.2788845
0.3227092 0.314741 0.4820717 0.4581673 0.3187251 0.2629482 0.2629482 0.2549801
0.3585657 0.3505976 0.498008 0.5099602 0.3585657 0.2908367 0.2908367 0.2868526
0.2988048 0.2948207 0.4262948 0.3705179 0.2988048 0.2549801 0.2549801 0.2629482
0.3705179 0.3545817 0.498008 0.4820717 0.3705179 0.2908367 0.2908367 0.2988048
0.3386454 0.3306773 0.4780876 0.4661355 0.3505976 0.2868526 0.2868526 0.2749004
0.3505976 0.374502 0.4422311 0.438247 0.3505976 0.3187251 0.3187251 0.3067729
0.3466135 0.3227092 0.4541833 0.4302789 0.3426295 0.2749004 0.2749004 0.2828685
0.3187251 0.3027888 0.4621514 0.4501992 0.314741 0.2669323 0.2669323 0.2589641
0.3585657 0.3625498 0.4143426 0.438247 0.3585657 0.3346614 0.3346614 0.3346614
0.3904382 0.4063745 0.4940239 0.498008 0.3944223 0.3346614 0.3346614 0.3266932
0.3625498 0.3505976 0.4661355 0.4422311 0.3625498 0.2948207 0.2948207 0.2988048
0.3545817 0.3545817 0.4302789 0.5099602 0.3545817 0.2828685 0.2828685 0.2868526
0.3665339 0.3585657 0.4302789 0.4501992 0.3705179 0.3027888 0.3027888 0.3027888
0.3665339 0.3625498 0.4780876 0.4462151 0.374502 0.2788845 0.2788845 0.2788845
0.3466135 0.3426295 0.4262948 0.4940239 0.3505976 0.2948207 0.2948207 0.2908367
0.3625498 0.3585657 0.4741036 0.4501992 0.3625498 0.2828685 0.2828685 0.2868526
0.374502 0.3784861 0.4541833 0.4501992 0.374502 0.3027888 0.3027888 0.3027888
0.3585657 0.3625498 0.4422311 0.4063745 0.3545817 0.3306773 0.3306773 0.3346614
0.3505976 0.3266932 0.4302789 0.4143426 0.3466135 0.2908367 0.2908367 0.2868526
0.3585657 0.3625498 0.4741036 0.4342629 0.3545817 0.2948207 0.2948207 0.2948207
0.374502 0.3784861 0.4701195 0.4661355 0.374502 0.2948207 0.2948207 0.2908367
0.3545817 0.3665339 0.4462151 0.4501992 0.3545817 0.2788845 0.2788845 0.2828685
0.3306773 0.3386454 0.4143426 0.4741036 0.3346614 0.2988048 0.2988048 0.2868526
0.3784861 0.3705179 0.501992 0.4860558 0.3784861 0.3067729 0.3067729 0.2948207
0.3466135 0.3426295 0.4501992 0.4501992 0.3386454 0.2749004 0.2749004 0.2788845
0.3705179 0.3665339 0.4342629 0.4621514 0.3665339 0.3067729 0.3067729 0.3067729
0.374502 0.3824701 0.4621514 0.4661355 0.374502 0.314741 0.314741 0.310757
0.3505976 0.3466135 0.4860558 0.4621514 0.3505976 0.2948207 0.2948207 0.2749004
0.3824701 0.4023904 0.4820717 0.5378486 0.3824701 0.3266932 0.3266932 0.3227092
0.3505976 0.3386454 0.4661355 0.438247 0.3505976 0.2868526 0.2868526 0.2828685
0.3306773 0.3187251 0.4741036 0.4063745 0.3306773 0.2908367 0.2908367 0.2908367
0.3346614 0.3505976 0.4581673 0.4581673 0.3426295 0.3067729 0.3067729 0.2988048
0.3625498 0.3466135 0.438247 0.4462151 0.3585657 0.3067729 0.3067729 0.3027888
0.374502 0.3625498 0.4103586 0.4501992 0.3784861 0.3187251 0.3187251 0.3187251
0.3266932 0.3386454 0.4262948 0.4262948 0.3426295 0.2908367 0.2908367 0.2868526
0.3665339 0.374502 0.438247 0.4422311 0.3665339 0.3227092 0.3227092 0.314741
0.3625498 0.3784861 0.4621514 0.4860558 0.3625498 0.2948207 0.2948207 0.2988048
0.3505976 0.3545817 0.4422311 0.4501992 0.3505976 0.3067729 0.3067729 0.3067729
0.3545817 0.3665339 0.4780876 0.4262948 0.3545817 0.2988048 0.2988048 0.2868526
0.3864542 0.3705179 0.4302789 0.4501992 0.3864542 0.3227092 0.3227092 0.3227092
0.3306773 0.3266932 0.438247 0.4103586 0.3306773 0.2908367 0.2908367 0.2868526
0.3904382 0.374502 0.4621514 0.4860558 0.3864542 0.2908367 0.2908367 0.2948207
0.3306773 0.3426295 0.4780876 0.4701195 0.3266932 0.2749004 0.2749004 0.2709163
0.310757 0.2988048 0.3864542 0.4302789 0.314741 0.2868526 0.2868526 0.2749004
0.3346614 0.3346614 0.4541833 0.4422311 0.3386454 0.3067729 0.3067729 0.3027888
0.3386454 0.3266932 0.4501992 0.4621514 0.3346614 0.3067729 0.3067729 0.2988048
0.3466135 0.3386454 0.4621514 0.4501992 0.3466135 0.2868526 0.2868526 0.2828685
0.3545817 0.3505976 0.501992 0.498008 0.3505976 0.3067729 0.3067729 0.3027888
0.3824701 0.3944223 0.4860558 0.4820717 0.3864542 0.3067729 0.3067729 0.3027888
0.3426295 0.3346614 0.4302789 0.3944223 0.3426295 0.3187251 0.3187251 0.310757
0.3585657 0.3585657 0.4820717 0.4223108 0.3585657 0.2868526 0.2868526 0.2948207
0.3665339 0.374502 0.438247 0.4860558 0.3705179 0.2828685 0.2828685 0.2908367
0.3306773 0.3187251 0.4143426 0.4422311 0.3306773 0.2749004 0.2749004 0.2788845
0.3585657 0.3346614 0.4342629 0.4143426 0.3705179 0.310757 0.310757 0.3067729
0.3505976 0.3784861 0.4501992 0.438247 0.3545817 0.314741 0.314741 0.3027888
0.3705179 0.3466135 0.4741036 0.4900398 0.3705179 0.2828685 0.2828685 0.2948207
0.3306773 0.3306773 0.4302789 0.4063745 0.3306773 0.2868526 0.2868526 0.2908367
0.3705179 0.3545817 0.4462151 0.4621514 0.3705179 0.2908367 0.2908367 0.2868526
0.3505976 0.3545817 0.4501992 0.4820717 0.3505976 0.2948207 0.2948207 0.2908367
0.3227092 0.3306773 0.3944223 0.3824701 0.314741 0.2948207 0.2948207 0.2948207
0.374502 0.3705179 0.4501992 0.4701195 0.3705179 0.2988048 0.2988048 0.2908367
0.3466135 0.3426295 0.4302789 0.4342629 0.3466135 0.2908367 0.2908367 0.2868526
