0.5952381 0.5952381 0.5952381 0.4880952 0.5952381 0.2142857 0.202381 0.5952381
0.5833333 0.5833333 0.4880952 0.5238095 0.5833333 0.2261905 0.2261905 0.5833333
0.5714286 0.5714286 0.5833333 0.5119048 0.5714286 0.25 0.25 0.5714286
0.5833333 0.5833333 0.4880952 0.4642857 0.5833333 0.2619048 0.2380952 0.5833333
0.5238095 0.5238095 0.4642857 0.5 0.5238095 0.3333333 0.3333333 0.5238095
0.5714286 0.5714286 0.5595238 0.5119048 0.5714286 0.25 0.25 0.5714286
0.5357143 0.5357143 0.4880952 0.4642857 0.5357143 0.1904762 0.202381 0.5357143
0.5714286 0.5714286 0.4761905 0.5595238 0.5714286 0.2857143 0.2857143 0.5714286
0.5238095 0.5238095 0.3571429 0.4761905 0.5238095 0.25 0.25 0.5238095
0.5 0.5 0.4642857 0.5357143 0.5 0.2142857 0.1904762 0.5
0.6190476 0.6190476 0.4880952 0.4047619 0.6190476 0.2857143 0.2738095 0.6190476
0.5119048 0.5119048 0.547619 0.5119048 0.5119048 0.2380952 0.25 0.5119048
0.5714286 0.5714286 0.4761905 0.5714286 0.5714286 0.202381 0.202381 0.5714286
0.5238095 0.5238095 0.4761905 0.4761905 0.5238095 0.2142857 0.2261905 0.5238095
0.5595238 0.5595238 0.4880952 0.6190476 0.5595238 0.2261905 0.202381 0.5595238
0.5595238 0.5595238 0.547619 0.4880952 0.5595238 0.297619 0.25 0.5595238
0.5119048 0.5119048 0.3928571 0.4642857 0.5119048 0.2738095 0.2738095 0.5119048
0.5238095 0.5238095 0.4642857 0.6190476 0.5238095 0.25 0.2261905 0.5238095
0.547619 0.547619 0.4404762 0.5 0.547619 0.1309524 0.1190476 0.547619
0.5714286 0.5714286 0.5238095 0.4642857 0.5714286 0.2619048 0.2619048 0.5714286
0.5357143 0.5357143 0.4285714 0.5714286 0.5357143 0.3095238 0.297619 0.5357143
0.5357143 0.5357143 0.452381 0.452381 0.5357143 0.202381 0.1904762 0.5357143
0.5119048 0.5119048 0.5238095 0.5119048 0.5119048 0.25 0.25 0.5119048
0.5952381 0.5952381 0.4642857 0.4047619 0.5952381 0.297619 0.297619 0.5952381
0.5 0.5 0.5357143 0.452381 0.5 0.2738095 0.2738095 0.5
0.5 0.5 0.4285714 0.5952381 0.5 0.2738095 0.25 0.5
0.5238095 0.5238095 0.5238095 0.4642857 0.5238095 0.2142857 0.2261905 0.5238095
0.5357143 0.5357143 0.5 0.5119048 0.5357143 0.2619048 0.2619048 0.5357143
0.5119048 0.5119048 0.452381 0.4047619 0.5119048 0.1666667 0.1547619 0.5119048
0.5357143 0.5357143 0.5119048 0.5238095 0.5357143 0.3571429 0.3095238 0.5357143
0.5952381 0.5952381 0.5238095 0.4642857 0.5952381 0.25 0.25 0.5952381
0.5833333 0.5833333 0.4761905 0.4761905 0.5833333 0.2380952 0.2142857 0.5833333
0.547619 0.547619 0.452381 0.5238095 0.547619 0.2142857 0.2142857 0.547619
0.5 0.5 0.5119048 0.547619 0.5 0.3690476 0.3690476 0.5
0.5119048 0.5119048 0.5357143 0.5357143 0.5119048 0.3333333 0.3214286 0.5119048
0.4642857 0.4642857 0.4642857 0.4642857 0.4642857 0.3690476 0.3333333 0.4642857
0.6071429 0.6071429 0.452381 0.3690476 0.6071429 0.2857143 0.2857143 0.6071429
0.5119048 0.5119048 0.4642857 0.5238095 0.5119048 0.2857143 0.2619048 0.5119048
0.5714286 0.5714286 0.3809524 0.452381 0.5714286 0.1428571 0.1309524 0.5714286
0.5119048 0.5119048 0.5357143 0.4761905 0.5119048 0.2738095 0.25 0.5119048
0.5714286 0.5714286 0.5 0.452381 0.5714286 0.3333333 0.2857143 0.5714286
0.4880952 0.4880952 0.5357143 0.5238095 0.4880952 0.2619048 0.25 0.4880952
0.5714286 0.5714286 0.3928571 0.5119048 0.5714286 0.202381 0.202381 0.5714286
0.5714286 0.5714286 0.5595238 0.6071429 0.5714286 0.2142857 0.2142857 0.5714286
0.6547619 0.6547619 0.5595238 0.5714286 0.6547619 0.2142857 0.202381 0.6547619
0.4642857 0.4642857 0.6071429 0.547619 0.4642857 0.2738095 0.25 0.4642857
0.5714286 0.5714286 0.4404762 0.452381 0.5714286 0.297619 0.2857143 0.5714286
0.5714286 0.5714286 0.5 0.4761905 0.5714286 0.2857143 0.2857143 0.5714286
0.5357143 0.5357143 0.4404762 0.4642857 0.5357143 0.2380952 0.25 0.5357143
0.5 0.5 0.4404762 0.5119048 0.5 0.1785714 0.1785714 0.5
0.5 0.5 0.4166667 0.5119048 0.5 0.2380952 0.25 0.5
0.5714286 0.5714286 0.5595238 0.5 0.5714286 0.25 0.2380952 0.5714286
0.5119048 0.5119048 0.452381 0.4047619 0.5119048 0.2380952 0.2142857 0.5119048
0.5238095 0.5238095 0.4404762 0.4166667 0.5238095 0.2738095 0.2738095 0.5238095
0.6071429 0.6071429 0.5 0.5 0.6071429 0.1785714 0.1785714 0.6071429
0.5952381 0.5952381 0.4761905 0.5357143 0.5952381 0.297619 0.25 0.5952381
0.4880952 0.4880952 0.5238095 0.4285714 0.4880952 0.3214286 0.2857143 0.4880952
0.5595238 0.5595238 0.5595238 0.4642857 0.5595238 0.1904762 0.202381 0.5595238
0.5833333 0.5833333 0.5238095 0.5119048 0.5833333 0.2619048 0.2619048 0.5833333
0.5357143 0.5357143 0.4880952 0.4166667 0.5357143 0.3452381 0.297619 0.5357143
0.5714286 0.5714286 0.5119048 0.5595238 0.5714286 0.1785714 0.1547619 0.5714286
0.547619 0.547619 0.4761905 0.5119048 0.547619 0.1428571 0.1666667 0.547619
0.5595238 0.5595238 0.452381 0.452381 0.5595238 0.3095238 0.297619 0.5595238
0.6428571 0.6428571 0.4166667 0.5238095 0.6428571 0.2380952 0.2380952 0.6428571
0.5833333 0.5833333 0.4880952 0.4761905 0.5833333 0.2738095 0.2738095 0.5833333
0.5595238 0.5595238 0.5 0.5238095 0.5595238 0.2261905 0.2142857 0.5595238
0.5119048 0.5119048 0.4880952 0.4642857 0.5119048 0.2738095 0.2857143 0.5119048
0.5595238 0.5595238 0.4404762 0.5714286 0.5595238 0.2380952 0.2380952 0.5595238
0.5595238 0.5595238 0.4880952 0.5952381 0.5595238 0.2619048 0.2380952 0.5595238
0.5833333 0.5833333 0.5357143 0.6190476 0.5833333 0.297619 0.297619 0.5833333
0.6071429 0.6071429 0.5714286 0.5238095 0.6071429 0.1666667 0.1547619 0.6071429
0.547619 0.547619 0.4285714 0.4880952 0.547619 0.2380952 0.2380952 0.547619
0.5238095 0.5238095 0.547619 0.4166667 0.5238095 0.202381 0.202381 0.5238095
0.4761905 0.4761905 0.5357143 0.5595238 0.4761905 0.2619048 0.2619048 0.4761905
0.547619 0.547619 0.6190476 0.6666667 0.547619 0.2142857 0.2142857 0.547619
0.5714286 0.5714286 0.5238095 0.4642857 0.5714286 0.297619 0.297619 0.5714286
0.547619 0.547619 0.5238095 0.5238095 0.547619 0.2261905 0.2261905 0.547619
0.5714286 0.5714286 0.4047619 0.3809524 0.5714286 0.2142857 0.2619048 0.5714286
0.5238095 0.5238095 0.4642857 0.452381 0.5238095 0.2619048 0.2619048 0.5238095
0.5595238 0.5595238 0.452381 0.5357143 0.5595238 0.2738095 0.2857143 0.5595238
0.5238095 0.5238095 0.4761905 0.4761905 0.5238095 0.1904762 0.1666667 0.5238095
0.5119048 0.5119048 0.3928571 0.5357143 0.5119048 0.2619048 0.2619048 0.5119048
0.4642857 0.4642857 0.4880952 0.4761905 0.4642857 0.2619048 0.2261905 0.4642857
0.5 0.5 0.5357143 0.4285714 0.5 0.202381 0.202381 0.5
0.547619 0.547619 0.5238095 0.5833333 0.547619 0.2857143 0.2857143 0.547619
0.5714286 0.5714286 0.4880952 0.5 0.5714286 0.1547619 0.1666667 0.5714286
0.5357143 0.5357143 0.4880952 0.4761905 0.5357143 0.2142857 0.2261905 0.5357143
0.5357143 0.5357143 0.5833333 0.4642857 0.5357143 0.1904762 0.1904762 0.5357143
0.5119048 0.5119048 0.5357143 0.5119048 0.5119048 0.2380952 0.2261905 0.5119048
0.5357143 0.5357143 0.5357143 0.5 0.5357143 0.2857143 0.2738095 0.5357143
0.5 0.5 0.6071429 0.4642857 0.5 0.2857143 0.2857143 0.5
0.547619 0.547619 0.4642857 0.4404762 0.547619 0.3571429 0.3571429 0.547619
0.5952381 0.5952381 0.4285714 0.4404762 0.5952381 0.202381 0.1904762 0.5952381
0.5238095 0.5238095 0.5357143 0.4880952 0.5238095 0.2738095 0.25 0.5238095
0.5357143 0.5357143 0.5 0.5238095 0.5357143 0.2380952 0.2380952 0.5357143
0.5595238 0.5595238 0.3809524 0.5357143 0.5595238 0.25 0.25 0.5595238
0.5833333 0.5833333 0.4761905 0.5238095 0.5833333 0.1785714 0.1904762 0.5833333
0.547619 0.547619 0.6309524 0.5238095 0.547619 0.2261905 0.2142857 0.547619
0.4880952 0.4880952 0.4166667 0.4880952 0.4880952 0.3095238 0.3095238 0.4880952
0.5 0.5 0.5595238 0.4880952 0.5 0.2619048 0.2380952 0.5
