0.614 0.614 0.496 0.477 0.614 0.467 0.468 0.582
0.61 0.61 0.506 0.484 0.61 0.499 0.496 0.6
0.611 0.611 0.539 0.508 0.611 0.461 0.462 0.606
0.602 0.602 0.492 0.514 0.602 0.531 0.531 0.595
0.632 0.632 0.517 0.519 0.632 0.429 0.43 0.596
0.651 0.651 0.491 0.481 0.651 0.493 0.493 0.654
0.6 0.6 0.479 0.51 0.6 0.47 0.473 0.604
0.62 0.62 0.491 0.493 0.62 0.468 0.466 0.583
0.643 0.643 0.508 0.497 0.643 0.489 0.489 0.624
0.618 0.618 0.499 0.506 0.618 0.489 0.491 0.611
0.613 0.613 0.5 0.531 0.613 0.467 0.466 0.57
0.603 0.603 0.496 0.516 0.603 0.451 0.45 0.588
0.635 0.635 0.452 0.494 0.635 0.453 0.454 0.606
0.629 0.629 0.491 0.522 0.629 0.46 0.46 0.609
0.629 0.629 0.536 0.506 0.629 0.453 0.452 0.593
0.613 0.613 0.479 0.502 0.613 0.488 0.488 0.61
0.639 0.639 0.528 0.484 0.639 0.453 0.456 0.591
0.607 0.607 0.503 0.502 0.607 0.432 0.433 0.56
0.587 0.587 0.492 0.518 0.587 0.44 0.44 0.567
0.627 0.627 0.474 0.5 0.627 0.479 0.479 0.621
0.608 0.608 0.489 0.474 0.608 0.485 0.485 0.611
0.64 0.64 0.49 0.479 0.64 0.481 0.481 0.636
0.593 0.593 0.488 0.504 0.593 0.469 0.469 0.577
0.636 0.636 0.522 0.515 0.636 0.453 0.453 0.608
0.611 0.611 0.468 0.487 0.611 0.489 0.489 0.605
0.609 0.609 0.486 0.492 0.609 0.478 0.478 0.606
0.611 0.611 0.501 0.487 0.611 0.456 0.456 0.586
0.612 0.612 0.496 0.496 0.612 0.48 0.481 0.619
0.61 0.61 0.513 0.502 0.61 0.487 0.486 0.59
0.609 0.609 0.512 0.467 0.609 0.472 0.472 0.571
0.62 0.62 0.526 0.538 0.62 0.49 0.49 0.621
0.619 0.619 0.504 0.505 0.619 0.496 0.496 0.598
0.605 0.605 0.522 0.513 0.605 0.475 0.477 0.601
0.597 0.597 0.497 0.526 0.597 0.514 0.513 0.599
0.628 0.628 0.509 0.495 0.628 0.483 0.485 0.609
0.621 0.621 0.512 0.503 0.621 0.489 0.489 0.626
0.605 0.605 0.489 0.508 0.605 0.457 0.458 0.572
0.601 0.601 0.499 0.519 0.601 0.484 0.484 0.589
0.625 0.625 0.508 0.473 0.625 0.471 0.471 0.618
0.62 0.62 0.511 0.484 0.62 0.475 0.477 0.617
0.616 0.616 0.497 0.489 0.616 0.435 0.436 0.554
0.656 0.656 0.524 0.514 0.656 0.495 0.495 0.642
0.594 0.594 0.517 0.499 0.594 0.522 0.522 0.606
0.606 0.606 0.502 0.478 0.606 0.467 0.466 0.588
0.62 0.62 0.523 0.492 0.62 0.449 0.448 0.59
0.606 0.606 0.496 0.495 0.606 0.467 0.464 0.588
0.604 0.604 0.503 0.519 0.604 0.466 0.468 0.592
0.605 0.605 0.513 0.484 0.605 0.439 0.439 0.595
0.639 0.639 0.5 0.494 0.639 0.423 0.422 0.571
0.61 0.61 0.507 0.518 0.61 0.46 0.461 0.583
0.612 0.612 0.486 0.477 0.612 0.457 0.457 0.612
0.616 0.616 0.489 0.508 0.616 0.463 0.462 0.603
0.611 0.611 0.494 0.515 0.611 0.49 0.491 0.613
0.605 0.605 0.494 0.488 0.605 0.501 0.502 0.59
0.592 0.592 0.491 0.529 0.592 0.446 0.447 0.585
0.588 0.588 0.467 0.514 0.588 0.477 0.477 0.582
0.609 0.609 0.496 0.51 0.609 0.478 0.475 0.601
0.604 0.604 0.503 0.477 0.604 0.482 0.482 0.615
0.622 0.622 0.495 0.495 0.622 0.466 0.461 0.616
0.595 0.595 0.498 0.531 0.595 0.462 0.465 0.594
0.611 0.611 0.476 0.501 0.611 0.465 0.463 0.596
0.647 0.647 0.515 0.484 0.647 0.437 0.435 0.637
0.622 0.622 0.495 0.499 0.622 0.492 0.493 0.603
0.627 0.627 0.492 0.492 0.627 0.498 0.499 0.605
0.62 0.62 0.474 0.496 0.62 0.466 0.466 0.591
0.616 0.616 0.499 0.499 0.616 0.481 0.481 0.61
0.601 0.601 0.491 0.499 0.601 0.48 0.48 0.59
0.578 0.578 0.511 0.496 0.578 0.466 0.467 0.539
0.598 0.598 0.476 0.466 0.598 0.48 0.479 0.6
0.612 0.612 0.531 0.49 0.612 0.464 0.463 0.603
0.611 0.611 0.498 0.494 0.611 0.443 0.443 0.602
0.594 0.594 0.463 0.497 0.594 0.509 0.508 0.596
0.632 0.632 0.513 0.525 0.632 0.46 0.458 0.588
0.599 0.599 0.517 0.496 0.599 0.466 0.466 0.593
0.595 0.595 0.519 0.492 0.595 0.474 0.474 0.557
0.581 0.581 0.501 0.506 0.581 0.475 0.476 0.56
0.606 0.606 0.481 0.487 0.606 0.472 0.472 0.596
0.612 0.612 0.484 0.501 0.612 0.468 0.468 0.581
0.617 0.617 0.507 0.514 0.617 0.473 0.475 0.585
0.629 0.629 0.501 0.484 0.629 0.516 0.516 0.629
0.629 0.629 0.502 0.484 0.629 0.502 0.501 0.631
0.617 0.617 0.496 0.496 0.617 0.479 0.48 0.593
0.617 0.617 0.493 0.511 0.617 0.459 0.459 0.608
0.598 0.598 0.494 0.482 0.598 0.473 0.472 0.576
0.604 0.604 0.482 0.492 0.604 0.49 0.491 0.607
0.606 0.606 0.537 0.493 0.606 0.497 0.497 0.596
0.597 0.597 0.524 0.495 0.597 0.464 0.463 0.584
0.63 0.63 0.506 0.486 0.63 0.518 0.519 0.632
0.589 0.589 0.455 0.527 0.589 0.47 0.47 0.594
0.609 0.609 0.502 0.485 0.609 0.492 0.493 0.607
0.564 0.564 0.487 0.488 0.564 0.488 0.486 0.549
0.627 0.627 0.527 0.527 0.627 0.478 0.478 0.617
0.607 0.607 0.512 0.497 0.607 0.486 0.487 0.596
0.624 0.624 0.513 0.499 0.624 0.442 0.442 0.604
0.624 0.624 0.502 0.526 0.624 0.45 0.45 0.582
0.611 0.611 0.487 0.475 0.611 0.469 0.466 0.6
0.61 0.61 0.478 0.504 0.61 0.482 0.483 0.591
0.612 0.612 0.509 0.508 0.612 0.472 0.471 0.597
0.625 0.625 0.498 0.472 0.625 0.46 0.462 0.584
0.619 0.619 0.496 0.518 0.619 0.46 0.462 0.588
