0.336 0.351 0.331 0.331 0.335 0.343 0.343 0.3
0.356 0.368 0.352 0.351 0.355 0.349 0.349 0.311
0.337 0.358 0.329 0.332 0.341 0.346 0.346 0.298
0.324 0.336 0.324 0.325 0.325 0.356 0.356 0.299
0.326 0.325 0.323 0.322 0.325 0.339 0.339 0.314
0.348 0.334 0.336 0.335 0.338 0.335 0.335 0.288
0.328 0.337 0.327 0.326 0.331 0.32 0.32 0.276
0.322 0.352 0.321 0.322 0.324 0.314 0.314 0.286
0.342 0.361 0.339 0.336 0.344 0.347 0.347 0.294
0.349 0.371 0.35 0.346 0.352 0.347 0.347 0.322
0.331 0.331 0.322 0.324 0.329 0.338 0.338 0.288
0.347 0.344 0.343 0.34 0.345 0.335 0.335 0.298
0.359 0.366 0.347 0.338 0.352 0.315 0.315 0.308
0.314 0.335 0.313 0.309 0.315 0.345 0.344 0.289
0.326 0.328 0.317 0.319 0.324 0.329 0.329 0.271
0.307 0.316 0.3 0.305 0.307 0.349 0.349 0.29
0.32 0.339 0.315 0.317 0.324 0.335 0.335 0.305
0.306 0.314 0.301 0.3 0.304 0.306 0.306 0.291
0.321 0.319 0.316 0.314 0.316 0.339 0.339 0.311
0.345 0.34 0.338 0.337 0.347 0.322 0.322 0.277
0.306 0.335 0.295 0.294 0.296 0.329 0.33 0.292
0.308 0.32 0.297 0.295 0.307 0.336 0.336 0.296
0.335 0.37 0.332 0.326 0.336 0.311 0.311 0.288
0.318 0.324 0.309 0.309 0.31 0.305 0.305 0.283
0.372 0.397 0.37 0.369 0.371 0.388 0.388 0.353
0.314 0.316 0.308 0.311 0.313 0.346 0.342 0.292
0.328 0.33 0.327 0.328 0.332 0.322 0.322 0.288
0.351 0.35 0.345 0.347 0.351 0.327 0.327 0.297
0.306 0.325 0.295 0.292 0.297 0.291 0.291 0.258
0.343 0.362 0.336 0.337 0.344 0.32 0.32 0.299
0.336 0.354 0.332 0.332 0.335 0.347 0.347 0.294
0.286 0.299 0.282 0.28 0.285 0.293 0.293 0.259
0.323 0.322 0.316 0.318 0.32 0.34 0.34 0.293
0.327 0.33 0.319 0.32 0.323 0.342 0.342 0.29
0.325 0.346 0.317 0.323 0.323 0.331 0.331 0.278
0.324 0.335 0.311 0.311 0.322 0.329 0.329 0.283
0.325 0.344 0.317 0.317 0.323 0.337 0.335 0.277
0.36 0.359 0.35 0.354 0.349 0.356 0.356 0.299
0.348 0.344 0.343 0.342 0.346 0.336 0.335 0.287
0.34 0.354 0.331 0.329 0.338 0.367 0.367 0.317
0.366 0.381 0.36 0.363 0.366 0.366 0.366 0.328
0.338 0.321 0.33 0.331 0.336 0.334 0.334 0.29
0.336 0.348 0.334 0.333 0.336 0.349 0.349 0.317
0.32 0.338 0.31 0.31 0.318 0.329 0.329 0.298
0.354 0.353 0.357 0.354 0.36 0.34 0.339 0.291
0.344 0.354 0.339 0.342 0.346 0.327 0.327 0.281
0.36 0.358 0.355 0.356 0.359 0.374 0.356 0.34
0.33 0.33 0.332 0.33 0.333 0.339 0.339 0.31
0.338 0.355 0.331 0.334 0.337 0.356 0.356 0.314
0.332 0.355 0.323 0.322 0.326 0.322 0.322 0.289
0.331 0.347 0.324 0.323 0.326 0.352 0.352 0.311
0.344 0.342 0.336 0.334 0.34 0.321 0.322 0.307
0.367 0.356 0.358 0.363 0.367 0.355 0.355 0.304
0.31 0.319 0.303 0.302 0.312 0.316 0.316 0.283
0.346 0.358 0.336 0.334 0.342 0.353 0.353 0.323
0.35 0.357 0.343 0.344 0.349 0.35 0.35 0.308
0.325 0.334 0.318 0.317 0.325 0.314 0.314 0.273
0.334 0.352 0.33 0.331 0.334 0.376 0.376 0.316
0.278 0.31 0.275 0.268 0.276 0.316 0.315 0.25
0.325 0.342 0.321 0.321 0.325 0.351 0.351 0.296
0.326 0.325 0.316 0.315 0.317 0.331 0.331 0.288
0.35 0.363 0.346 0.343 0.344 0.363 0.363 0.305
0.325 0.344 0.319 0.319 0.324 0.337 0.337 0.295
0.326 0.33 0.318 0.318 0.325 0.319 0.319 0.27
0.336 0.336 0.332 0.331 0.335 0.356 0.356 0.287
0.322 0.338 0.314 0.313 0.321 0.318 0.318 0.266
0.336 0.352 0.331 0.333 0.337 0.346 0.346 0.29
0.323 0.343 0.319 0.323 0.322 0.318 0.318 0.284
0.308 0.316 0.304 0.306 0.307 0.337 0.337 0.284
0.336 0.346 0.331 0.334 0.335 0.369 0.369 0.297
0.323 0.344 0.315 0.313 0.323 0.332 0.333 0.298
0.33 0.339 0.327 0.328 0.332 0.339 0.339 0.292
0.353 0.359 0.346 0.347 0.354 0.345 0.344 0.316
0.305 0.324 0.301 0.301 0.308 0.348 0.345 0.32
0.347 0.38 0.334 0.337 0.345 0.379 0.379 0.316
0.323 0.344 0.322 0.322 0.324 0.333 0.333 0.28
0.33 0.364 0.323 0.321 0.328 0.325 0.325 0.275
0.326 0.328 0.311 0.311 0.317 0.319 0.319 0.291
0.329 0.347 0.321 0.322 0.331 0.319 0.319 0.293
0.314 0.333 0.309 0.308 0.311 0.35 0.35 0.28
0.319 0.335 0.314 0.316 0.312 0.332 0.332 0.279
0.307 0.309 0.299 0.302 0.306 0.319 0.319 0.277
0.338 0.351 0.329 0.331 0.335 0.319 0.319 0.276
0.343 0.355 0.338 0.341 0.347 0.36 0.36 0.3
0.309 0.332 0.306 0.306 0.312 0.341 0.341 0.306
0.327 0.348 0.328 0.329 0.333 0.35 0.35 0.287
0.32 0.324 0.316 0.318 0.316 0.319 0.319 0.284
0.328 0.326 0.321 0.32 0.32 0.33 0.33 0.275
0.333 0.332 0.321 0.319 0.322 0.321 0.322 0.287
0.357 0.352 0.343 0.348 0.35 0.343 0.343 0.305
0.289 0.292 0.288 0.288 0.29 0.302 0.302 0.278
0.334 0.322 0.324 0.324 0.328 0.333 0.333 0.291
0.362 0.373 0.36 0.359 0.361 0.325 0.325 0.29
0.333 0.359 0.33 0.321 0.33 0.369 0.358 0.319
0.321 0.308 0.319 0.316 0.32 0.345 0.345 0.301
0.324 0.326 0.32 0.324 0.323 0.328 0.328 0.268
0.342 0.364 0.339 0.337 0.343 0.321 0.321 0.296
0.321 0.334 0.316 0.314 0.318 0.353 0.352 0.289
0.299 0.29 0.295 0.297 0.298 0.338 0.338 0.282
0.328 0.338 0.325 0.323 0.327 0.356 0.35 0.302
