0.481 0.535 0.427 0.435 0.481 0.432 0.433 0.498
0.372 0.416 0.355 0.356 0.373 0.379 0.378 0.353
0.489 0.521 0.428 0.424 0.469 0.46 0.458 0.455
0.448 0.503 0.404 0.408 0.456 0.433 0.433 0.454
0.375 0.387 0.334 0.332 0.38 0.391 0.389 0.367
0.398 0.402 0.371 0.377 0.4 0.421 0.418 0.374
0.418 0.44 0.388 0.386 0.417 0.43 0.43 0.428
0.368 0.416 0.345 0.355 0.386 0.371 0.37 0.348
0.399 0.423 0.364 0.359 0.379 0.374 0.375 0.333
0.496 0.517 0.442 0.441 0.487 0.402 0.404 0.436
0.472 0.486 0.418 0.421 0.45 0.441 0.438 0.426
0.435 0.412 0.395 0.392 0.425 0.421 0.419 0.391
0.416 0.437 0.367 0.366 0.402 0.406 0.41 0.385
0.398 0.435 0.349 0.344 0.398 0.421 0.421 0.398
0.387 0.438 0.361 0.357 0.402 0.401 0.403 0.366
0.465 0.519 0.426 0.42 0.476 0.422 0.422 0.468
0.443 0.463 0.38 0.379 0.442 0.414 0.415 0.393
0.436 0.445 0.401 0.398 0.437 0.399 0.401 0.394
0.423 0.427 0.375 0.384 0.418 0.416 0.421 0.384
0.385 0.408 0.349 0.357 0.387 0.398 0.402 0.358
0.38 0.418 0.353 0.345 0.383 0.382 0.383 0.363
0.427 0.44 0.401 0.391 0.434 0.41 0.41 0.395
0.379 0.412 0.345 0.357 0.379 0.377 0.379 0.361
0.395 0.449 0.346 0.345 0.384 0.402 0.399 0.341
0.454 0.462 0.423 0.424 0.454 0.421 0.414 0.4
0.414 0.437 0.376 0.378 0.4 0.418 0.419 0.398
0.428 0.42 0.378 0.38 0.414 0.413 0.413 0.418
0.418 0.427 0.393 0.39 0.418 0.414 0.415 0.359
0.437 0.448 0.379 0.375 0.426 0.392 0.39 0.358
0.374 0.395 0.349 0.346 0.38 0.406 0.401 0.337
0.44 0.462 0.374 0.367 0.424 0.385 0.383 0.367
0.445 0.452 0.408 0.394 0.444 0.429 0.431 0.457
0.445 0.469 0.39 0.389 0.438 0.409 0.407 0.401
0.412 0.408 0.373 0.371 0.395 0.407 0.407 0.363
0.473 0.53 0.415 0.411 0.472 0.405 0.405 0.444
0.485 0.519 0.428 0.433 0.487 0.427 0.425 0.415
0.439 0.456 0.409 0.397 0.439 0.424 0.419 0.386
0.422 0.437 0.396 0.404 0.423 0.418 0.418 0.376
0.463 0.487 0.433 0.435 0.467 0.434 0.43 0.452
0.434 0.464 0.412 0.407 0.438 0.408 0.407 0.401
0.366 0.411 0.351 0.341 0.367 0.397 0.392 0.356
0.419 0.462 0.363 0.373 0.429 0.406 0.407 0.426
0.406 0.433 0.369 0.377 0.406 0.411 0.402 0.325
0.368 0.379 0.346 0.338 0.381 0.393 0.389 0.357
0.456 0.47 0.425 0.431 0.456 0.462 0.466 0.423
0.471 0.497 0.397 0.406 0.46 0.444 0.442 0.443
0.487 0.493 0.436 0.448 0.489 0.467 0.463 0.45
0.369 0.402 0.339 0.341 0.373 0.376 0.374 0.356
0.445 0.44 0.388 0.397 0.426 0.394 0.395 0.358
0.447 0.474 0.415 0.412 0.447 0.441 0.441 0.426
0.448 0.455 0.404 0.403 0.448 0.393 0.387 0.41
0.458 0.497 0.419 0.415 0.478 0.434 0.428 0.422
0.381 0.388 0.339 0.344 0.383 0.372 0.371 0.375
0.393 0.42 0.365 0.359 0.394 0.392 0.394 0.373
0.387 0.41 0.347 0.344 0.387 0.399 0.399 0.343
0.466 0.476 0.425 0.425 0.467 0.412 0.411 0.451
0.435 0.46 0.385 0.385 0.418 0.396 0.396 0.405
0.398 0.427 0.382 0.374 0.407 0.408 0.404 0.412
0.454 0.437 0.413 0.405 0.456 0.426 0.426 0.442
0.407 0.44 0.377 0.375 0.408 0.408 0.408 0.367
0.422 0.418 0.393 0.39 0.428 0.437 0.437 0.403
0.403 0.41 0.364 0.359 0.396 0.394 0.393 0.37
0.377 0.417 0.355 0.349 0.379 0.394 0.39 0.382
0.404 0.457 0.378 0.369 0.405 0.405 0.406 0.391
0.363 0.36 0.349 0.351 0.363 0.373 0.373 0.383
0.383 0.374 0.341 0.344 0.382 0.387 0.384 0.347
0.379 0.412 0.363 0.364 0.388 0.386 0.387 0.382
0.448 0.472 0.407 0.419 0.452 0.415 0.411 0.42
0.43 0.43 0.39 0.391 0.432 0.411 0.41 0.419
0.394 0.418 0.356 0.375 0.407 0.396 0.392 0.365
0.399 0.428 0.363 0.368 0.414 0.37 0.366 0.354
0.438 0.486 0.405 0.398 0.442 0.443 0.437 0.392
0.393 0.423 0.356 0.356 0.393 0.415 0.412 0.381
0.468 0.487 0.41 0.412 0.457 0.421 0.421 0.452
0.425 0.444 0.373 0.375 0.426 0.394 0.393 0.407
0.429 0.421 0.387 0.385 0.428 0.427 0.426 0.414
0.411 0.42 0.382 0.375 0.411 0.413 0.409 0.368
0.417 0.411 0.378 0.377 0.407 0.398 0.398 0.371
0.404 0.44 0.384 0.388 0.407 0.396 0.396 0.36
0.432 0.442 0.38 0.396 0.439 0.442 0.443 0.434
0.457 0.513 0.397 0.39 0.447 0.413 0.415 0.466
0.41 0.394 0.366 0.376 0.412 0.408 0.407 0.365
0.381 0.384 0.336 0.341 0.38 0.39 0.389 0.347
0.394 0.394 0.344 0.332 0.394 0.372 0.373 0.374
0.368 0.394 0.343 0.337 0.37 0.4 0.401 0.393
0.419 0.437 0.389 0.385 0.417 0.412 0.413 0.424
0.46 0.477 0.423 0.419 0.458 0.476 0.477 0.435
0.438 0.463 0.399 0.399 0.433 0.424 0.416 0.407
0.383 0.436 0.358 0.359 0.387 0.398 0.4 0.355
0.481 0.476 0.427 0.421 0.466 0.439 0.436 0.475
0.418 0.447 0.369 0.384 0.419 0.439 0.446 0.381
0.44 0.478 0.408 0.398 0.452 0.453 0.453 0.444
0.437 0.476 0.399 0.394 0.433 0.394 0.396 0.391
0.398 0.429 0.347 0.358 0.398 0.388 0.389 0.346
0.398 0.433 0.347 0.342 0.385 0.387 0.386 0.352
0.349 0.394 0.318 0.318 0.349 0.41 0.408 0.312
0.422 0.46 0.38 0.37 0.409 0.394 0.394 0.362
0.433 0.442 0.387 0.38 0.422 0.413 0.413 0.412
0.423 0.47 0.384 0.372 0.424 0.419 0.407 0.394
0.417 0.44 0.38 0.385 0.417 0.417 0.416 0.407
