0.591 0.591 0.521 0.528 0.591 0.42 0.421 0.468
0.588 0.588 0.491 0.493 0.588 0.452 0.445 0.484
0.589 0.589 0.501 0.462 0.589 0.463 0.479 0.499
0.593 0.593 0.491 0.53 0.593 0.478 0.481 0.502
0.582 0.583 0.498 0.493 0.582 0.459 0.463 0.514
0.586 0.586 0.509 0.487 0.586 0.492 0.485 0.519
0.601 0.601 0.48 0.472 0.601 0.443 0.438 0.508
0.588 0.588 0.519 0.51 0.588 0.457 0.461 0.48
0.61 0.61 0.485 0.517 0.61 0.424 0.424 0.474
0.581 0.581 0.485 0.492 0.581 0.483 0.48 0.52
0.613 0.613 0.468 0.525 0.613 0.505 0.5 0.553
0.595 0.595 0.473 0.512 0.595 0.458 0.456 0.477
0.588 0.588 0.518 0.507 0.588 0.492 0.499 0.533
0.609 0.608 0.517 0.488 0.609 0.448 0.453 0.44
0.631 0.631 0.504 0.477 0.631 0.453 0.452 0.473
0.578 0.578 0.48 0.511 0.578 0.47 0.469 0.498
0.584 0.584 0.509 0.503 0.584 0.48 0.467 0.485
0.572 0.572 0.513 0.497 0.572 0.468 0.467 0.492
0.578 0.578 0.502 0.512 0.578 0.474 0.473 0.513
0.593 0.593 0.521 0.531 0.593 0.488 0.482 0.529
0.61 0.61 0.516 0.526 0.61 0.492 0.485 0.582
0.6 0.6 0.525 0.495 0.601 0.479 0.48 0.519
0.604 0.604 0.521 0.486 0.603 0.427 0.433 0.447
0.577 0.577 0.492 0.491 0.577 0.467 0.461 0.477
0.59 0.59 0.507 0.492 0.59 0.466 0.47 0.483
0.598 0.597 0.507 0.475 0.598 0.433 0.43 0.438
0.616 0.616 0.491 0.493 0.616 0.503 0.507 0.488
0.601 0.601 0.479 0.499 0.601 0.436 0.435 0.439
0.583 0.583 0.507 0.514 0.583 0.468 0.473 0.459
0.603 0.603 0.527 0.526 0.603 0.497 0.494 0.501
0.597 0.597 0.496 0.516 0.597 0.457 0.443 0.458
0.571 0.571 0.496 0.495 0.571 0.448 0.446 0.464
0.58 0.58 0.481 0.501 0.58 0.448 0.447 0.498
0.593 0.593 0.5 0.514 0.593 0.47 0.47 0.466
0.571 0.572 0.558 0.499 0.571 0.465 0.459 0.491
0.617 0.617 0.495 0.502 0.617 0.497 0.497 0.579
0.59 0.59 0.521 0.503 0.59 0.473 0.473 0.49
0.592 0.593 0.499 0.512 0.594 0.475 0.477 0.504
0.577 0.577 0.511 0.49 0.577 0.493 0.489 0.545
0.586 0.586 0.491 0.496 0.586 0.468 0.469 0.5
0.599 0.598 0.499 0.517 0.599 0.481 0.481 0.525
0.619 0.619 0.512 0.494 0.619 0.494 0.491 0.565
0.591 0.591 0.511 0.495 0.591 0.432 0.43 0.441
0.581 0.581 0.544 0.489 0.581 0.474 0.474 0.532
0.597 0.597 0.481 0.472 0.597 0.433 0.432 0.446
0.611 0.611 0.509 0.49 0.611 0.446 0.444 0.475
0.6 0.6 0.491 0.495 0.6 0.462 0.463 0.529
0.612 0.612 0.521 0.5 0.612 0.516 0.516 0.559
0.594 0.594 0.503 0.493 0.594 0.451 0.443 0.474
0.576 0.579 0.52 0.519 0.578 0.459 0.463 0.47
0.615 0.615 0.503 0.5 0.615 0.453 0.443 0.493
0.597 0.596 0.509 0.483 0.597 0.458 0.45 0.482
0.566 0.566 0.506 0.502 0.566 0.487 0.48 0.489
0.605 0.605 0.52 0.476 0.605 0.448 0.439 0.482
0.559 0.559 0.521 0.515 0.559 0.493 0.492 0.518
0.567 0.567 0.523 0.498 0.567 0.47 0.473 0.5
0.597 0.596 0.508 0.482 0.597 0.448 0.449 0.465
0.595 0.595 0.507 0.504 0.598 0.471 0.466 0.498
0.597 0.597 0.494 0.509 0.597 0.46 0.456 0.469
0.605 0.605 0.517 0.48 0.605 0.452 0.444 0.48
0.577 0.577 0.505 0.511 0.577 0.521 0.523 0.533
0.587 0.586 0.501 0.487 0.587 0.452 0.452 0.464
0.579 0.578 0.53 0.48 0.579 0.46 0.451 0.473
0.599 0.599 0.493 0.541 0.599 0.469 0.469 0.488
0.585 0.585 0.499 0.496 0.585 0.456 0.459 0.504
0.567 0.567 0.479 0.497 0.567 0.495 0.495 0.556
0.581 0.581 0.513 0.529 0.581 0.478 0.467 0.475
0.614 0.614 0.471 0.49 0.614 0.437 0.44 0.454
0.587 0.587 0.517 0.499 0.587 0.48 0.483 0.529
0.597 0.597 0.505 0.495 0.598 0.478 0.466 0.495
0.588 0.589 0.493 0.504 0.588 0.47 0.467 0.489
0.601 0.601 0.482 0.498 0.601 0.481 0.468 0.455
0.548 0.548 0.509 0.494 0.548 0.485 0.49 0.503
0.587 0.587 0.514 0.495 0.587 0.458 0.464 0.478
0.608 0.608 0.487 0.529 0.608 0.439 0.447 0.475
0.622 0.622 0.525 0.493 0.622 0.478 0.468 0.479
0.593 0.593 0.497 0.514 0.593 0.435 0.43 0.467
0.629 0.628 0.523 0.499 0.629 0.454 0.45 0.561
0.571 0.571 0.516 0.493 0.571 0.476 0.464 0.492
0.596 0.596 0.49 0.475 0.596 0.501 0.501 0.546
0.62 0.621 0.5 0.474 0.62 0.482 0.482 0.537
0.591 0.591 0.494 0.495 0.591 0.44 0.44 0.486
0.586 0.586 0.502 0.519 0.586 0.494 0.494 0.536
0.593 0.593 0.502 0.494 0.593 0.472 0.473 0.476
0.555 0.556 0.529 0.509 0.555 0.511 0.512 0.529
0.582 0.583 0.476 0.511 0.582 0.444 0.449 0.499
0.611 0.611 0.499 0.497 0.611 0.425 0.429 0.42
0.59 0.591 0.491 0.485 0.59 0.455 0.444 0.512
0.629 0.629 0.5 0.517 0.629 0.445 0.447 0.439
0.581 0.579 0.522 0.503 0.581 0.475 0.478 0.491
0.583 0.583 0.482 0.531 0.582 0.451 0.454 0.435
0.594 0.594 0.51 0.51 0.594 0.441 0.441 0.485
0.593 0.593 0.503 0.515 0.593 0.481 0.481 0.498
0.588 0.588 0.517 0.501 0.588 0.456 0.443 0.466
0.6 0.602 0.493 0.481 0.602 0.454 0.449 0.456
0.587 0.587 0.516 0.537 0.587 0.455 0.453 0.457
0.577 0.577 0.47 0.535 0.577 0.489 0.499 0.506
0.587 0.587 0.497 0.494 0.587 0.452 0.454 0.491
0.618 0.618 0.517 0.506 0.618 0.434 0.434 0.493
0.61 0.61 0.524 0.481 0.61 0.439 0.44 0.448
