0.595 0.601 0.494 0.499 0.596 0.444 0.457 0.424
0.577 0.588 0.483 0.47 0.577 0.473 0.476 0.458
0.573 0.574 0.498 0.507 0.569 0.467 0.466 0.453
0.585 0.576 0.485 0.469 0.574 0.457 0.457 0.415
0.582 0.585 0.487 0.486 0.583 0.436 0.428 0.437
0.569 0.568 0.503 0.485 0.574 0.459 0.459 0.459
0.573 0.579 0.502 0.493 0.573 0.436 0.435 0.441
0.592 0.587 0.497 0.5 0.588 0.454 0.455 0.452
0.562 0.573 0.468 0.495 0.565 0.47 0.465 0.422
0.592 0.608 0.502 0.489 0.59 0.463 0.458 0.438
0.569 0.568 0.493 0.48 0.569 0.523 0.525 0.521
0.592 0.585 0.489 0.502 0.586 0.457 0.465 0.485
0.557 0.567 0.509 0.487 0.565 0.486 0.474 0.453
0.558 0.552 0.487 0.477 0.573 0.435 0.426 0.406
0.553 0.562 0.487 0.463 0.559 0.478 0.478 0.433
0.556 0.543 0.486 0.497 0.555 0.486 0.488 0.45
0.573 0.575 0.489 0.507 0.575 0.507 0.498 0.478
0.537 0.535 0.47 0.457 0.538 0.472 0.465 0.429
0.585 0.565 0.514 0.526 0.582 0.461 0.462 0.453
0.56 0.557 0.471 0.483 0.554 0.429 0.424 0.418
0.554 0.556 0.463 0.481 0.557 0.472 0.471 0.439
0.592 0.586 0.459 0.486 0.591 0.445 0.441 0.404
0.566 0.576 0.498 0.481 0.566 0.467 0.466 0.438
0.593 0.589 0.49 0.491 0.595 0.495 0.473 0.447
0.552 0.558 0.468 0.484 0.548 0.458 0.447 0.464
0.566 0.573 0.475 0.483 0.565 0.448 0.454 0.403
0.611 0.607 0.491 0.515 0.614 0.497 0.5 0.466
0.559 0.56 0.484 0.471 0.555 0.483 0.483 0.488
0.58 0.579 0.473 0.486 0.58 0.437 0.436 0.413
0.568 0.585 0.488 0.48 0.564 0.427 0.423 0.404
0.58 0.575 0.47 0.489 0.58 0.429 0.426 0.405
0.551 0.565 0.503 0.474 0.57 0.493 0.493 0.461
0.552 0.556 0.537 0.492 0.562 0.471 0.462 0.436
0.588 0.583 0.51 0.492 0.588 0.462 0.457 0.466
0.586 0.591 0.481 0.47 0.59 0.438 0.436 0.413
0.569 0.573 0.448 0.467 0.568 0.493 0.488 0.424
0.602 0.597 0.485 0.512 0.603 0.429 0.423 0.419
0.577 0.579 0.49 0.48 0.575 0.482 0.477 0.435
0.555 0.566 0.486 0.472 0.563 0.464 0.464 0.453
0.581 0.583 0.485 0.48 0.588 0.474 0.474 0.469
0.567 0.575 0.504 0.474 0.575 0.455 0.458 0.431
0.559 0.561 0.491 0.489 0.558 0.456 0.452 0.438
0.572 0.572 0.483 0.493 0.564 0.462 0.465 0.449
0.604 0.608 0.51 0.471 0.604 0.435 0.429 0.403
0.565 0.577 0.444 0.49 0.573 0.468 0.468 0.461
0.574 0.582 0.52 0.501 0.581 0.462 0.456 0.438
0.597 0.593 0.511 0.507 0.583 0.442 0.443 0.438
0.558 0.544 0.483 0.488 0.551 0.485 0.484 0.439
0.591 0.591 0.486 0.467 0.593 0.426 0.429 0.412
0.555 0.551 0.509 0.485 0.557 0.463 0.462 0.457
0.586 0.58 0.486 0.47 0.572 0.467 0.453 0.418
0.534 0.548 0.483 0.483 0.543 0.431 0.431 0.434
0.567 0.57 0.494 0.495 0.56 0.465 0.467 0.446
0.578 0.589 0.484 0.477 0.578 0.452 0.443 0.407
0.583 0.598 0.487 0.488 0.586 0.476 0.475 0.43
0.562 0.562 0.475 0.491 0.561 0.434 0.432 0.399
0.571 0.575 0.527 0.467 0.57 0.461 0.464 0.455
0.562 0.574 0.509 0.504 0.576 0.484 0.484 0.467
0.581 0.586 0.477 0.488 0.575 0.447 0.447 0.436
0.585 0.59 0.459 0.489 0.589 0.435 0.434 0.424
0.568 0.572 0.492 0.471 0.569 0.471 0.472 0.44
0.581 0.588 0.497 0.48 0.582 0.44 0.436 0.408
0.571 0.576 0.489 0.488 0.575 0.486 0.482 0.462
0.534 0.544 0.473 0.464 0.545 0.478 0.476 0.459
0.59 0.588 0.493 0.496 0.59 0.433 0.432 0.419
0.574 0.574 0.485 0.486 0.572 0.454 0.454 0.429
0.549 0.553 0.502 0.475 0.555 0.484 0.481 0.493
0.571 0.571 0.503 0.506 0.574 0.484 0.484 0.49
0.553 0.557 0.478 0.484 0.549 0.464 0.46 0.422
0.557 0.552 0.477 0.466 0.556 0.455 0.449 0.447
0.589 0.597 0.496 0.466 0.589 0.473 0.47 0.408
0.584 0.591 0.507 0.491 0.584 0.48 0.478 0.433
0.579 0.583 0.496 0.495 0.578 0.441 0.431 0.413
0.588 0.58 0.482 0.484 0.581 0.47 0.466 0.452
0.566 0.569 0.504 0.479 0.566 0.462 0.461 0.431
0.564 0.571 0.508 0.496 0.577 0.468 0.464 0.412
0.538 0.54 0.45 0.455 0.538 0.473 0.471 0.455
0.583 0.592 0.503 0.494 0.585 0.477 0.473 0.432
0.565 0.583 0.48 0.484 0.566 0.473 0.473 0.442
0.56 0.565 0.476 0.465 0.56 0.443 0.433 0.428
0.554 0.548 0.507 0.507 0.552 0.471 0.467 0.452
0.558 0.559 0.472 0.477 0.558 0.476 0.478 0.442
0.572 0.577 0.491 0.487 0.57 0.48 0.481 0.417
0.57 0.572 0.504 0.484 0.57 0.499 0.499 0.47
0.543 0.539 0.461 0.486 0.54 0.445 0.446 0.428
0.544 0.536 0.466 0.476 0.537 0.475 0.47 0.474
0.591 0.594 0.505 0.491 0.585 0.463 0.468 0.455
0.562 0.564 0.502 0.484 0.563 0.482 0.479 0.469
0.575 0.576 0.488 0.48 0.575 0.451 0.452 0.432
0.576 0.573 0.482 0.474 0.571 0.465 0.464 0.444
0.579 0.583 0.489 0.512 0.58 0.456 0.449 0.417
0.588 0.581 0.476 0.486 0.587 0.478 0.48 0.45
0.582 0.58 0.495 0.494 0.58 0.467 0.454 0.425
0.552 0.568 0.464 0.479 0.554 0.424 0.422 0.423
0.539 0.542 0.476 0.486 0.538 0.463 0.46 0.447
0.582 0.593 0.488 0.481 0.582 0.507 0.505 0.453
0.562 0.563 0.497 0.49 0.562 0.458 0.464 0.437
0.569 0.581 0.494 0.504 0.571 0.446 0.446 0.468
0.569 0.564 0.502 0.489 0.572 0.469 0.469 0.434
0.542 0.547 0.443 0.474 0.545 0.472 0.463 0.441
