0.614 0.614 0.502 0.497 0.614 0.468 0.469 0.465
0.61 0.61 0.51 0.49 0.61 0.475 0.475 0.583
0.611 0.611 0.49 0.479 0.611 0.461 0.46 0.584
0.602 0.602 0.505 0.491 0.602 0.485 0.484 0.514
0.632 0.632 0.543 0.501 0.632 0.458 0.453 0.468
0.651 0.651 0.504 0.483 0.651 0.446 0.446 0.482
0.6 0.6 0.503 0.506 0.6 0.515 0.514 0.575
0.62 0.62 0.493 0.484 0.62 0.444 0.443 0.536
0.643 0.643 0.5 0.542 0.643 0.431 0.431 0.518
0.618 0.618 0.506 0.477 0.618 0.457 0.453 0.519
0.613 0.613 0.468 0.506 0.613 0.489 0.491 0.58
0.603 0.603 0.517 0.478 0.603 0.479 0.476 0.531
0.635 0.635 0.495 0.509 0.635 0.457 0.457 0.497
0.629 0.629 0.48 0.473 0.629 0.443 0.447 0.458
0.629 0.629 0.518 0.5 0.629 0.465 0.463 0.514
0.613 0.613 0.496 0.536 0.613 0.485 0.485 0.537
0.639 0.639 0.482 0.512 0.639 0.422 0.421 0.531
0.607 0.607 0.495 0.496 0.607 0.475 0.476 0.535
0.587 0.587 0.506 0.493 0.587 0.485 0.483 0.519
0.627 0.627 0.49 0.52 0.627 0.472 0.472 0.551
0.608 0.608 0.499 0.498 0.608 0.479 0.482 0.568
0.64 0.64 0.474 0.504 0.64 0.438 0.438 0.529
0.593 0.593 0.488 0.519 0.593 0.499 0.499 0.557
0.636 0.636 0.508 0.492 0.636 0.447 0.447 0.495
0.611 0.611 0.487 0.496 0.611 0.475 0.471 0.554
0.609 0.609 0.522 0.494 0.609 0.476 0.477 0.57
0.611 0.611 0.514 0.502 0.611 0.456 0.456 0.507
0.612 0.612 0.501 0.516 0.612 0.423 0.425 0.514
0.61 0.61 0.507 0.524 0.61 0.488 0.487 0.564
0.609 0.609 0.528 0.512 0.609 0.479 0.476 0.575
0.62 0.62 0.492 0.499 0.62 0.452 0.447 0.467
0.619 0.619 0.498 0.498 0.619 0.428 0.428 0.502
0.605 0.605 0.489 0.469 0.605 0.481 0.48 0.559
0.597 0.597 0.498 0.518 0.597 0.459 0.46 0.49
0.628 0.628 0.49 0.485 0.628 0.451 0.45 0.48
0.621 0.621 0.504 0.49 0.621 0.456 0.454 0.555
0.605 0.605 0.524 0.486 0.605 0.473 0.476 0.525
0.601 0.601 0.502 0.502 0.601 0.495 0.497 0.596
0.625 0.625 0.5 0.518 0.625 0.435 0.432 0.524
0.62 0.62 0.483 0.481 0.62 0.472 0.476 0.499
0.616 0.616 0.51 0.506 0.616 0.473 0.472 0.525
0.656 0.656 0.492 0.485 0.656 0.483 0.482 0.587
0.594 0.594 0.494 0.494 0.594 0.467 0.469 0.525
0.606 0.606 0.515 0.522 0.606 0.477 0.478 0.5
0.62 0.62 0.52 0.492 0.62 0.46 0.459 0.527
0.606 0.606 0.513 0.488 0.606 0.472 0.474 0.516
0.604 0.604 0.517 0.508 0.604 0.485 0.485 0.525
0.605 0.605 0.491 0.493 0.605 0.468 0.465 0.506
0.639 0.639 0.485 0.488 0.639 0.438 0.434 0.505
0.61 0.61 0.505 0.511 0.61 0.472 0.47 0.534
0.612 0.612 0.489 0.485 0.612 0.462 0.458 0.509
0.616 0.616 0.483 0.505 0.616 0.489 0.489 0.537
0.611 0.611 0.522 0.484 0.611 0.494 0.494 0.544
0.605 0.605 0.522 0.466 0.605 0.483 0.484 0.526
0.592 0.592 0.502 0.496 0.592 0.453 0.454 0.515
0.588 0.588 0.507 0.506 0.588 0.483 0.484 0.559
0.609 0.609 0.503 0.504 0.609 0.463 0.458 0.526
0.604 0.604 0.497 0.492 0.604 0.491 0.491 0.559
0.622 0.622 0.503 0.525 0.622 0.495 0.494 0.584
0.595 0.595 0.492 0.51 0.595 0.469 0.468 0.512
0.611 0.611 0.507 0.517 0.611 0.468 0.465 0.535
0.647 0.647 0.476 0.483 0.647 0.47 0.47 0.521
0.622 0.622 0.51 0.478 0.622 0.498 0.5 0.585
0.627 0.627 0.497 0.478 0.627 0.473 0.472 0.51
0.62 0.62 0.482 0.473 0.62 0.482 0.482 0.592
0.616 0.616 0.485 0.47 0.616 0.498 0.497 0.573
0.601 0.601 0.521 0.505 0.601 0.476 0.476 0.574
0.578 0.578 0.495 0.497 0.578 0.475 0.471 0.547
0.598 0.598 0.491 0.488 0.598 0.468 0.473 0.548
0.612 0.612 0.525 0.511 0.612 0.479 0.478 0.553
0.611 0.611 0.492 0.495 0.611 0.468 0.467 0.548
0.594 0.594 0.466 0.494 0.594 0.464 0.465 0.564
0.632 0.632 0.479 0.487 0.632 0.451 0.454 0.517
0.599 0.599 0.486 0.498 0.599 0.49 0.488 0.574
0.595 0.595 0.487 0.519 0.595 0.477 0.479 0.514
0.581 0.581 0.537 0.488 0.581 0.473 0.473 0.511
0.606 0.606 0.482 0.51 0.606 0.482 0.48 0.573
0.612 0.612 0.502 0.486 0.612 0.471 0.475 0.539
0.617 0.617 0.498 0.463 0.617 0.456 0.452 0.495
0.629 0.629 0.481 0.472 0.629 0.469 0.467 0.506
0.629 0.629 0.492 0.484 0.629 0.466 0.468 0.548
0.617 0.617 0.511 0.525 0.617 0.434 0.436 0.551
0.617 0.617 0.492 0.5 0.617 0.508 0.504 0.577
0.598 0.598 0.526 0.5 0.598 0.438 0.441 0.499
0.604 0.604 0.493 0.492 0.604 0.469 0.47 0.564
0.606 0.606 0.493 0.495 0.606 0.487 0.488 0.546
0.597 0.597 0.501 0.503 0.597 0.451 0.451 0.493
0.63 0.63 0.503 0.531 0.63 0.465 0.464 0.513
0.589 0.589 0.473 0.494 0.589 0.491 0.493 0.566
0.609 0.609 0.509 0.492 0.609 0.46 0.46 0.506
0.564 0.564 0.521 0.481 0.564 0.512 0.511 0.536
0.627 0.627 0.511 0.497 0.627 0.425 0.425 0.455
0.607 0.607 0.531 0.468 0.607 0.467 0.47 0.526
0.624 0.624 0.492 0.507 0.624 0.493 0.49 0.551
0.624 0.624 0.49 0.511 0.624 0.452 0.451 0.495
0.611 0.611 0.449 0.49 0.611 0.467 0.464 0.523
0.61 0.61 0.495 0.488 0.61 0.472 0.469 0.534
0.612 0.612 0.498 0.499 0.612 0.474 0.476 0.541
0.625 0.625 0.489 0.486 0.625 0.446 0.444 0.493
0.619 0.619 0.505 0.476 0.619 0.467 0.466 0.52
