0.41 0.423 0.382 0.385 0.409 0.371 0.371 0.352
0.393 0.418 0.374 0.374 0.392 0.378 0.378 0.328
0.34 0.394 0.322 0.322 0.336 0.349 0.349 0.318
0.361 0.403 0.349 0.342 0.363 0.364 0.364 0.329
0.322 0.353 0.306 0.314 0.325 0.369 0.366 0.291
0.401 0.435 0.378 0.369 0.399 0.39 0.391 0.38
0.37 0.371 0.35 0.347 0.373 0.393 0.393 0.331
0.382 0.393 0.353 0.352 0.365 0.381 0.381 0.335
0.372 0.413 0.362 0.359 0.372 0.408 0.392 0.354
0.383 0.398 0.366 0.361 0.385 0.398 0.398 0.353
0.372 0.4 0.355 0.358 0.372 0.392 0.391 0.342
0.416 0.444 0.379 0.383 0.402 0.399 0.4 0.361
0.382 0.401 0.354 0.36 0.38 0.403 0.39 0.355
0.385 0.396 0.367 0.363 0.387 0.349 0.348 0.316
0.356 0.391 0.342 0.342 0.355 0.363 0.363 0.328
0.398 0.431 0.37 0.376 0.397 0.42 0.42 0.372
0.395 0.405 0.372 0.371 0.396 0.401 0.403 0.365
0.354 0.391 0.337 0.339 0.355 0.381 0.382 0.324
0.389 0.421 0.384 0.388 0.391 0.416 0.408 0.348
0.369 0.384 0.341 0.346 0.365 0.358 0.358 0.329
0.364 0.377 0.339 0.343 0.362 0.367 0.367 0.341
0.36 0.378 0.341 0.337 0.356 0.384 0.376 0.35
0.383 0.354 0.34 0.347 0.369 0.401 0.401 0.342
0.424 0.428 0.393 0.392 0.417 0.4 0.388 0.336
0.402 0.413 0.377 0.384 0.401 0.39 0.386 0.357
0.359 0.398 0.341 0.342 0.358 0.401 0.401 0.329
0.361 0.403 0.342 0.335 0.36 0.422 0.424 0.377
0.346 0.339 0.31 0.317 0.327 0.374 0.372 0.287
0.333 0.378 0.319 0.315 0.348 0.349 0.344 0.294
0.385 0.412 0.364 0.37 0.385 0.388 0.388 0.366
0.374 0.418 0.355 0.357 0.374 0.433 0.42 0.347
0.349 0.329 0.321 0.322 0.354 0.376 0.372 0.324
0.352 0.376 0.332 0.334 0.357 0.362 0.362 0.297
0.383 0.406 0.359 0.361 0.374 0.386 0.389 0.368
0.404 0.43 0.372 0.38 0.406 0.403 0.403 0.383
0.364 0.403 0.345 0.346 0.365 0.393 0.393 0.364
0.371 0.378 0.345 0.345 0.365 0.382 0.382 0.337
0.396 0.417 0.382 0.377 0.396 0.398 0.398 0.363
0.399 0.443 0.38 0.384 0.402 0.422 0.417 0.364
0.37 0.373 0.364 0.356 0.369 0.4 0.4 0.314
0.386 0.429 0.369 0.366 0.386 0.39 0.387 0.332
0.38 0.413 0.35 0.343 0.38 0.369 0.368 0.333
0.384 0.425 0.363 0.358 0.374 0.417 0.417 0.329
0.345 0.347 0.327 0.326 0.342 0.373 0.372 0.31
0.357 0.383 0.345 0.342 0.356 0.398 0.382 0.326
0.35 0.359 0.328 0.331 0.349 0.396 0.395 0.332
0.352 0.368 0.33 0.335 0.352 0.386 0.386 0.327
0.36 0.39 0.349 0.347 0.358 0.406 0.411 0.35
0.371 0.396 0.34 0.344 0.364 0.384 0.384 0.331
0.335 0.352 0.315 0.309 0.329 0.359 0.353 0.308
0.359 0.391 0.324 0.33 0.351 0.35 0.352 0.303
0.398 0.413 0.375 0.381 0.399 0.354 0.355 0.325
0.36 0.393 0.336 0.329 0.362 0.387 0.38 0.346
0.348 0.357 0.329 0.33 0.349 0.353 0.357 0.308
0.377 0.393 0.352 0.357 0.377 0.389 0.382 0.329
0.389 0.413 0.371 0.366 0.386 0.395 0.385 0.363
0.351 0.377 0.33 0.334 0.35 0.356 0.353 0.326
0.402 0.403 0.385 0.389 0.402 0.432 0.435 0.408
0.369 0.433 0.349 0.35 0.365 0.372 0.37 0.319
0.385 0.43 0.353 0.366 0.381 0.377 0.375 0.342
0.344 0.363 0.311 0.32 0.342 0.345 0.337 0.316
0.36 0.399 0.341 0.348 0.363 0.39 0.387 0.31
0.36 0.366 0.327 0.325 0.348 0.375 0.371 0.301
0.399 0.423 0.366 0.376 0.392 0.395 0.393 0.354
0.385 0.396 0.361 0.353 0.373 0.394 0.394 0.348
0.367 0.388 0.341 0.341 0.364 0.372 0.372 0.332
0.411 0.426 0.385 0.387 0.401 0.409 0.412 0.375
0.379 0.4 0.342 0.341 0.362 0.387 0.389 0.326
0.325 0.334 0.31 0.307 0.325 0.384 0.383 0.326
0.36 0.385 0.345 0.341 0.354 0.408 0.407 0.358
0.421 0.405 0.398 0.392 0.419 0.414 0.411 0.359
0.378 0.439 0.363 0.367 0.38 0.417 0.405 0.371
0.376 0.394 0.36 0.358 0.375 0.398 0.399 0.364
0.355 0.386 0.337 0.343 0.357 0.384 0.382 0.326
0.414 0.443 0.388 0.394 0.413 0.415 0.413 0.376
0.37 0.407 0.35 0.346 0.373 0.396 0.397 0.357
0.346 0.372 0.326 0.331 0.346 0.376 0.374 0.333
0.356 0.369 0.335 0.337 0.349 0.427 0.419 0.33
0.395 0.386 0.38 0.384 0.396 0.382 0.382 0.334
0.392 0.423 0.376 0.374 0.39 0.412 0.408 0.358
0.39 0.414 0.359 0.358 0.384 0.357 0.357 0.356
0.401 0.414 0.365 0.354 0.386 0.387 0.382 0.347
0.37 0.389 0.344 0.349 0.366 0.418 0.418 0.379
0.417 0.44 0.386 0.378 0.404 0.414 0.413 0.396
0.413 0.395 0.384 0.386 0.41 0.422 0.421 0.356
0.387 0.394 0.362 0.355 0.372 0.374 0.373 0.329
0.41 0.431 0.392 0.385 0.409 0.451 0.443 0.382
0.378 0.42 0.35 0.358 0.368 0.383 0.382 0.322
0.368 0.417 0.337 0.34 0.358 0.4 0.401 0.341
0.405 0.405 0.373 0.367 0.391 0.406 0.4 0.374
0.335 0.364 0.319 0.321 0.335 0.358 0.362 0.311
0.372 0.371 0.352 0.352 0.373 0.377 0.377 0.311
0.378 0.415 0.351 0.353 0.38 0.41 0.41 0.327
0.362 0.382 0.341 0.34 0.37 0.358 0.358 0.319
0.353 0.402 0.339 0.338 0.354 0.365 0.364 0.306
0.37 0.389 0.34 0.342 0.365 0.383 0.383 0.351
0.395 0.409 0.383 0.375 0.4 0.385 0.387 0.343
0.394 0.402 0.375 0.377 0.393 0.373 0.372 0.366
0.374 0.38 0.354 0.348 0.373 0.383 0.383 0.333
0.389 0.425 0.362 0.363 0.389 0.422 0.41 0.339
