0.569 0.585 0.497 0.481 0.59 0.458 0.458 0.4
0.55 0.546 0.471 0.49 0.548 0.446 0.443 0.427
0.536 0.546 0.478 0.461 0.535 0.432 0.432 0.408
0.551 0.566 0.449 0.462 0.55 0.454 0.454 0.414
0.57 0.594 0.48 0.468 0.57 0.471 0.466 0.41
0.58 0.573 0.482 0.51 0.579 0.448 0.447 0.42
0.543 0.565 0.451 0.449 0.541 0.464 0.464 0.424
0.545 0.567 0.483 0.474 0.554 0.455 0.452 0.394
0.552 0.548 0.481 0.483 0.54 0.456 0.457 0.403
0.584 0.579 0.455 0.468 0.557 0.421 0.425 0.378
0.545 0.566 0.472 0.453 0.551 0.432 0.432 0.43
0.576 0.589 0.481 0.481 0.576 0.458 0.464 0.41
0.569 0.554 0.465 0.481 0.559 0.451 0.454 0.427
0.564 0.574 0.482 0.468 0.563 0.456 0.44 0.425
0.555 0.572 0.462 0.469 0.565 0.465 0.464 0.423
0.568 0.546 0.494 0.483 0.567 0.466 0.453 0.426
0.547 0.566 0.466 0.463 0.547 0.45 0.45 0.422
0.546 0.552 0.5 0.449 0.547 0.437 0.43 0.389
0.565 0.578 0.497 0.498 0.568 0.461 0.459 0.416
0.531 0.554 0.46 0.448 0.537 0.457 0.45 0.404
0.561 0.556 0.502 0.483 0.56 0.449 0.448 0.416
0.586 0.583 0.475 0.515 0.585 0.456 0.444 0.386
0.557 0.548 0.473 0.466 0.557 0.442 0.443 0.431
0.582 0.592 0.464 0.48 0.574 0.465 0.467 0.398
0.55 0.553 0.488 0.491 0.55 0.474 0.474 0.439
0.553 0.554 0.456 0.456 0.559 0.459 0.462 0.411
0.592 0.588 0.488 0.473 0.575 0.42 0.423 0.393
0.57 0.579 0.482 0.491 0.581 0.439 0.439 0.413
0.551 0.553 0.47 0.484 0.553 0.447 0.442 0.394
0.555 0.568 0.452 0.451 0.555 0.422 0.407 0.402
0.574 0.581 0.479 0.491 0.577 0.449 0.449 0.369
0.517 0.527 0.439 0.465 0.516 0.429 0.427 0.386
0.539 0.544 0.48 0.463 0.541 0.438 0.439 0.402
0.557 0.557 0.449 0.46 0.546 0.429 0.429 0.408
0.571 0.591 0.462 0.466 0.571 0.441 0.436 0.365
0.583 0.587 0.514 0.482 0.584 0.472 0.472 0.446
0.578 0.572 0.515 0.473 0.593 0.464 0.464 0.423
0.549 0.57 0.489 0.444 0.563 0.458 0.465 0.407
0.579 0.582 0.512 0.504 0.579 0.484 0.485 0.454
0.595 0.591 0.475 0.483 0.57 0.414 0.416 0.388
0.555 0.573 0.507 0.503 0.567 0.453 0.45 0.425
0.55 0.565 0.475 0.473 0.561 0.454 0.454 0.402
0.536 0.57 0.486 0.476 0.561 0.461 0.457 0.392
0.589 0.576 0.474 0.496 0.572 0.444 0.439 0.389
0.566 0.568 0.484 0.467 0.566 0.468 0.469 0.433
0.588 0.591 0.48 0.481 0.578 0.473 0.477 0.413
0.583 0.59 0.493 0.446 0.591 0.457 0.454 0.404
0.554 0.561 0.48 0.497 0.556 0.43 0.435 0.428
0.583 0.584 0.482 0.509 0.583 0.44 0.445 0.397
0.539 0.546 0.462 0.459 0.539 0.458 0.458 0.404
0.562 0.575 0.48 0.486 0.563 0.401 0.401 0.399
0.526 0.52 0.485 0.471 0.525 0.472 0.478 0.438
0.556 0.567 0.486 0.486 0.558 0.451 0.453 0.429
0.572 0.554 0.489 0.487 0.572 0.462 0.441 0.401
0.571 0.581 0.461 0.478 0.571 0.467 0.455 0.423
0.539 0.542 0.496 0.47 0.538 0.471 0.47 0.41
0.542 0.573 0.486 0.455 0.564 0.467 0.467 0.432
0.558 0.554 0.497 0.477 0.566 0.44 0.429 0.395
0.584 0.605 0.494 0.481 0.588 0.468 0.467 0.42
0.575 0.57 0.485 0.478 0.56 0.43 0.431 0.383
0.556 0.57 0.503 0.496 0.574 0.407 0.404 0.389
0.565 0.565 0.454 0.448 0.572 0.452 0.451 0.407
0.543 0.575 0.486 0.487 0.562 0.437 0.439 0.401
0.541 0.531 0.464 0.461 0.536 0.463 0.458 0.415
0.569 0.575 0.48 0.476 0.56 0.462 0.463 0.433
0.576 0.558 0.492 0.481 0.551 0.467 0.466 0.454
0.561 0.557 0.485 0.49 0.569 0.478 0.469 0.434
0.546 0.553 0.474 0.497 0.548 0.45 0.449 0.425
0.53 0.566 0.474 0.497 0.549 0.461 0.468 0.424
0.52 0.524 0.454 0.446 0.521 0.467 0.463 0.454
0.566 0.584 0.476 0.498 0.566 0.466 0.456 0.411
0.563 0.572 0.495 0.493 0.562 0.46 0.46 0.42
0.554 0.566 0.461 0.466 0.555 0.471 0.466 0.439
0.573 0.578 0.476 0.477 0.564 0.458 0.461 0.412
0.55 0.535 0.46 0.456 0.533 0.467 0.467 0.403
0.579 0.573 0.494 0.48 0.567 0.494 0.481 0.448
0.575 0.56 0.486 0.511 0.563 0.463 0.464 0.406
0.589 0.586 0.506 0.525 0.593 0.448 0.448 0.413
0.545 0.564 0.474 0.483 0.555 0.463 0.459 0.417
0.546 0.555 0.488 0.497 0.562 0.457 0.457 0.424
0.553 0.558 0.487 0.473 0.553 0.456 0.468 0.42
0.559 0.57 0.482 0.5 0.568 0.435 0.434 0.421
0.579 0.579 0.482 0.499 0.578 0.469 0.464 0.412
0.553 0.576 0.484 0.503 0.556 0.423 0.424 0.42
0.529 0.519 0.463 0.466 0.528 0.448 0.448 0.44
0.53 0.532 0.467 0.469 0.527 0.462 0.46 0.427
0.583 0.59 0.502 0.511 0.599 0.443 0.445 0.41
0.543 0.576 0.491 0.493 0.572 0.471 0.459 0.402
0.588 0.573 0.481 0.46 0.569 0.452 0.45 0.418
0.578 0.581 0.464 0.469 0.563 0.431 0.432 0.383
0.585 0.57 0.458 0.498 0.561 0.462 0.472 0.404
0.562 0.576 0.494 0.492 0.563 0.441 0.438 0.409
0.553 0.543 0.473 0.463 0.553 0.442 0.441 0.406
0.568 0.57 0.482 0.491 0.572 0.473 0.473 0.45
0.554 0.549 0.482 0.487 0.534 0.46 0.452 0.415
0.584 0.586 0.498 0.502 0.583 0.452 0.447 0.433
0.547 0.553 0.508 0.492 0.547 0.441 0.443 0.397
0.56 0.572 0.488 0.498 0.574 0.493 0.493 0.415
0.566 0.57 0.485 0.482 0.565 0.461 0.457 0.42
0.547 0.547 0.496 0.481 0.546 0.469 0.467 0.444
