0.335 0.356 0.322 0.319 0.334 0.353 0.351 0.305
0.353 0.369 0.343 0.343 0.352 0.352 0.352 0.316
0.353 0.338 0.347 0.346 0.355 0.374 0.373 0.322
0.349 0.364 0.345 0.343 0.349 0.381 0.384 0.323
0.337 0.352 0.324 0.331 0.329 0.343 0.343 0.286
0.346 0.349 0.334 0.336 0.348 0.366 0.366 0.294
0.363 0.384 0.359 0.354 0.36 0.371 0.359 0.322
0.379 0.376 0.363 0.366 0.377 0.359 0.356 0.326
0.35 0.345 0.337 0.335 0.346 0.351 0.351 0.319
0.367 0.362 0.349 0.347 0.368 0.38 0.38 0.314
0.343 0.387 0.344 0.34 0.344 0.372 0.371 0.313
0.346 0.369 0.335 0.333 0.342 0.346 0.34 0.316
0.366 0.374 0.346 0.349 0.364 0.367 0.367 0.312
0.338 0.338 0.328 0.333 0.339 0.335 0.335 0.309
0.354 0.356 0.341 0.338 0.348 0.386 0.386 0.336
0.352 0.371 0.343 0.343 0.35 0.349 0.348 0.33
0.312 0.343 0.303 0.298 0.312 0.376 0.376 0.305
0.373 0.355 0.365 0.369 0.373 0.376 0.376 0.324
0.349 0.342 0.339 0.342 0.35 0.341 0.341 0.294
0.336 0.334 0.324 0.322 0.334 0.338 0.338 0.296
0.343 0.346 0.333 0.325 0.345 0.365 0.365 0.306
0.354 0.353 0.339 0.337 0.346 0.375 0.368 0.318
0.353 0.37 0.338 0.339 0.348 0.392 0.387 0.316
0.357 0.347 0.343 0.348 0.356 0.36 0.36 0.321
0.38 0.404 0.371 0.37 0.385 0.368 0.36 0.331
0.369 0.38 0.356 0.353 0.368 0.411 0.399 0.36
0.351 0.357 0.334 0.336 0.344 0.355 0.355 0.323
0.342 0.39 0.335 0.335 0.343 0.371 0.371 0.32
0.313 0.327 0.304 0.303 0.309 0.358 0.358 0.297
0.367 0.362 0.364 0.362 0.367 0.389 0.384 0.346
0.322 0.345 0.315 0.313 0.322 0.346 0.344 0.292
0.293 0.314 0.281 0.283 0.294 0.358 0.349 0.301
0.333 0.344 0.322 0.317 0.329 0.369 0.367 0.303
0.334 0.34 0.318 0.319 0.327 0.346 0.346 0.304
0.339 0.355 0.322 0.319 0.332 0.361 0.36 0.309
0.343 0.351 0.326 0.327 0.343 0.377 0.369 0.31
0.349 0.365 0.332 0.329 0.342 0.356 0.352 0.334
0.371 0.374 0.368 0.367 0.374 0.396 0.395 0.344
0.352 0.363 0.342 0.341 0.351 0.382 0.379 0.323
0.352 0.375 0.336 0.336 0.351 0.354 0.349 0.325
0.339 0.355 0.329 0.331 0.334 0.369 0.369 0.325
0.346 0.37 0.33 0.333 0.348 0.361 0.361 0.305
0.383 0.4 0.365 0.366 0.377 0.382 0.381 0.347
0.356 0.37 0.346 0.348 0.356 0.34 0.34 0.296
0.316 0.321 0.309 0.304 0.314 0.364 0.364 0.31
0.345 0.349 0.327 0.332 0.337 0.339 0.339 0.291
0.342 0.355 0.329 0.333 0.344 0.375 0.375 0.318
0.398 0.396 0.39 0.389 0.396 0.412 0.398 0.35
0.339 0.348 0.33 0.336 0.345 0.348 0.341 0.302
0.338 0.32 0.327 0.325 0.341 0.378 0.378 0.32
0.346 0.35 0.331 0.332 0.343 0.359 0.357 0.302
0.375 0.384 0.363 0.362 0.373 0.362 0.362 0.318
0.359 0.376 0.344 0.344 0.352 0.388 0.389 0.345
0.326 0.36 0.31 0.315 0.323 0.365 0.354 0.293
0.356 0.355 0.341 0.341 0.351 0.363 0.363 0.333
0.308 0.331 0.302 0.299 0.308 0.339 0.337 0.303
0.326 0.329 0.316 0.322 0.325 0.337 0.337 0.294
0.328 0.34 0.317 0.322 0.323 0.382 0.373 0.313
0.344 0.374 0.334 0.341 0.343 0.385 0.385 0.323
0.342 0.344 0.328 0.333 0.346 0.374 0.374 0.32
0.414 0.417 0.394 0.399 0.41 0.424 0.419 0.384
0.344 0.331 0.34 0.339 0.346 0.388 0.376 0.314
0.371 0.376 0.359 0.364 0.373 0.362 0.362 0.308
0.365 0.355 0.352 0.349 0.367 0.341 0.34 0.316
0.353 0.336 0.341 0.342 0.352 0.387 0.383 0.313
0.323 0.326 0.315 0.315 0.321 0.347 0.352 0.31
0.374 0.396 0.36 0.365 0.373 0.371 0.363 0.335
0.364 0.393 0.357 0.352 0.364 0.381 0.381 0.341
0.329 0.342 0.328 0.329 0.334 0.391 0.391 0.331
0.368 0.404 0.359 0.364 0.371 0.396 0.399 0.35
0.355 0.361 0.346 0.343 0.355 0.334 0.333 0.311
0.36 0.375 0.35 0.346 0.358 0.331 0.327 0.285
0.34 0.359 0.327 0.326 0.339 0.363 0.364 0.309
0.33 0.356 0.314 0.315 0.328 0.354 0.353 0.304
0.359 0.392 0.339 0.34 0.36 0.357 0.358 0.308
0.366 0.376 0.357 0.359 0.366 0.373 0.373 0.323
0.375 0.367 0.35 0.359 0.363 0.384 0.386 0.328
0.338 0.344 0.333 0.33 0.339 0.396 0.396 0.318
0.384 0.374 0.37 0.367 0.381 0.377 0.377 0.353
0.343 0.387 0.33 0.331 0.34 0.359 0.359 0.308
0.355 0.382 0.347 0.346 0.353 0.352 0.352 0.306
0.346 0.363 0.332 0.331 0.345 0.335 0.334 0.288
0.344 0.366 0.325 0.324 0.342 0.359 0.359 0.303
0.358 0.358 0.341 0.345 0.354 0.35 0.35 0.312
0.323 0.337 0.309 0.309 0.317 0.352 0.352 0.294
0.383 0.376 0.373 0.373 0.379 0.369 0.369 0.313
0.366 0.382 0.35 0.351 0.361 0.368 0.368 0.332
0.365 0.376 0.357 0.356 0.367 0.354 0.354 0.339
0.342 0.333 0.33 0.334 0.341 0.367 0.364 0.307
0.355 0.359 0.336 0.337 0.349 0.396 0.397 0.314
0.339 0.345 0.326 0.327 0.331 0.369 0.372 0.336
0.382 0.381 0.368 0.369 0.378 0.402 0.395 0.352
0.377 0.439 0.366 0.364 0.38 0.407 0.412 0.367
0.35 0.367 0.334 0.332 0.341 0.369 0.365 0.323
0.379 0.403 0.37 0.367 0.379 0.384 0.384 0.342
0.368 0.39 0.359 0.36 0.37 0.391 0.391 0.332
0.365 0.408 0.349 0.347 0.364 0.405 0.405 0.346
0.374 0.387 0.366 0.365 0.371 0.378 0.378 0.324
0.354 0.363 0.349 0.346 0.35 0.354 0.353 0.332
0.381 0.387 0.374 0.377 0.384 0.378 0.375 0.318
