0.58 0.585 0.511 0.52 0.584 0.469 0.477 0.553
0.571 0.573 0.525 0.496 0.571 0.463 0.464 0.543
0.578 0.571 0.494 0.494 0.575 0.467 0.474 0.506
0.578 0.578 0.491 0.525 0.578 0.476 0.474 0.517
0.578 0.591 0.496 0.483 0.588 0.493 0.488 0.565
0.573 0.571 0.494 0.482 0.572 0.466 0.467 0.539
0.575 0.574 0.469 0.541 0.575 0.465 0.463 0.515
0.587 0.586 0.51 0.481 0.589 0.49 0.49 0.572
0.585 0.571 0.512 0.507 0.576 0.483 0.483 0.586
0.575 0.577 0.466 0.509 0.576 0.493 0.493 0.549
0.569 0.563 0.542 0.496 0.572 0.471 0.471 0.53
0.589 0.589 0.509 0.518 0.589 0.486 0.488 0.56
0.588 0.594 0.503 0.5 0.588 0.474 0.482 0.576
0.567 0.565 0.492 0.483 0.567 0.455 0.452 0.52
0.569 0.573 0.467 0.473 0.569 0.499 0.495 0.557
0.554 0.55 0.488 0.48 0.554 0.498 0.499 0.54
0.553 0.554 0.5 0.51 0.553 0.483 0.482 0.56
0.566 0.564 0.489 0.521 0.566 0.465 0.463 0.566
0.573 0.571 0.482 0.51 0.573 0.437 0.435 0.488
0.558 0.558 0.491 0.497 0.558 0.474 0.467 0.535
0.567 0.562 0.504 0.47 0.566 0.461 0.451 0.517
0.58 0.583 0.485 0.53 0.58 0.451 0.458 0.527
0.572 0.562 0.485 0.513 0.561 0.484 0.484 0.563
0.608 0.607 0.521 0.492 0.604 0.497 0.497 0.614
0.562 0.561 0.489 0.471 0.561 0.479 0.476 0.555
0.562 0.573 0.476 0.507 0.572 0.458 0.46 0.501
0.583 0.584 0.501 0.501 0.583 0.448 0.446 0.547
0.571 0.571 0.48 0.506 0.572 0.519 0.512 0.517
0.574 0.574 0.55 0.485 0.576 0.489 0.481 0.534
0.589 0.589 0.489 0.458 0.589 0.452 0.442 0.505
0.597 0.588 0.51 0.507 0.588 0.496 0.495 0.551
0.571 0.571 0.502 0.498 0.571 0.493 0.493 0.56
0.541 0.54 0.525 0.505 0.541 0.481 0.493 0.538
0.572 0.572 0.502 0.486 0.568 0.449 0.451 0.519
0.604 0.601 0.486 0.512 0.605 0.465 0.466 0.551
0.571 0.573 0.511 0.492 0.571 0.469 0.481 0.566
0.58 0.58 0.489 0.496 0.58 0.485 0.485 0.546
0.562 0.568 0.508 0.529 0.567 0.469 0.465 0.526
0.566 0.565 0.515 0.522 0.566 0.474 0.474 0.521
0.582 0.59 0.497 0.481 0.582 0.48 0.479 0.555
0.547 0.55 0.461 0.508 0.549 0.504 0.505 0.542
0.581 0.575 0.494 0.467 0.573 0.499 0.494 0.567
0.58 0.578 0.482 0.474 0.574 0.466 0.467 0.522
0.609 0.61 0.479 0.496 0.609 0.471 0.476 0.526
0.558 0.558 0.485 0.499 0.56 0.465 0.465 0.522
0.586 0.582 0.49 0.481 0.582 0.489 0.489 0.546
0.592 0.592 0.481 0.508 0.585 0.446 0.44 0.493
0.552 0.549 0.496 0.515 0.553 0.487 0.484 0.539
0.586 0.586 0.513 0.507 0.586 0.466 0.471 0.552
0.551 0.549 0.465 0.483 0.551 0.513 0.504 0.557
0.585 0.587 0.484 0.493 0.585 0.442 0.438 0.534
0.541 0.541 0.507 0.491 0.538 0.494 0.494 0.555
0.56 0.563 0.492 0.506 0.562 0.491 0.486 0.534
0.578 0.577 0.493 0.484 0.578 0.458 0.458 0.556
0.583 0.58 0.485 0.53 0.583 0.472 0.475 0.517
0.533 0.543 0.462 0.511 0.533 0.445 0.445 0.505
0.578 0.579 0.507 0.475 0.578 0.468 0.483 0.526
0.562 0.556 0.519 0.463 0.555 0.493 0.496 0.59
0.587 0.584 0.511 0.494 0.587 0.454 0.445 0.532
0.585 0.587 0.5 0.462 0.586 0.539 0.539 0.579
0.564 0.564 0.521 0.496 0.564 0.479 0.481 0.539
0.584 0.583 0.505 0.493 0.59 0.471 0.471 0.518
0.564 0.568 0.464 0.48 0.564 0.471 0.471 0.545
0.551 0.546 0.494 0.513 0.549 0.466 0.46 0.521
0.585 0.584 0.505 0.48 0.585 0.478 0.477 0.549
0.549 0.551 0.505 0.494 0.549 0.44 0.44 0.532
0.542 0.545 0.492 0.499 0.541 0.469 0.472 0.508
0.552 0.556 0.497 0.515 0.552 0.45 0.449 0.494
0.565 0.56 0.502 0.462 0.563 0.458 0.457 0.527
0.57 0.568 0.517 0.518 0.576 0.47 0.47 0.525
0.588 0.589 0.47 0.484 0.588 0.463 0.456 0.498
0.577 0.577 0.481 0.507 0.577 0.471 0.461 0.501
0.584 0.584 0.495 0.493 0.585 0.438 0.442 0.49
0.575 0.574 0.49 0.505 0.578 0.461 0.461 0.547
0.558 0.557 0.523 0.497 0.558 0.496 0.498 0.539
0.582 0.583 0.524 0.503 0.579 0.476 0.474 0.56
0.545 0.547 0.482 0.471 0.545 0.477 0.478 0.542
0.578 0.579 0.501 0.477 0.579 0.468 0.467 0.522
0.55 0.549 0.508 0.484 0.546 0.478 0.474 0.494
0.563 0.563 0.496 0.484 0.563 0.508 0.508 0.56
0.546 0.549 0.487 0.484 0.545 0.502 0.502 0.566
0.567 0.566 0.506 0.516 0.566 0.475 0.475 0.545
0.574 0.576 0.485 0.495 0.574 0.538 0.538 0.57
0.573 0.568 0.49 0.501 0.573 0.458 0.458 0.543
0.564 0.564 0.514 0.515 0.563 0.478 0.473 0.514
0.528 0.519 0.499 0.499 0.525 0.481 0.482 0.539
0.568 0.572 0.504 0.49 0.568 0.476 0.476 0.539
0.592 0.597 0.485 0.502 0.586 0.47 0.479 0.514
0.574 0.574 0.497 0.497 0.574 0.461 0.459 0.494
0.588 0.574 0.544 0.515 0.576 0.489 0.494 0.568
0.59 0.591 0.5 0.472 0.59 0.469 0.469 0.545
0.574 0.566 0.476 0.512 0.568 0.475 0.477 0.549
0.569 0.568 0.479 0.479 0.571 0.489 0.489 0.558
0.556 0.556 0.45 0.464 0.556 0.498 0.496 0.538
0.545 0.541 0.479 0.482 0.544 0.474 0.472 0.513
0.594 0.595 0.492 0.501 0.594 0.47 0.471 0.48
0.548 0.56 0.513 0.494 0.55 0.476 0.466 0.527
0.572 0.573 0.503 0.493 0.574 0.485 0.485 0.566
0.565 0.564 0.49 0.499 0.565 0.482 0.482 0.567
0.545 0.545 0.5 0.478 0.545 0.491 0.491 0.537
