0.614 0.614 0.46 0.527 0.614 0.479 0.479 0.614
0.61 0.61 0.506 0.509 0.61 0.518 0.518 0.61
0.611 0.611 0.507 0.489 0.611 0.438 0.438 0.615
0.602 0.602 0.473 0.496 0.602 0.504 0.504 0.602
0.632 0.632 0.5 0.514 0.632 0.504 0.504 0.632
0.651 0.651 0.495 0.461 0.651 0.488 0.488 0.654
0.6 0.6 0.489 0.51 0.6 0.461 0.46 0.603
0.62 0.62 0.507 0.518 0.62 0.446 0.446 0.621
0.643 0.643 0.475 0.502 0.643 0.489 0.489 0.643
0.618 0.618 0.495 0.49 0.618 0.502 0.502 0.618
0.613 0.613 0.525 0.478 0.613 0.484 0.484 0.613
0.603 0.603 0.5 0.484 0.603 0.498 0.498 0.603
0.635 0.635 0.505 0.489 0.635 0.482 0.482 0.635
0.629 0.629 0.499 0.475 0.629 0.505 0.505 0.629
0.629 0.629 0.506 0.521 0.629 0.44 0.44 0.628
0.613 0.613 0.514 0.469 0.613 0.488 0.488 0.612
0.639 0.639 0.491 0.516 0.639 0.476 0.476 0.639
0.607 0.607 0.512 0.525 0.607 0.441 0.442 0.606
0.587 0.587 0.501 0.497 0.587 0.484 0.484 0.587
0.627 0.627 0.497 0.505 0.627 0.469 0.469 0.626
0.608 0.608 0.472 0.485 0.608 0.443 0.443 0.61
0.64 0.64 0.471 0.517 0.64 0.485 0.485 0.64
0.593 0.593 0.508 0.478 0.593 0.466 0.466 0.59
0.636 0.636 0.492 0.476 0.636 0.492 0.492 0.637
0.611 0.611 0.472 0.491 0.611 0.42 0.42 0.613
0.609 0.609 0.489 0.508 0.609 0.468 0.468 0.607
0.611 0.611 0.488 0.525 0.611 0.459 0.459 0.611
0.612 0.612 0.506 0.513 0.612 0.468 0.468 0.609
0.61 0.61 0.506 0.501 0.61 0.45 0.45 0.613
0.609 0.609 0.509 0.515 0.609 0.478 0.478 0.609
0.62 0.62 0.512 0.475 0.62 0.483 0.483 0.62
0.619 0.619 0.501 0.491 0.619 0.459 0.459 0.62
0.605 0.605 0.52 0.49 0.605 0.498 0.498 0.607
0.597 0.597 0.48 0.512 0.597 0.448 0.448 0.599
0.628 0.628 0.507 0.456 0.628 0.49 0.491 0.628
0.621 0.621 0.521 0.484 0.621 0.478 0.478 0.621
0.605 0.605 0.506 0.521 0.605 0.519 0.519 0.605
0.601 0.601 0.525 0.499 0.601 0.49 0.49 0.599
0.625 0.625 0.499 0.51 0.625 0.517 0.516 0.625
0.62 0.62 0.486 0.485 0.62 0.458 0.458 0.62
0.616 0.616 0.521 0.474 0.616 0.474 0.474 0.616
0.656 0.656 0.524 0.522 0.656 0.505 0.505 0.656
0.594 0.594 0.483 0.522 0.594 0.501 0.501 0.594
0.606 0.606 0.484 0.521 0.606 0.454 0.454 0.605
0.62 0.62 0.514 0.524 0.62 0.437 0.437 0.621
0.606 0.606 0.48 0.503 0.606 0.469 0.469 0.604
0.604 0.604 0.505 0.521 0.604 0.454 0.454 0.604
0.605 0.605 0.514 0.507 0.605 0.515 0.515 0.605
0.639 0.639 0.515 0.475 0.639 0.49 0.49 0.639
0.61 0.61 0.487 0.511 0.61 0.48 0.48 0.61
0.612 0.612 0.511 0.535 0.612 0.494 0.494 0.612
0.616 0.616 0.505 0.503 0.616 0.437 0.438 0.619
0.611 0.611 0.484 0.517 0.611 0.47 0.47 0.613
0.605 0.605 0.484 0.523 0.605 0.473 0.473 0.605
0.592 0.592 0.492 0.498 0.592 0.474 0.474 0.592
0.588 0.588 0.519 0.49 0.588 0.506 0.506 0.588
0.609 0.609 0.53 0.519 0.609 0.445 0.445 0.609
0.604 0.604 0.513 0.499 0.604 0.422 0.422 0.602
0.622 0.622 0.486 0.476 0.622 0.491 0.491 0.622
0.595 0.595 0.501 0.506 0.595 0.461 0.461 0.595
0.611 0.611 0.523 0.496 0.611 0.485 0.485 0.611
0.647 0.647 0.494 0.522 0.647 0.516 0.516 0.647
0.622 0.622 0.508 0.487 0.622 0.453 0.453 0.622
0.627 0.627 0.504 0.486 0.627 0.452 0.452 0.628
0.62 0.62 0.502 0.477 0.62 0.48 0.48 0.619
0.616 0.616 0.502 0.499 0.616 0.474 0.474 0.614
0.601 0.601 0.502 0.509 0.601 0.474 0.475 0.599
0.578 0.578 0.495 0.48 0.578 0.467 0.467 0.578
0.598 0.598 0.52 0.507 0.598 0.492 0.492 0.6
0.612 0.612 0.522 0.496 0.612 0.473 0.473 0.613
0.611 0.611 0.491 0.52 0.611 0.44 0.44 0.614
0.594 0.594 0.495 0.497 0.594 0.49 0.489 0.594
0.632 0.632 0.517 0.505 0.632 0.472 0.472 0.632
0.599 0.599 0.484 0.53 0.599 0.489 0.487 0.599
0.595 0.595 0.498 0.499 0.595 0.474 0.475 0.597
0.581 0.581 0.477 0.496 0.581 0.483 0.483 0.581
0.606 0.606 0.493 0.484 0.606 0.457 0.457 0.609
0.612 0.612 0.495 0.467 0.612 0.485 0.485 0.615
0.617 0.617 0.5 0.523 0.617 0.494 0.494 0.617
0.629 0.629 0.512 0.502 0.629 0.47 0.47 0.629
0.629 0.629 0.502 0.525 0.629 0.481 0.481 0.629
0.617 0.617 0.499 0.517 0.617 0.478 0.478 0.617
0.617 0.617 0.521 0.523 0.617 0.436 0.436 0.623
0.598 0.598 0.494 0.479 0.598 0.522 0.522 0.598
0.604 0.604 0.483 0.494 0.604 0.483 0.483 0.604
0.606 0.606 0.513 0.492 0.606 0.48 0.48 0.606
0.597 0.597 0.483 0.526 0.597 0.47 0.47 0.597
0.63 0.63 0.493 0.51 0.63 0.457 0.457 0.631
0.589 0.589 0.5 0.526 0.589 0.507 0.508 0.589
0.609 0.609 0.463 0.517 0.609 0.517 0.517 0.609
0.564 0.564 0.493 0.485 0.564 0.495 0.495 0.562
0.627 0.627 0.503 0.511 0.627 0.497 0.497 0.627
0.607 0.607 0.5 0.498 0.607 0.511 0.511 0.607
0.624 0.624 0.507 0.482 0.624 0.481 0.481 0.624
0.624 0.624 0.514 0.488 0.624 0.444 0.444 0.624
0.611 0.611 0.511 0.501 0.611 0.465 0.464 0.611
0.61 0.61 0.495 0.493 0.61 0.495 0.495 0.611
0.612 0.612 0.492 0.516 0.612 0.527 0.527 0.612
0.625 0.625 0.508 0.493 0.625 0.464 0.464 0.624
0.619 0.619 0.505 0.465 0.619 0.459 0.459 0.619
