0.447 0.448 0.405 0.418 0.452 0.399 0.399 0.358
0.406 0.389 0.384 0.383 0.405 0.384 0.384 0.355
0.412 0.445 0.39 0.389 0.412 0.402 0.402 0.379
0.435 0.461 0.42 0.404 0.437 0.403 0.403 0.362
0.408 0.405 0.394 0.381 0.409 0.372 0.372 0.324
0.435 0.424 0.407 0.406 0.423 0.412 0.412 0.4
0.432 0.428 0.399 0.413 0.433 0.386 0.386 0.344
0.434 0.449 0.402 0.405 0.434 0.412 0.405 0.357
0.442 0.456 0.427 0.433 0.443 0.39 0.386 0.375
0.401 0.408 0.367 0.362 0.389 0.4 0.399 0.362
0.43 0.441 0.422 0.404 0.43 0.395 0.39 0.357
0.422 0.416 0.397 0.402 0.422 0.383 0.383 0.351
0.433 0.43 0.413 0.416 0.424 0.366 0.366 0.344
0.407 0.408 0.379 0.383 0.405 0.41 0.41 0.355
0.412 0.422 0.386 0.389 0.414 0.444 0.444 0.403
0.444 0.463 0.402 0.4 0.435 0.394 0.394 0.35
0.428 0.448 0.4 0.394 0.427 0.389 0.38 0.338
0.403 0.402 0.385 0.386 0.403 0.391 0.391 0.339
0.405 0.413 0.386 0.399 0.408 0.415 0.415 0.384
0.424 0.425 0.408 0.395 0.424 0.403 0.403 0.389
0.405 0.402 0.381 0.386 0.405 0.406 0.406 0.361
0.447 0.45 0.417 0.412 0.446 0.443 0.442 0.405
0.411 0.431 0.387 0.393 0.413 0.397 0.397 0.362
0.4 0.432 0.382 0.373 0.4 0.378 0.378 0.342
0.417 0.44 0.396 0.395 0.417 0.37 0.37 0.349
0.416 0.412 0.384 0.391 0.416 0.398 0.398 0.372
0.418 0.437 0.403 0.409 0.423 0.388 0.388 0.331
0.39 0.406 0.373 0.375 0.394 0.382 0.382 0.347
0.431 0.425 0.413 0.424 0.431 0.409 0.409 0.358
0.404 0.404 0.358 0.368 0.388 0.351 0.352 0.321
0.41 0.39 0.38 0.361 0.391 0.369 0.369 0.333
0.429 0.452 0.386 0.391 0.418 0.38 0.38 0.36
0.418 0.438 0.403 0.393 0.418 0.383 0.383 0.355
0.407 0.423 0.398 0.389 0.407 0.392 0.393 0.334
0.406 0.433 0.388 0.377 0.407 0.39 0.39 0.353
0.408 0.419 0.386 0.384 0.407 0.383 0.383 0.356
0.413 0.424 0.381 0.405 0.413 0.408 0.41 0.379
0.423 0.426 0.413 0.411 0.425 0.412 0.418 0.395
0.434 0.453 0.412 0.413 0.437 0.38 0.38 0.355
0.418 0.41 0.402 0.403 0.418 0.405 0.405 0.395
0.432 0.418 0.401 0.411 0.427 0.408 0.408 0.364
0.462 0.479 0.437 0.422 0.466 0.405 0.405 0.376
0.383 0.408 0.369 0.379 0.384 0.395 0.383 0.348
0.425 0.448 0.391 0.397 0.424 0.399 0.4 0.365
0.395 0.405 0.372 0.377 0.395 0.392 0.392 0.346
0.416 0.436 0.403 0.394 0.416 0.382 0.366 0.353
0.382 0.369 0.376 0.368 0.384 0.375 0.375 0.344
0.43 0.46 0.41 0.402 0.43 0.404 0.395 0.377
0.417 0.465 0.415 0.41 0.433 0.384 0.377 0.348
0.403 0.425 0.385 0.379 0.403 0.397 0.383 0.367
0.425 0.429 0.408 0.401 0.425 0.392 0.392 0.376
0.405 0.411 0.384 0.387 0.405 0.399 0.399 0.372
0.402 0.412 0.369 0.374 0.394 0.4 0.374 0.33
0.413 0.434 0.394 0.381 0.406 0.377 0.377 0.338
0.402 0.416 0.403 0.397 0.402 0.371 0.371 0.334
0.417 0.439 0.406 0.403 0.417 0.407 0.408 0.354
0.413 0.446 0.401 0.411 0.413 0.454 0.454 0.406
0.433 0.449 0.4 0.403 0.421 0.386 0.386 0.355
0.44 0.413 0.398 0.409 0.425 0.381 0.38 0.34
0.411 0.415 0.376 0.371 0.404 0.379 0.379 0.353
0.436 0.455 0.399 0.395 0.434 0.401 0.401 0.362
0.382 0.394 0.374 0.374 0.38 0.38 0.38 0.348
0.423 0.423 0.4 0.393 0.423 0.379 0.379 0.359
0.43 0.433 0.401 0.391 0.424 0.402 0.402 0.38
0.428 0.456 0.397 0.408 0.423 0.424 0.425 0.396
0.384 0.395 0.369 0.368 0.397 0.407 0.408 0.346
0.449 0.437 0.42 0.421 0.444 0.413 0.412 0.383
0.453 0.459 0.429 0.432 0.458 0.398 0.398 0.364
0.38 0.395 0.375 0.364 0.381 0.394 0.394 0.351
0.412 0.434 0.388 0.393 0.41 0.4 0.399 0.34
0.428 0.434 0.39 0.394 0.428 0.395 0.395 0.382
0.405 0.425 0.373 0.379 0.399 0.398 0.398 0.383
0.389 0.389 0.353 0.358 0.375 0.372 0.372 0.335
0.431 0.455 0.42 0.405 0.43 0.384 0.384 0.355
0.419 0.459 0.403 0.395 0.419 0.394 0.394 0.37
0.436 0.438 0.399 0.397 0.425 0.398 0.396 0.356
0.435 0.444 0.42 0.412 0.428 0.406 0.406 0.396
0.407 0.43 0.394 0.394 0.409 0.407 0.407 0.395
0.389 0.411 0.371 0.36 0.389 0.385 0.385 0.344
0.393 0.381 0.374 0.387 0.398 0.378 0.376 0.338
0.436 0.444 0.41 0.415 0.436 0.395 0.392 0.356
0.422 0.416 0.405 0.405 0.417 0.385 0.385 0.35
0.394 0.387 0.375 0.376 0.395 0.415 0.417 0.386
0.423 0.41 0.402 0.4 0.414 0.391 0.39 0.346
0.385 0.398 0.368 0.373 0.395 0.366 0.355 0.305
0.406 0.398 0.383 0.374 0.405 0.36 0.36 0.349
0.411 0.412 0.403 0.402 0.413 0.399 0.399 0.382
0.418 0.433 0.4 0.39 0.418 0.389 0.391 0.36
0.398 0.431 0.381 0.376 0.398 0.379 0.379 0.347
0.408 0.414 0.377 0.381 0.401 0.375 0.375 0.346
0.403 0.395 0.379 0.37 0.394 0.409 0.407 0.361
0.439 0.454 0.394 0.406 0.433 0.4 0.4 0.368
0.412 0.408 0.397 0.393 0.412 0.395 0.395 0.365
0.443 0.454 0.416 0.406 0.438 0.428 0.427 0.385
0.436 0.436 0.388 0.388 0.42 0.417 0.417 0.402
0.442 0.471 0.422 0.432 0.448 0.421 0.43 0.395
0.431 0.426 0.405 0.401 0.418 0.4 0.4 0.358
0.4 0.38 0.384 0.387 0.402 0.381 0.382 0.357
0.439 0.416 0.403 0.412 0.423 0.392 0.392 0.343
0.397 0.392 0.373 0.382 0.406 0.386 0.386 0.356
