0.396 0.4 0.378 0.37 0.396 0.385 0.385 0.364
0.409 0.411 0.404 0.404 0.409 0.38 0.379 0.365
0.41 0.417 0.385 0.391 0.4 0.39 0.39 0.349
0.409 0.419 0.39 0.392 0.408 0.382 0.382 0.341
0.381 0.394 0.36 0.35 0.363 0.345 0.345 0.325
0.397 0.409 0.381 0.38 0.397 0.377 0.377 0.339
0.399 0.402 0.379 0.378 0.389 0.409 0.409 0.345
0.386 0.433 0.376 0.373 0.387 0.357 0.357 0.309
0.376 0.391 0.365 0.371 0.376 0.395 0.395 0.362
0.439 0.434 0.415 0.417 0.431 0.395 0.395 0.353
0.379 0.401 0.364 0.364 0.382 0.385 0.386 0.333
0.416 0.397 0.388 0.388 0.412 0.373 0.373 0.346
0.405 0.413 0.391 0.382 0.401 0.361 0.361 0.333
0.427 0.437 0.407 0.406 0.428 0.397 0.397 0.346
0.364 0.343 0.341 0.345 0.347 0.38 0.38 0.331
0.41 0.419 0.391 0.386 0.411 0.378 0.378 0.328
0.406 0.409 0.379 0.381 0.389 0.362 0.362 0.318
0.395 0.41 0.377 0.378 0.395 0.356 0.356 0.337
0.419 0.421 0.409 0.409 0.419 0.379 0.379 0.342
0.372 0.378 0.365 0.361 0.371 0.368 0.368 0.34
0.357 0.402 0.332 0.341 0.358 0.378 0.378 0.327
0.384 0.382 0.365 0.355 0.374 0.379 0.379 0.315
0.42 0.413 0.408 0.399 0.412 0.396 0.391 0.348
0.374 0.386 0.364 0.362 0.374 0.371 0.371 0.313
0.393 0.426 0.386 0.384 0.392 0.348 0.348 0.331
0.396 0.414 0.384 0.39 0.396 0.398 0.398 0.371
0.381 0.399 0.368 0.37 0.38 0.374 0.374 0.326
0.398 0.406 0.388 0.388 0.401 0.384 0.383 0.365
0.429 0.444 0.408 0.41 0.42 0.395 0.395 0.355
0.381 0.404 0.366 0.375 0.382 0.369 0.369 0.322
0.392 0.416 0.36 0.362 0.374 0.351 0.351 0.301
0.415 0.41 0.4 0.394 0.414 0.393 0.393 0.345
0.402 0.402 0.384 0.373 0.391 0.368 0.368 0.328
0.423 0.437 0.417 0.414 0.423 0.389 0.389 0.339
0.382 0.38 0.356 0.359 0.382 0.376 0.376 0.343
0.385 0.411 0.369 0.369 0.385 0.366 0.366 0.315
0.398 0.41 0.385 0.383 0.397 0.356 0.356 0.317
0.404 0.413 0.398 0.397 0.405 0.412 0.412 0.36
0.4 0.402 0.39 0.389 0.399 0.38 0.38 0.339
0.421 0.414 0.412 0.411 0.421 0.372 0.372 0.362
0.409 0.411 0.409 0.402 0.408 0.379 0.379 0.361
0.412 0.415 0.389 0.391 0.409 0.389 0.389 0.346
0.426 0.413 0.416 0.415 0.422 0.378 0.377 0.346
0.354 0.378 0.34 0.333 0.355 0.363 0.363 0.319
0.385 0.379 0.364 0.361 0.378 0.362 0.362 0.333
0.364 0.386 0.358 0.351 0.363 0.337 0.337 0.305
0.438 0.435 0.419 0.417 0.437 0.348 0.348 0.323
0.362 0.401 0.351 0.351 0.361 0.385 0.385 0.343
0.393 0.409 0.382 0.382 0.397 0.373 0.373 0.344
0.414 0.415 0.39 0.395 0.41 0.391 0.391 0.345
0.406 0.402 0.384 0.382 0.391 0.394 0.394 0.348
0.391 0.403 0.39 0.391 0.392 0.38 0.38 0.337
0.413 0.425 0.387 0.384 0.402 0.377 0.377 0.35
0.403 0.408 0.38 0.385 0.394 0.345 0.345 0.321
0.412 0.414 0.402 0.401 0.413 0.39 0.39 0.357
0.399 0.403 0.39 0.393 0.401 0.421 0.421 0.38
0.411 0.442 0.401 0.401 0.41 0.387 0.387 0.365
0.409 0.415 0.394 0.396 0.407 0.381 0.381 0.326
0.401 0.412 0.377 0.378 0.389 0.361 0.361 0.334
0.379 0.404 0.368 0.369 0.378 0.371 0.371 0.328
0.411 0.42 0.393 0.395 0.41 0.368 0.368 0.314
0.367 0.376 0.362 0.362 0.367 0.378 0.375 0.329
0.386 0.4 0.366 0.367 0.383 0.38 0.38 0.319
0.409 0.422 0.394 0.391 0.396 0.342 0.342 0.31
0.42 0.429 0.402 0.402 0.42 0.403 0.403 0.365
0.372 0.406 0.349 0.356 0.374 0.374 0.374 0.327
0.425 0.421 0.42 0.417 0.424 0.387 0.387 0.344
0.39 0.407 0.378 0.375 0.39 0.371 0.371 0.349
0.414 0.441 0.393 0.395 0.406 0.402 0.402 0.378
0.367 0.395 0.35 0.362 0.378 0.386 0.386 0.344
0.409 0.398 0.395 0.39 0.41 0.416 0.416 0.355
0.391 0.401 0.382 0.384 0.39 0.386 0.386 0.346
0.432 0.476 0.423 0.412 0.433 0.388 0.388 0.378
0.395 0.383 0.363 0.371 0.385 0.386 0.386 0.345
0.377 0.396 0.366 0.365 0.381 0.375 0.375 0.337
0.449 0.451 0.429 0.429 0.443 0.361 0.361 0.311
0.374 0.372 0.366 0.365 0.375 0.389 0.389 0.346
0.415 0.429 0.398 0.396 0.413 0.405 0.405 0.373
0.406 0.411 0.371 0.372 0.395 0.343 0.343 0.329
0.373 0.39 0.358 0.363 0.375 0.337 0.335 0.295
0.369 0.393 0.359 0.366 0.371 0.373 0.373 0.336
0.436 0.421 0.421 0.419 0.435 0.382 0.382 0.332
0.406 0.397 0.397 0.401 0.405 0.371 0.372 0.332
0.402 0.386 0.383 0.387 0.395 0.38 0.379 0.341
0.403 0.416 0.395 0.391 0.405 0.379 0.379 0.343
0.36 0.36 0.353 0.342 0.361 0.36 0.36 0.317
0.38 0.397 0.366 0.37 0.38 0.378 0.378 0.334
0.399 0.4 0.387 0.388 0.399 0.358 0.358 0.321
0.394 0.413 0.366 0.371 0.382 0.359 0.359 0.316
0.387 0.377 0.373 0.369 0.387 0.37 0.37 0.317
0.373 0.384 0.363 0.363 0.373 0.383 0.383 0.328
0.386 0.404 0.376 0.371 0.386 0.39 0.39 0.334
0.417 0.418 0.405 0.413 0.421 0.384 0.384 0.353
0.398 0.386 0.371 0.374 0.386 0.403 0.403 0.34
0.401 0.417 0.381 0.381 0.402 0.397 0.397 0.365
0.399 0.411 0.384 0.383 0.399 0.406 0.406 0.349
0.411 0.431 0.391 0.406 0.411 0.373 0.373 0.345
0.408 0.416 0.39 0.385 0.403 0.371 0.371 0.347
0.403 0.431 0.393 0.391 0.4 0.36 0.361 0.346
0.409 0.401 0.39 0.389 0.396 0.383 0.383 0.322
