0.614 0.614 0.523 0.52 0.614 0.447 0.447 0.616
0.61 0.61 0.473 0.499 0.61 0.484 0.485 0.609
0.611 0.611 0.536 0.495 0.611 0.47 0.47 0.612
0.602 0.602 0.51 0.519 0.602 0.483 0.483 0.607
0.632 0.632 0.507 0.494 0.632 0.453 0.453 0.626
0.651 0.651 0.531 0.506 0.651 0.431 0.431 0.651
0.6 0.6 0.486 0.504 0.6 0.495 0.495 0.599
0.62 0.62 0.478 0.512 0.62 0.45 0.449 0.613
0.643 0.643 0.506 0.508 0.643 0.431 0.43 0.624
0.618 0.618 0.513 0.505 0.618 0.409 0.409 0.627
0.613 0.613 0.504 0.516 0.613 0.482 0.482 0.618
0.603 0.603 0.525 0.484 0.603 0.509 0.509 0.604
0.635 0.635 0.493 0.488 0.635 0.459 0.458 0.65
0.629 0.629 0.494 0.506 0.629 0.471 0.471 0.629
0.629 0.629 0.52 0.495 0.629 0.418 0.417 0.598
0.613 0.613 0.489 0.491 0.613 0.441 0.441 0.614
0.639 0.639 0.485 0.488 0.639 0.499 0.499 0.648
0.607 0.607 0.511 0.497 0.607 0.447 0.447 0.604
0.587 0.587 0.482 0.507 0.587 0.45 0.45 0.587
0.627 0.627 0.482 0.492 0.627 0.456 0.455 0.629
0.608 0.608 0.507 0.529 0.608 0.497 0.497 0.608
0.64 0.64 0.511 0.5 0.64 0.474 0.474 0.639
0.593 0.593 0.504 0.493 0.593 0.461 0.461 0.602
0.636 0.636 0.489 0.487 0.636 0.449 0.449 0.632
0.611 0.611 0.508 0.496 0.611 0.485 0.485 0.617
0.609 0.609 0.504 0.526 0.609 0.498 0.498 0.617
0.611 0.611 0.496 0.503 0.611 0.479 0.479 0.593
0.612 0.612 0.524 0.549 0.612 0.459 0.458 0.621
0.61 0.61 0.506 0.518 0.61 0.468 0.468 0.601
0.609 0.609 0.492 0.472 0.609 0.474 0.473 0.602
0.62 0.62 0.512 0.501 0.62 0.474 0.474 0.602
0.619 0.619 0.499 0.484 0.619 0.459 0.459 0.622
0.605 0.605 0.515 0.52 0.605 0.486 0.485 0.612
0.597 0.597 0.485 0.518 0.597 0.474 0.474 0.602
0.628 0.628 0.515 0.513 0.628 0.461 0.46 0.626
0.621 0.621 0.502 0.485 0.621 0.449 0.448 0.623
0.605 0.605 0.499 0.483 0.605 0.448 0.448 0.615
0.601 0.601 0.53 0.478 0.601 0.493 0.493 0.601
0.625 0.625 0.499 0.505 0.625 0.499 0.499 0.625
0.62 0.62 0.481 0.507 0.62 0.485 0.485 0.622
0.616 0.616 0.496 0.479 0.616 0.487 0.487 0.615
0.656 0.656 0.501 0.46 0.656 0.491 0.491 0.647
0.594 0.594 0.483 0.493 0.594 0.482 0.483 0.595
0.606 0.606 0.52 0.482 0.606 0.508 0.508 0.606
0.62 0.62 0.488 0.519 0.62 0.467 0.467 0.619
0.606 0.606 0.503 0.515 0.606 0.465 0.466 0.612
0.604 0.604 0.501 0.491 0.604 0.489 0.488 0.6
0.605 0.605 0.508 0.505 0.605 0.531 0.531 0.605
0.639 0.639 0.497 0.5 0.639 0.432 0.431 0.635
0.61 0.61 0.526 0.488 0.61 0.467 0.467 0.614
0.612 0.612 0.506 0.508 0.612 0.468 0.468 0.617
0.616 0.616 0.486 0.509 0.616 0.434 0.433 0.616
0.611 0.611 0.494 0.523 0.611 0.49 0.49 0.614
0.605 0.605 0.512 0.497 0.605 0.489 0.489 0.606
0.592 0.592 0.496 0.504 0.592 0.465 0.466 0.607
0.588 0.588 0.5 0.486 0.588 0.486 0.486 0.591
0.609 0.609 0.511 0.5 0.609 0.488 0.488 0.612
0.604 0.604 0.501 0.481 0.604 0.48 0.479 0.606
0.622 0.622 0.501 0.499 0.622 0.48 0.479 0.623
0.595 0.595 0.48 0.485 0.595 0.482 0.482 0.596
0.611 0.611 0.514 0.488 0.611 0.484 0.485 0.609
0.647 0.647 0.472 0.492 0.647 0.437 0.436 0.64
0.622 0.622 0.506 0.509 0.622 0.477 0.477 0.626
0.627 0.627 0.468 0.478 0.627 0.435 0.435 0.625
0.62 0.62 0.526 0.495 0.62 0.465 0.466 0.618
0.616 0.616 0.497 0.495 0.616 0.466 0.466 0.614
0.601 0.601 0.495 0.531 0.601 0.506 0.506 0.602
0.578 0.578 0.515 0.494 0.578 0.457 0.457 0.569
0.598 0.598 0.501 0.5 0.598 0.466 0.466 0.595
0.612 0.612 0.494 0.508 0.612 0.489 0.49 0.607
0.611 0.611 0.513 0.5 0.611 0.489 0.489 0.608
0.594 0.594 0.504 0.504 0.594 0.462 0.462 0.599
0.632 0.632 0.512 0.505 0.632 0.483 0.483 0.636
0.599 0.599 0.522 0.489 0.599 0.47 0.47 0.603
0.595 0.595 0.495 0.487 0.595 0.463 0.463 0.602
0.581 0.581 0.51 0.531 0.581 0.499 0.499 0.58
0.606 0.606 0.511 0.513 0.606 0.475 0.475 0.6
0.612 0.612 0.5 0.505 0.612 0.517 0.517 0.612
0.617 0.617 0.483 0.519 0.617 0.468 0.468 0.625
0.629 0.629 0.522 0.529 0.629 0.487 0.487 0.627
0.629 0.629 0.471 0.492 0.629 0.455 0.455 0.631
0.617 0.617 0.525 0.517 0.617 0.479 0.479 0.621
0.617 0.617 0.501 0.486 0.617 0.498 0.498 0.617
0.598 0.598 0.518 0.492 0.598 0.502 0.501 0.598
0.604 0.604 0.491 0.475 0.604 0.487 0.487 0.604
0.606 0.606 0.537 0.51 0.606 0.484 0.483 0.606
0.597 0.597 0.475 0.472 0.597 0.471 0.471 0.598
0.63 0.63 0.489 0.489 0.63 0.494 0.494 0.632
0.589 0.589 0.512 0.501 0.589 0.497 0.497 0.591
0.609 0.609 0.498 0.483 0.609 0.499 0.498 0.607
0.564 0.564 0.485 0.486 0.564 0.446 0.446 0.56
0.627 0.627 0.504 0.49 0.627 0.474 0.474 0.619
0.607 0.607 0.492 0.49 0.607 0.471 0.471 0.599
0.624 0.624 0.5 0.494 0.624 0.501 0.501 0.624
0.624 0.624 0.485 0.525 0.624 0.518 0.518 0.623
0.611 0.611 0.486 0.524 0.611 0.468 0.468 0.609
0.61 0.61 0.483 0.498 0.61 0.456 0.456 0.61
0.612 0.612 0.496 0.524 0.612 0.474 0.474 0.618
0.625 0.625 0.515 0.496 0.625 0.477 0.477 0.604
0.619 0.619 0.477 0.508 0.619 0.466 0.466 0.626
