0.438 0.444 0.388 0.396 0.438 0.4 0.4 0.402
0.43 0.457 0.405 0.383 0.43 0.462 0.458 0.434
0.437 0.418 0.402 0.399 0.44 0.433 0.433 0.392
0.435 0.448 0.397 0.389 0.422 0.396 0.391 0.369
0.437 0.453 0.393 0.392 0.439 0.398 0.398 0.399
0.477 0.475 0.44 0.444 0.472 0.418 0.412 0.411
0.493 0.473 0.46 0.454 0.493 0.412 0.412 0.372
0.404 0.437 0.367 0.38 0.405 0.392 0.392 0.394
0.441 0.447 0.439 0.424 0.441 0.419 0.419 0.382
0.461 0.463 0.419 0.415 0.45 0.423 0.422 0.388
0.468 0.453 0.427 0.4 0.467 0.437 0.437 0.431
0.409 0.43 0.395 0.397 0.418 0.415 0.407 0.372
0.445 0.481 0.407 0.42 0.456 0.405 0.403 0.383
0.447 0.473 0.418 0.405 0.448 0.426 0.426 0.384
0.439 0.453 0.41 0.414 0.445 0.426 0.42 0.434
0.457 0.462 0.431 0.427 0.46 0.438 0.437 0.382
0.441 0.44 0.415 0.43 0.445 0.427 0.423 0.394
0.445 0.452 0.398 0.401 0.448 0.428 0.42 0.419
0.438 0.432 0.424 0.415 0.438 0.423 0.413 0.384
0.451 0.466 0.419 0.425 0.449 0.443 0.441 0.433
0.4 0.419 0.363 0.371 0.4 0.416 0.416 0.392
0.44 0.429 0.413 0.414 0.44 0.431 0.427 0.401
0.443 0.451 0.421 0.415 0.443 0.42 0.42 0.387
0.393 0.408 0.357 0.366 0.393 0.374 0.374 0.356
0.451 0.456 0.425 0.437 0.453 0.416 0.408 0.391
0.417 0.423 0.397 0.391 0.418 0.41 0.415 0.383
0.446 0.467 0.405 0.422 0.441 0.447 0.446 0.413
0.406 0.42 0.384 0.38 0.41 0.369 0.369 0.35
0.453 0.466 0.445 0.436 0.456 0.445 0.451 0.433
0.429 0.454 0.396 0.393 0.426 0.43 0.429 0.394
0.441 0.46 0.418 0.408 0.441 0.405 0.403 0.375
0.446 0.446 0.409 0.411 0.447 0.394 0.391 0.388
0.432 0.452 0.396 0.398 0.437 0.404 0.406 0.371
0.413 0.426 0.401 0.388 0.415 0.399 0.399 0.38
0.428 0.436 0.378 0.372 0.412 0.399 0.399 0.344
0.426 0.447 0.387 0.392 0.423 0.4 0.398 0.355
0.418 0.415 0.411 0.393 0.424 0.422 0.422 0.421
0.444 0.463 0.438 0.426 0.438 0.405 0.405 0.394
0.435 0.449 0.413 0.408 0.446 0.42 0.42 0.402
0.459 0.458 0.431 0.439 0.459 0.437 0.423 0.411
0.416 0.44 0.384 0.4 0.435 0.407 0.413 0.375
0.452 0.45 0.431 0.421 0.449 0.421 0.421 0.39
0.463 0.469 0.442 0.425 0.466 0.428 0.432 0.43
0.44 0.452 0.394 0.389 0.438 0.405 0.401 0.356
0.399 0.415 0.365 0.377 0.4 0.375 0.367 0.342
0.419 0.451 0.396 0.404 0.423 0.426 0.422 0.384
0.406 0.413 0.393 0.377 0.406 0.404 0.394 0.369
0.432 0.418 0.406 0.432 0.431 0.419 0.427 0.411
0.414 0.453 0.38 0.388 0.424 0.405 0.407 0.396
0.434 0.468 0.436 0.433 0.452 0.417 0.417 0.416
0.441 0.488 0.41 0.4 0.445 0.428 0.428 0.431
0.458 0.453 0.44 0.428 0.458 0.403 0.403 0.375
0.452 0.465 0.411 0.396 0.448 0.432 0.429 0.385
0.406 0.43 0.38 0.375 0.393 0.403 0.402 0.353
0.404 0.401 0.398 0.4 0.404 0.395 0.396 0.36
0.441 0.425 0.43 0.42 0.441 0.42 0.421 0.404
0.475 0.479 0.45 0.463 0.468 0.454 0.45 0.449
0.447 0.47 0.421 0.439 0.452 0.426 0.426 0.408
0.405 0.418 0.385 0.386 0.405 0.398 0.4 0.347
0.429 0.433 0.392 0.385 0.429 0.412 0.412 0.398
0.433 0.429 0.405 0.39 0.432 0.425 0.428 0.391
0.414 0.417 0.396 0.384 0.41 0.397 0.393 0.35
0.441 0.442 0.427 0.426 0.443 0.387 0.392 0.373
0.405 0.436 0.363 0.372 0.407 0.379 0.381 0.318
0.461 0.491 0.41 0.408 0.453 0.42 0.425 0.393
0.379 0.397 0.378 0.37 0.401 0.355 0.354 0.341
0.432 0.446 0.421 0.4 0.433 0.4 0.4 0.386
0.44 0.458 0.426 0.415 0.452 0.393 0.393 0.384
0.438 0.454 0.407 0.4 0.447 0.386 0.388 0.378
0.429 0.444 0.407 0.41 0.429 0.4 0.4 0.37
0.461 0.479 0.41 0.412 0.448 0.386 0.383 0.367
0.437 0.421 0.406 0.39 0.429 0.401 0.401 0.37
0.38 0.403 0.343 0.343 0.379 0.401 0.399 0.378
0.423 0.436 0.399 0.395 0.42 0.443 0.443 0.361
0.43 0.435 0.396 0.406 0.43 0.434 0.434 0.41
0.432 0.449 0.403 0.405 0.45 0.398 0.391 0.364
0.415 0.418 0.386 0.4 0.415 0.417 0.417 0.392
0.467 0.488 0.425 0.433 0.466 0.427 0.427 0.375
0.39 0.401 0.382 0.369 0.391 0.378 0.376 0.326
0.408 0.416 0.374 0.371 0.398 0.422 0.422 0.364
0.429 0.43 0.403 0.415 0.429 0.409 0.409 0.387
0.431 0.453 0.404 0.409 0.433 0.409 0.409 0.369
0.435 0.443 0.399 0.398 0.434 0.428 0.426 0.398
0.429 0.449 0.393 0.387 0.425 0.407 0.398 0.395
0.392 0.394 0.365 0.37 0.385 0.415 0.415 0.376
0.426 0.44 0.407 0.413 0.426 0.408 0.399 0.374
0.425 0.439 0.405 0.394 0.433 0.428 0.431 0.372
0.448 0.429 0.41 0.413 0.435 0.389 0.389 0.358
0.453 0.469 0.416 0.425 0.461 0.432 0.44 0.417
0.404 0.445 0.387 0.375 0.405 0.386 0.386 0.361
0.44 0.447 0.418 0.394 0.427 0.416 0.416 0.394
0.427 0.459 0.405 0.408 0.436 0.417 0.417 0.403
0.429 0.444 0.414 0.409 0.429 0.429 0.421 0.371
0.438 0.441 0.417 0.411 0.437 0.437 0.437 0.407
0.431 0.426 0.394 0.395 0.425 0.382 0.383 0.342
0.458 0.463 0.426 0.433 0.463 0.419 0.41 0.371
0.405 0.421 0.394 0.381 0.41 0.404 0.404 0.347
0.406 0.405 0.368 0.385 0.411 0.377 0.384 0.35
0.469 0.5 0.432 0.438 0.468 0.381 0.381 0.361
0.448 0.46 0.423 0.421 0.458 0.425 0.425 0.384
