0.467 0.477 0.429 0.425 0.469 0.403 0.401 0.406
0.422 0.44 0.406 0.409 0.422 0.424 0.414 0.406
0.464 0.488 0.416 0.43 0.471 0.415 0.415 0.45
0.476 0.502 0.424 0.449 0.475 0.4 0.398 0.434
0.43 0.445 0.413 0.417 0.43 0.453 0.439 0.393
0.448 0.453 0.42 0.415 0.454 0.428 0.43 0.413
0.477 0.491 0.446 0.451 0.486 0.392 0.395 0.426
0.456 0.456 0.424 0.421 0.455 0.424 0.423 0.39
0.443 0.431 0.458 0.448 0.438 0.41 0.412 0.386
0.492 0.459 0.455 0.429 0.484 0.456 0.457 0.457
0.459 0.459 0.419 0.42 0.459 0.427 0.42 0.431
0.454 0.435 0.445 0.449 0.454 0.39 0.39 0.38
0.453 0.456 0.439 0.42 0.454 0.436 0.436 0.449
0.438 0.445 0.4 0.375 0.437 0.438 0.434 0.408
0.488 0.496 0.475 0.457 0.496 0.443 0.441 0.458
0.462 0.473 0.418 0.396 0.462 0.443 0.434 0.409
0.5 0.485 0.469 0.486 0.496 0.455 0.455 0.439
0.46 0.456 0.428 0.417 0.46 0.421 0.421 0.443
0.439 0.45 0.405 0.392 0.445 0.414 0.414 0.397
0.456 0.45 0.456 0.443 0.457 0.451 0.443 0.41
0.446 0.441 0.417 0.431 0.45 0.415 0.415 0.407
0.475 0.514 0.44 0.453 0.478 0.424 0.423 0.403
0.412 0.411 0.405 0.41 0.413 0.403 0.403 0.393
0.455 0.475 0.397 0.408 0.449 0.451 0.448 0.444
0.44 0.462 0.444 0.44 0.451 0.443 0.433 0.423
0.488 0.489 0.458 0.455 0.477 0.485 0.483 0.465
0.421 0.421 0.401 0.424 0.418 0.431 0.431 0.355
0.422 0.439 0.4 0.401 0.424 0.431 0.428 0.381
0.443 0.452 0.42 0.413 0.438 0.451 0.451 0.432
0.455 0.459 0.416 0.405 0.46 0.411 0.411 0.391
0.433 0.445 0.391 0.388 0.435 0.404 0.387 0.399
0.525 0.517 0.473 0.47 0.515 0.438 0.434 0.465
0.477 0.501 0.444 0.436 0.475 0.45 0.45 0.443
0.438 0.441 0.426 0.428 0.434 0.412 0.398 0.387
0.425 0.435 0.423 0.415 0.425 0.417 0.417 0.432
0.439 0.438 0.421 0.411 0.442 0.402 0.402 0.404
0.436 0.465 0.433 0.414 0.45 0.436 0.436 0.411
0.436 0.434 0.408 0.4 0.438 0.414 0.409 0.409
0.497 0.517 0.491 0.492 0.498 0.46 0.459 0.461
0.444 0.435 0.459 0.46 0.448 0.454 0.454 0.44
0.439 0.455 0.399 0.412 0.435 0.456 0.465 0.443
0.452 0.443 0.419 0.414 0.449 0.422 0.422 0.415
0.445 0.443 0.427 0.421 0.445 0.441 0.43 0.413
0.457 0.472 0.43 0.444 0.456 0.445 0.447 0.419
0.46 0.479 0.424 0.432 0.46 0.458 0.453 0.395
0.497 0.536 0.457 0.452 0.486 0.452 0.455 0.397
0.489 0.507 0.46 0.468 0.486 0.383 0.383 0.416
0.442 0.444 0.429 0.431 0.446 0.409 0.409 0.396
0.441 0.459 0.413 0.425 0.443 0.443 0.443 0.395
0.463 0.457 0.433 0.441 0.462 0.426 0.426 0.409
0.432 0.447 0.437 0.429 0.434 0.414 0.414 0.4
0.486 0.48 0.438 0.437 0.481 0.405 0.405 0.427
0.49 0.487 0.457 0.469 0.489 0.471 0.469 0.469
0.432 0.435 0.433 0.441 0.434 0.431 0.427 0.398
0.466 0.484 0.448 0.469 0.466 0.45 0.45 0.416
0.47 0.49 0.421 0.436 0.467 0.435 0.435 0.409
0.463 0.474 0.446 0.447 0.47 0.442 0.444 0.412
0.446 0.432 0.42 0.434 0.446 0.451 0.451 0.396
0.439 0.451 0.43 0.428 0.438 0.393 0.393 0.391
0.454 0.472 0.427 0.413 0.454 0.417 0.415 0.409
0.474 0.472 0.432 0.435 0.474 0.456 0.456 0.456
0.44 0.447 0.435 0.429 0.445 0.397 0.396 0.407
0.479 0.485 0.443 0.451 0.481 0.465 0.462 0.46
0.442 0.464 0.415 0.421 0.451 0.429 0.429 0.424
0.484 0.483 0.448 0.454 0.483 0.441 0.441 0.451
0.502 0.508 0.479 0.472 0.497 0.471 0.474 0.466
0.424 0.429 0.4 0.415 0.424 0.43 0.431 0.396
0.461 0.484 0.415 0.427 0.462 0.406 0.401 0.364
0.505 0.503 0.474 0.483 0.504 0.459 0.459 0.457
0.421 0.432 0.422 0.41 0.423 0.408 0.408 0.396
0.437 0.455 0.393 0.422 0.445 0.398 0.397 0.405
0.487 0.473 0.457 0.482 0.486 0.451 0.451 0.44
0.444 0.443 0.404 0.404 0.437 0.446 0.437 0.402
0.481 0.476 0.446 0.431 0.479 0.45 0.445 0.457
0.438 0.458 0.409 0.401 0.439 0.433 0.43 0.395
0.448 0.446 0.399 0.401 0.445 0.415 0.415 0.403
0.472 0.473 0.44 0.439 0.472 0.46 0.453 0.432
0.459 0.488 0.453 0.447 0.474 0.466 0.47 0.428
0.457 0.475 0.435 0.42 0.457 0.453 0.452 0.429
0.424 0.415 0.383 0.398 0.427 0.407 0.397 0.379
0.432 0.423 0.408 0.431 0.438 0.4 0.4 0.408
0.444 0.473 0.412 0.436 0.451 0.426 0.426 0.41
0.429 0.441 0.411 0.426 0.436 0.453 0.456 0.418
0.448 0.452 0.45 0.428 0.446 0.415 0.416 0.401
0.437 0.45 0.401 0.409 0.423 0.443 0.43 0.4
0.383 0.406 0.359 0.363 0.383 0.38 0.38 0.381
0.475 0.485 0.443 0.44 0.477 0.445 0.445 0.377
0.466 0.474 0.46 0.46 0.467 0.457 0.454 0.429
0.46 0.446 0.435 0.442 0.451 0.459 0.459 0.457
0.447 0.473 0.448 0.42 0.449 0.408 0.408 0.434
0.509 0.5 0.457 0.462 0.5 0.428 0.428 0.4
0.462 0.461 0.434 0.429 0.461 0.422 0.41 0.398
0.507 0.496 0.478 0.476 0.507 0.458 0.457 0.457
0.448 0.454 0.408 0.403 0.448 0.425 0.425 0.4
0.427 0.435 0.415 0.395 0.432 0.415 0.409 0.394
0.471 0.479 0.444 0.451 0.471 0.441 0.43 0.446
0.441 0.448 0.402 0.423 0.434 0.435 0.427 0.422
0.432 0.433 0.412 0.444 0.432 0.423 0.425 0.39
0.464 0.492 0.431 0.43 0.464 0.435 0.435 0.407
0.446 0.456 0.413 0.401 0.446 0.413 0.413 0.426
