0.59 0.59 0.519 0.499 0.59 0.445 0.444 0.42
0.589 0.588 0.513 0.501 0.589 0.468 0.465 0.434
0.589 0.589 0.534 0.487 0.589 0.466 0.461 0.438
0.594 0.593 0.511 0.518 0.594 0.502 0.496 0.457
0.582 0.582 0.475 0.525 0.582 0.447 0.441 0.455
0.585 0.586 0.548 0.484 0.585 0.452 0.452 0.437
0.598 0.599 0.504 0.512 0.599 0.487 0.49 0.487
0.589 0.589 0.515 0.504 0.589 0.454 0.46 0.451
0.613 0.613 0.523 0.472 0.613 0.483 0.478 0.444
0.58 0.581 0.528 0.502 0.58 0.449 0.432 0.455
0.613 0.613 0.511 0.501 0.613 0.445 0.459 0.437
0.594 0.594 0.496 0.485 0.594 0.439 0.445 0.432
0.589 0.588 0.485 0.497 0.59 0.438 0.438 0.42
0.608 0.608 0.488 0.504 0.608 0.443 0.441 0.418
0.633 0.632 0.497 0.503 0.633 0.415 0.411 0.395
0.578 0.578 0.495 0.506 0.578 0.464 0.46 0.461
0.584 0.584 0.487 0.491 0.584 0.426 0.428 0.44
0.57 0.571 0.505 0.514 0.569 0.48 0.473 0.451
0.578 0.578 0.508 0.527 0.578 0.434 0.434 0.456
0.594 0.594 0.5 0.503 0.594 0.462 0.454 0.443
0.61 0.611 0.47 0.515 0.612 0.498 0.481 0.454
0.601 0.6 0.485 0.5 0.601 0.475 0.466 0.411
0.604 0.604 0.492 0.481 0.604 0.46 0.461 0.475
0.578 0.578 0.5 0.482 0.578 0.46 0.45 0.469
0.593 0.593 0.496 0.479 0.593 0.445 0.449 0.421
0.596 0.596 0.472 0.489 0.597 0.427 0.426 0.424
0.617 0.616 0.514 0.512 0.617 0.446 0.446 0.423
0.603 0.6 0.5 0.507 0.603 0.465 0.461 0.441
0.581 0.582 0.503 0.499 0.589 0.461 0.461 0.47
0.603 0.603 0.507 0.495 0.603 0.443 0.445 0.418
0.597 0.597 0.485 0.505 0.594 0.457 0.457 0.454
0.573 0.572 0.485 0.483 0.573 0.468 0.47 0.461
0.577 0.578 0.498 0.49 0.577 0.456 0.447 0.456
0.593 0.593 0.525 0.513 0.595 0.444 0.453 0.43
0.572 0.572 0.487 0.5 0.572 0.469 0.471 0.441
0.615 0.616 0.518 0.474 0.616 0.467 0.464 0.432
0.59 0.59 0.503 0.488 0.59 0.441 0.443 0.441
0.595 0.595 0.488 0.472 0.595 0.472 0.472 0.481
0.577 0.58 0.508 0.504 0.577 0.453 0.445 0.439
0.587 0.586 0.516 0.508 0.587 0.484 0.472 0.458
0.598 0.598 0.464 0.488 0.599 0.418 0.417 0.405
0.618 0.618 0.518 0.503 0.618 0.47 0.469 0.446
0.59 0.591 0.487 0.48 0.589 0.434 0.425 0.418
0.582 0.582 0.492 0.491 0.582 0.436 0.434 0.443
0.598 0.598 0.48 0.515 0.598 0.452 0.452 0.432
0.611 0.611 0.496 0.503 0.611 0.419 0.419 0.391
0.601 0.6 0.471 0.51 0.598 0.463 0.463 0.47
0.614 0.614 0.488 0.495 0.615 0.437 0.433 0.431
0.594 0.594 0.496 0.511 0.594 0.438 0.438 0.423
0.582 0.582 0.508 0.517 0.582 0.489 0.489 0.458
0.616 0.617 0.5 0.522 0.616 0.431 0.429 0.402
0.598 0.598 0.487 0.518 0.598 0.447 0.435 0.423
0.569 0.568 0.494 0.49 0.569 0.462 0.465 0.448
0.604 0.604 0.481 0.505 0.604 0.415 0.416 0.414
0.56 0.56 0.51 0.495 0.56 0.459 0.443 0.45
0.567 0.567 0.494 0.516 0.567 0.48 0.487 0.46
0.595 0.596 0.482 0.501 0.595 0.461 0.457 0.421
0.596 0.597 0.492 0.509 0.597 0.44 0.442 0.423
0.598 0.598 0.503 0.521 0.598 0.446 0.434 0.422
0.605 0.605 0.512 0.483 0.605 0.433 0.424 0.423
0.582 0.582 0.549 0.521 0.582 0.469 0.449 0.452
0.586 0.587 0.504 0.505 0.586 0.472 0.464 0.434
0.578 0.578 0.487 0.507 0.578 0.47 0.468 0.465
0.601 0.601 0.495 0.512 0.601 0.482 0.495 0.469
0.585 0.585 0.492 0.498 0.586 0.444 0.439 0.442
0.565 0.565 0.532 0.514 0.565 0.471 0.47 0.477
0.58 0.58 0.491 0.469 0.58 0.461 0.465 0.467
0.615 0.615 0.487 0.505 0.615 0.43 0.428 0.444
0.589 0.589 0.507 0.523 0.589 0.47 0.476 0.454
0.598 0.596 0.492 0.495 0.596 0.464 0.461 0.455
0.589 0.589 0.478 0.507 0.589 0.463 0.462 0.429
0.601 0.601 0.497 0.496 0.602 0.432 0.427 0.408
0.548 0.551 0.463 0.486 0.548 0.47 0.478 0.466
0.587 0.587 0.515 0.511 0.588 0.455 0.448 0.457
0.609 0.608 0.474 0.512 0.608 0.459 0.455 0.436
0.622 0.623 0.488 0.5 0.622 0.465 0.458 0.438
0.592 0.592 0.472 0.526 0.592 0.451 0.445 0.413
0.628 0.628 0.473 0.529 0.628 0.477 0.465 0.425
0.573 0.573 0.493 0.483 0.573 0.461 0.452 0.437
0.597 0.598 0.503 0.513 0.597 0.461 0.449 0.454
0.623 0.623 0.474 0.494 0.623 0.476 0.49 0.489
0.591 0.591 0.514 0.51 0.591 0.444 0.447 0.449
0.587 0.59 0.491 0.495 0.587 0.459 0.455 0.431
0.591 0.593 0.496 0.497 0.589 0.45 0.45 0.431
0.555 0.555 0.528 0.472 0.558 0.494 0.49 0.473
0.581 0.581 0.513 0.517 0.583 0.463 0.468 0.448
0.611 0.611 0.522 0.505 0.611 0.446 0.436 0.41
0.594 0.594 0.527 0.49 0.594 0.471 0.471 0.47
0.628 0.629 0.487 0.498 0.628 0.464 0.453 0.425
0.58 0.58 0.489 0.484 0.583 0.47 0.471 0.449
0.583 0.583 0.49 0.482 0.583 0.453 0.439 0.429
0.592 0.592 0.496 0.517 0.592 0.466 0.458 0.43
0.593 0.593 0.491 0.495 0.593 0.464 0.467 0.476
0.586 0.587 0.474 0.482 0.586 0.43 0.428 0.457
0.602 0.602 0.501 0.523 0.602 0.452 0.456 0.415
0.589 0.588 0.533 0.511 0.589 0.456 0.446 0.436
0.577 0.577 0.461 0.482 0.577 0.468 0.462 0.462
0.587 0.587 0.5 0.528 0.591 0.425 0.424 0.421
0.618 0.618 0.5 0.493 0.619 0.466 0.461 0.457
0.611 0.611 0.492 0.484 0.61 0.45 0.445 0.413
