0.585 0.585 0.499 0.475 0.585 0.442 0.433 0.48
0.579 0.568 0.489 0.486 0.565 0.452 0.453 0.455
0.562 0.559 0.509 0.494 0.562 0.481 0.469 0.47
0.575 0.575 0.474 0.473 0.575 0.468 0.471 0.45
0.587 0.589 0.495 0.5 0.592 0.454 0.454 0.494
0.576 0.583 0.527 0.472 0.571 0.459 0.459 0.487
0.572 0.571 0.462 0.497 0.572 0.472 0.471 0.501
0.584 0.589 0.506 0.521 0.586 0.468 0.469 0.491
0.553 0.544 0.488 0.481 0.552 0.474 0.476 0.488
0.572 0.567 0.499 0.483 0.571 0.463 0.461 0.469
0.582 0.573 0.484 0.499 0.575 0.486 0.486 0.474
0.589 0.591 0.501 0.492 0.589 0.486 0.48 0.5
0.601 0.585 0.502 0.511 0.584 0.468 0.472 0.533
0.566 0.568 0.524 0.505 0.566 0.461 0.46 0.45
0.57 0.569 0.503 0.475 0.57 0.485 0.484 0.474
0.539 0.548 0.488 0.495 0.543 0.482 0.482 0.491
0.554 0.56 0.492 0.475 0.56 0.482 0.482 0.507
0.562 0.559 0.517 0.52 0.556 0.488 0.487 0.487
0.594 0.588 0.504 0.526 0.586 0.482 0.484 0.501
0.562 0.561 0.515 0.493 0.563 0.492 0.507 0.496
0.563 0.573 0.476 0.467 0.57 0.457 0.452 0.448
0.594 0.587 0.519 0.507 0.594 0.49 0.491 0.559
0.565 0.558 0.491 0.483 0.565 0.438 0.436 0.449
0.595 0.607 0.482 0.487 0.6 0.438 0.436 0.448
0.558 0.549 0.476 0.502 0.55 0.465 0.456 0.508
0.585 0.576 0.471 0.543 0.584 0.445 0.446 0.49
0.595 0.6 0.507 0.512 0.618 0.443 0.448 0.493
0.559 0.565 0.497 0.459 0.555 0.437 0.439 0.468
0.586 0.574 0.533 0.488 0.582 0.453 0.446 0.438
0.574 0.577 0.489 0.5 0.57 0.437 0.437 0.422
0.58 0.584 0.494 0.501 0.578 0.458 0.457 0.437
0.578 0.573 0.506 0.485 0.578 0.471 0.471 0.509
0.527 0.526 0.488 0.455 0.527 0.501 0.5 0.508
0.563 0.567 0.478 0.479 0.563 0.49 0.488 0.469
0.613 0.61 0.497 0.489 0.613 0.443 0.446 0.509
0.581 0.58 0.488 0.481 0.575 0.447 0.446 0.477
0.586 0.596 0.476 0.495 0.586 0.461 0.461 0.496
0.575 0.57 0.483 0.476 0.575 0.489 0.484 0.546
0.577 0.558 0.495 0.508 0.568 0.45 0.451 0.488
0.587 0.579 0.492 0.498 0.586 0.473 0.466 0.473
0.573 0.55 0.496 0.497 0.555 0.463 0.471 0.51
0.579 0.57 0.495 0.503 0.575 0.466 0.461 0.5
0.566 0.569 0.47 0.491 0.558 0.483 0.483 0.526
0.596 0.594 0.457 0.472 0.592 0.433 0.446 0.436
0.562 0.571 0.469 0.46 0.562 0.464 0.464 0.449
0.577 0.581 0.489 0.472 0.573 0.455 0.457 0.491
0.6 0.599 0.513 0.517 0.603 0.442 0.443 0.464
0.554 0.566 0.527 0.478 0.557 0.484 0.464 0.477
0.584 0.59 0.499 0.478 0.586 0.493 0.494 0.51
0.55 0.56 0.512 0.505 0.552 0.493 0.492 0.471
0.579 0.583 0.466 0.494 0.585 0.479 0.473 0.486
0.536 0.54 0.479 0.504 0.541 0.455 0.458 0.456
0.575 0.576 0.498 0.52 0.582 0.46 0.465 0.47
0.573 0.583 0.468 0.498 0.58 0.471 0.468 0.477
0.594 0.592 0.5 0.489 0.593 0.49 0.49 0.535
0.562 0.55 0.504 0.504 0.569 0.472 0.467 0.494
0.586 0.588 0.504 0.54 0.594 0.455 0.456 0.481
0.574 0.561 0.471 0.5 0.572 0.474 0.477 0.504
0.583 0.587 0.486 0.474 0.585 0.46 0.455 0.485
0.582 0.586 0.503 0.502 0.575 0.47 0.466 0.436
0.555 0.566 0.506 0.488 0.556 0.492 0.492 0.538
0.595 0.583 0.491 0.513 0.595 0.46 0.459 0.46
0.568 0.568 0.502 0.437 0.565 0.496 0.494 0.511
0.545 0.546 0.483 0.487 0.545 0.495 0.497 0.525
0.58 0.579 0.51 0.517 0.578 0.502 0.502 0.504
0.573 0.57 0.507 0.492 0.563 0.474 0.486 0.491
0.541 0.54 0.485 0.498 0.541 0.485 0.484 0.531
0.561 0.572 0.519 0.495 0.571 0.459 0.451 0.458
0.564 0.576 0.476 0.494 0.564 0.456 0.456 0.502
0.566 0.571 0.484 0.473 0.565 0.475 0.475 0.507
0.596 0.595 0.491 0.508 0.599 0.488 0.489 0.517
0.583 0.582 0.487 0.497 0.583 0.471 0.471 0.513
0.587 0.587 0.489 0.506 0.586 0.459 0.459 0.466
0.576 0.582 0.496 0.483 0.574 0.489 0.487 0.523
0.557 0.556 0.472 0.498 0.56 0.464 0.464 0.499
0.562 0.574 0.473 0.475 0.57 0.47 0.474 0.5
0.551 0.55 0.506 0.49 0.551 0.482 0.478 0.508
0.574 0.573 0.482 0.508 0.573 0.495 0.494 0.501
0.544 0.559 0.492 0.473 0.548 0.475 0.466 0.496
0.554 0.548 0.484 0.5 0.554 0.51 0.51 0.544
0.549 0.551 0.483 0.485 0.551 0.512 0.507 0.546
0.562 0.575 0.493 0.489 0.571 0.5 0.5 0.516
0.567 0.562 0.469 0.511 0.564 0.446 0.454 0.478
0.566 0.569 0.49 0.5 0.568 0.477 0.473 0.492
0.556 0.552 0.505 0.513 0.557 0.509 0.505 0.523
0.551 0.552 0.49 0.492 0.55 0.481 0.481 0.513
0.583 0.565 0.508 0.513 0.568 0.488 0.487 0.466
0.569 0.576 0.489 0.465 0.577 0.476 0.477 0.469
0.578 0.571 0.507 0.498 0.571 0.491 0.484 0.49
0.573 0.576 0.495 0.49 0.58 0.484 0.49 0.507
0.586 0.587 0.487 0.481 0.586 0.447 0.447 0.509
0.564 0.567 0.489 0.455 0.566 0.48 0.481 0.517
0.573 0.58 0.508 0.506 0.585 0.471 0.477 0.535
0.561 0.555 0.479 0.479 0.563 0.488 0.488 0.495
0.548 0.549 0.456 0.473 0.547 0.479 0.471 0.46
0.577 0.594 0.491 0.506 0.592 0.487 0.483 0.486
0.554 0.56 0.477 0.488 0.554 0.468 0.486 0.501
0.58 0.582 0.488 0.505 0.587 0.447 0.45 0.475
0.572 0.575 0.514 0.516 0.567 0.475 0.474 0.5
0.545 0.547 0.487 0.468 0.545 0.479 0.474 0.474
