0.591 0.591 0.501 0.493 0.591 0.439 0.442 0.577
0.588 0.588 0.508 0.504 0.588 0.493 0.493 0.579
0.589 0.589 0.504 0.518 0.589 0.472 0.476 0.575
0.593 0.593 0.486 0.506 0.593 0.443 0.444 0.594
0.582 0.582 0.496 0.517 0.582 0.45 0.447 0.576
0.586 0.586 0.502 0.485 0.586 0.472 0.472 0.577
0.601 0.601 0.512 0.493 0.601 0.499 0.498 0.598
0.589 0.589 0.525 0.48 0.589 0.473 0.481 0.587
0.61 0.61 0.502 0.489 0.61 0.483 0.477 0.609
0.581 0.581 0.487 0.504 0.581 0.521 0.52 0.591
0.612 0.612 0.458 0.477 0.612 0.426 0.427 0.59
0.595 0.595 0.505 0.497 0.595 0.571 0.568 0.595
0.588 0.588 0.514 0.47 0.588 0.454 0.453 0.556
0.608 0.608 0.504 0.488 0.608 0.444 0.442 0.563
0.632 0.632 0.513 0.468 0.632 0.448 0.449 0.588
0.578 0.578 0.499 0.53 0.578 0.486 0.478 0.578
0.584 0.584 0.511 0.505 0.584 0.517 0.504 0.589
0.573 0.573 0.495 0.515 0.573 0.467 0.467 0.557
0.578 0.578 0.493 0.485 0.578 0.49 0.495 0.593
0.593 0.593 0.491 0.509 0.593 0.516 0.516 0.596
0.61 0.61 0.517 0.488 0.61 0.48 0.48 0.637
0.6 0.6 0.514 0.498 0.6 0.529 0.53 0.609
0.605 0.605 0.489 0.509 0.605 0.449 0.453 0.576
0.578 0.578 0.505 0.495 0.578 0.471 0.466 0.565
0.592 0.592 0.497 0.513 0.592 0.499 0.487 0.576
0.597 0.597 0.49 0.502 0.597 0.48 0.48 0.597
0.616 0.616 0.509 0.531 0.616 0.425 0.419 0.566
0.601 0.601 0.489 0.5 0.601 0.445 0.443 0.525
0.583 0.583 0.492 0.506 0.583 0.457 0.457 0.585
0.603 0.603 0.496 0.508 0.603 0.397 0.398 0.603
0.597 0.597 0.496 0.487 0.597 0.469 0.47 0.598
0.572 0.572 0.479 0.511 0.572 0.524 0.524 0.579
0.577 0.577 0.504 0.485 0.577 0.493 0.493 0.569
0.592 0.592 0.491 0.513 0.592 0.535 0.535 0.588
0.571 0.571 0.497 0.502 0.571 0.516 0.507 0.598
0.616 0.616 0.52 0.511 0.616 0.44 0.447 0.587
0.59 0.59 0.515 0.505 0.59 0.475 0.475 0.612
0.595 0.595 0.506 0.493 0.595 0.49 0.484 0.582
0.577 0.577 0.494 0.511 0.577 0.484 0.483 0.58
0.586 0.586 0.507 0.513 0.586 0.513 0.511 0.585
0.596 0.597 0.499 0.482 0.597 0.453 0.456 0.573
0.619 0.619 0.503 0.509 0.619 0.482 0.478 0.61
0.591 0.591 0.489 0.504 0.591 0.491 0.495 0.598
0.58 0.58 0.522 0.48 0.58 0.492 0.493 0.583
0.596 0.596 0.515 0.497 0.596 0.463 0.456 0.582
0.611 0.611 0.511 0.479 0.611 0.501 0.501 0.612
0.6 0.6 0.493 0.512 0.6 0.436 0.435 0.601
0.612 0.612 0.48 0.488 0.612 0.481 0.481 0.622
0.594 0.594 0.509 0.491 0.594 0.469 0.477 0.599
0.58 0.58 0.483 0.501 0.58 0.457 0.459 0.543
0.616 0.616 0.469 0.474 0.616 0.508 0.507 0.618
0.597 0.597 0.479 0.506 0.597 0.484 0.476 0.58
0.565 0.565 0.51 0.519 0.565 0.479 0.48 0.564
0.604 0.604 0.495 0.551 0.604 0.414 0.412 0.538
0.558 0.558 0.515 0.456 0.558 0.475 0.475 0.551
0.567 0.567 0.52 0.51 0.567 0.469 0.469 0.583
0.596 0.596 0.502 0.495 0.596 0.471 0.47 0.588
0.595 0.595 0.507 0.474 0.595 0.449 0.45 0.593
0.598 0.598 0.466 0.504 0.598 0.434 0.43 0.542
0.605 0.605 0.527 0.504 0.605 0.449 0.448 0.534
0.577 0.577 0.515 0.517 0.577 0.457 0.457 0.582
0.584 0.584 0.508 0.506 0.584 0.472 0.472 0.583
0.576 0.576 0.517 0.474 0.576 0.502 0.497 0.577
0.6 0.6 0.469 0.462 0.6 0.515 0.515 0.604
0.585 0.585 0.492 0.497 0.585 0.455 0.45 0.599
0.565 0.565 0.507 0.467 0.565 0.454 0.455 0.564
0.582 0.582 0.485 0.493 0.582 0.496 0.496 0.588
0.613 0.613 0.477 0.516 0.613 0.495 0.495 0.606
0.588 0.588 0.514 0.479 0.588 0.495 0.499 0.593
0.595 0.595 0.485 0.485 0.595 0.516 0.516 0.611
0.588 0.588 0.483 0.496 0.588 0.468 0.47 0.584
0.602 0.602 0.499 0.476 0.602 0.454 0.454 0.579
0.548 0.548 0.504 0.491 0.548 0.473 0.476 0.546
0.587 0.587 0.493 0.515 0.587 0.491 0.491 0.578
0.608 0.608 0.518 0.487 0.608 0.479 0.479 0.612
0.622 0.622 0.52 0.472 0.622 0.452 0.452 0.597
0.593 0.593 0.504 0.534 0.593 0.485 0.485 0.579
0.627 0.627 0.519 0.518 0.627 0.477 0.474 0.632
0.571 0.571 0.515 0.493 0.571 0.454 0.454 0.584
0.598 0.598 0.507 0.512 0.598 0.486 0.488 0.602
0.622 0.622 0.482 0.479 0.622 0.498 0.496 0.602
0.59 0.59 0.485 0.488 0.59 0.469 0.469 0.595
0.586 0.586 0.513 0.463 0.586 0.477 0.477 0.577
0.593 0.593 0.531 0.503 0.593 0.468 0.464 0.582
0.555 0.555 0.502 0.466 0.555 0.482 0.478 0.561
0.583 0.583 0.508 0.525 0.583 0.472 0.473 0.583
0.611 0.611 0.481 0.502 0.611 0.442 0.443 0.572
0.591 0.591 0.525 0.514 0.591 0.498 0.495 0.594
0.629 0.629 0.508 0.492 0.629 0.457 0.457 0.618
0.579 0.579 0.521 0.507 0.579 0.494 0.492 0.577
0.583 0.583 0.505 0.512 0.583 0.449 0.448 0.525
0.593 0.593 0.495 0.47 0.593 0.479 0.478 0.59
0.592 0.592 0.495 0.477 0.592 0.483 0.473 0.602
0.588 0.588 0.497 0.487 0.588 0.482 0.476 0.577
0.602 0.602 0.496 0.512 0.602 0.503 0.503 0.595
0.588 0.588 0.494 0.473 0.588 0.49 0.487 0.596
0.577 0.577 0.531 0.474 0.577 0.441 0.44 0.549
0.587 0.587 0.513 0.506 0.587 0.487 0.488 0.589
0.618 0.618 0.503 0.506 0.618 0.45 0.45 0.6
0.61 0.61 0.51 0.498 0.61 0.459 0.447 0.587
