0.591 0.591 0.508 0.499 0.591 0.482 0.485 0.558
0.588 0.588 0.485 0.484 0.588 0.47 0.47 0.572
0.589 0.589 0.49 0.512 0.589 0.448 0.45 0.501
0.593 0.593 0.488 0.496 0.593 0.45 0.447 0.512
0.582 0.582 0.512 0.5 0.582 0.476 0.475 0.544
0.586 0.586 0.492 0.504 0.586 0.488 0.482 0.578
0.601 0.601 0.507 0.505 0.601 0.48 0.479 0.546
0.589 0.589 0.469 0.496 0.589 0.453 0.455 0.549
0.61 0.61 0.485 0.471 0.61 0.482 0.482 0.577
0.581 0.581 0.515 0.508 0.581 0.461 0.466 0.52
0.612 0.612 0.523 0.505 0.612 0.472 0.471 0.56
0.594 0.594 0.5 0.48 0.594 0.479 0.479 0.585
0.588 0.588 0.498 0.486 0.588 0.456 0.454 0.499
0.608 0.608 0.533 0.471 0.608 0.458 0.457 0.543
0.632 0.632 0.464 0.504 0.632 0.465 0.464 0.536
0.579 0.579 0.455 0.492 0.579 0.473 0.465 0.531
0.584 0.584 0.491 0.499 0.584 0.47 0.472 0.538
0.573 0.573 0.49 0.483 0.573 0.477 0.467 0.494
0.578 0.578 0.47 0.491 0.578 0.448 0.446 0.47
0.593 0.593 0.501 0.489 0.593 0.458 0.455 0.473
0.611 0.611 0.493 0.492 0.611 0.464 0.455 0.583
0.6 0.6 0.503 0.503 0.6 0.476 0.472 0.535
0.605 0.605 0.496 0.492 0.605 0.44 0.437 0.513
0.578 0.578 0.523 0.483 0.578 0.458 0.457 0.542
0.592 0.592 0.512 0.486 0.592 0.469 0.465 0.519
0.597 0.597 0.498 0.495 0.597 0.446 0.444 0.487
0.618 0.618 0.494 0.479 0.618 0.454 0.447 0.538
0.601 0.601 0.496 0.494 0.601 0.454 0.458 0.512
0.583 0.583 0.507 0.482 0.583 0.455 0.452 0.47
0.603 0.603 0.487 0.526 0.603 0.459 0.46 0.489
0.596 0.597 0.475 0.509 0.596 0.473 0.474 0.566
0.572 0.572 0.52 0.5 0.572 0.481 0.475 0.537
0.577 0.577 0.481 0.495 0.577 0.507 0.505 0.578
0.593 0.593 0.498 0.535 0.593 0.438 0.442 0.497
0.571 0.571 0.507 0.477 0.571 0.434 0.436 0.518
0.617 0.617 0.486 0.502 0.617 0.477 0.477 0.611
0.59 0.59 0.512 0.513 0.59 0.475 0.471 0.564
0.595 0.595 0.483 0.509 0.595 0.503 0.498 0.584
0.577 0.577 0.515 0.49 0.577 0.484 0.484 0.547
0.586 0.586 0.493 0.486 0.586 0.488 0.479 0.555
0.598 0.598 0.484 0.508 0.598 0.456 0.454 0.534
0.619 0.619 0.519 0.476 0.619 0.456 0.456 0.554
0.591 0.591 0.491 0.495 0.591 0.484 0.484 0.574
0.58 0.58 0.504 0.49 0.58 0.476 0.472 0.535
0.597 0.597 0.508 0.514 0.597 0.444 0.446 0.504
0.611 0.611 0.501 0.52 0.611 0.481 0.48 0.55
0.6 0.6 0.528 0.498 0.6 0.485 0.48 0.565
0.613 0.612 0.496 0.533 0.613 0.47 0.472 0.567
0.596 0.595 0.528 0.507 0.596 0.472 0.473 0.57
0.58 0.58 0.514 0.536 0.58 0.465 0.453 0.555
0.616 0.616 0.515 0.52 0.616 0.469 0.47 0.551
0.597 0.597 0.516 0.507 0.597 0.47 0.47 0.556
0.566 0.566 0.486 0.521 0.566 0.457 0.457 0.531
0.604 0.604 0.51 0.493 0.604 0.425 0.421 0.443
0.558 0.558 0.512 0.506 0.558 0.475 0.473 0.541
0.568 0.568 0.505 0.51 0.568 0.485 0.482 0.546
0.597 0.596 0.5 0.473 0.597 0.455 0.454 0.537
0.595 0.595 0.493 0.491 0.595 0.452 0.451 0.538
0.596 0.597 0.501 0.498 0.596 0.49 0.509 0.576
0.606 0.606 0.515 0.522 0.606 0.464 0.466 0.53
0.576 0.576 0.492 0.523 0.576 0.502 0.504 0.576
0.585 0.585 0.49 0.537 0.585 0.492 0.499 0.577
0.577 0.577 0.505 0.489 0.577 0.475 0.473 0.547
0.6 0.6 0.497 0.488 0.6 0.465 0.464 0.521
0.585 0.585 0.492 0.511 0.585 0.459 0.461 0.497
0.565 0.565 0.491 0.511 0.565 0.491 0.498 0.556
0.581 0.581 0.492 0.513 0.581 0.523 0.523 0.578
0.614 0.614 0.507 0.477 0.614 0.46 0.473 0.591
0.588 0.588 0.502 0.515 0.588 0.476 0.479 0.513
0.597 0.597 0.495 0.5 0.598 0.471 0.472 0.586
0.588 0.588 0.499 0.486 0.588 0.47 0.459 0.529
0.602 0.602 0.51 0.513 0.602 0.469 0.468 0.543
0.548 0.548 0.491 0.498 0.548 0.482 0.486 0.533
0.586 0.586 0.482 0.487 0.586 0.47 0.471 0.56
0.608 0.608 0.514 0.492 0.608 0.43 0.432 0.505
0.622 0.622 0.502 0.507 0.622 0.535 0.532 0.615
0.594 0.594 0.512 0.518 0.594 0.519 0.521 0.57
0.627 0.627 0.499 0.484 0.627 0.478 0.483 0.537
0.572 0.572 0.515 0.485 0.572 0.552 0.552 0.574
0.598 0.598 0.444 0.449 0.598 0.47 0.458 0.592
0.622 0.622 0.473 0.456 0.621 0.48 0.485 0.551
0.59 0.59 0.527 0.5 0.59 0.479 0.479 0.562
0.586 0.586 0.51 0.489 0.586 0.462 0.463 0.513
0.593 0.593 0.524 0.514 0.593 0.491 0.499 0.584
0.556 0.556 0.503 0.511 0.556 0.491 0.497 0.543
0.583 0.582 0.482 0.478 0.583 0.462 0.455 0.54
0.611 0.611 0.504 0.508 0.611 0.482 0.488 0.564
0.591 0.591 0.489 0.525 0.591 0.438 0.44 0.541
0.629 0.629 0.515 0.489 0.629 0.435 0.429 0.514
0.579 0.579 0.497 0.52 0.579 0.467 0.467 0.548
0.582 0.583 0.514 0.502 0.582 0.463 0.464 0.527
0.593 0.593 0.509 0.493 0.593 0.484 0.482 0.556
0.592 0.592 0.512 0.495 0.592 0.445 0.443 0.507
0.588 0.588 0.504 0.522 0.588 0.489 0.49 0.584
0.602 0.602 0.48 0.465 0.602 0.484 0.484 0.581
0.589 0.588 0.494 0.491 0.589 0.464 0.459 0.52
0.577 0.577 0.505 0.493 0.577 0.47 0.471 0.523
0.588 0.588 0.505 0.524 0.588 0.478 0.483 0.529
0.618 0.618 0.506 0.519 0.618 0.449 0.447 0.512
0.611 0.61 0.508 0.482 0.611 0.492 0.473 0.524
